-14.821720 -8.217604 -10.233641
-7.607411 -4.521463 -6.512685
-7.276092 -4.926937 -5.760105
-9.178870 -3.359506 -4.411135
-7.188768 -1.170318 -2.102013
-11.286920 -0.762101 -7.848893
-5.000057 -1.862609 -2.956863
-7.764003 -7.409296 -10.915026
-5.135185 -10.139568 -7.748665
-7.759072 -7.427520 -4.340813
-11.051470 -3.493583 -6.119418
-9.190444 -4.440149 -8.517556
-5.595527 -3.488868 -8.040610
-4.298755 -5.965817 -7.390880
-8.805201 -2.720358 -4.535649
-8.301931 -2.250843 -5.662442
-8.101242 -2.670525 -4.293918
-6.703925 -6.598719 -9.470896
15.363139 5.254174 -10.952232
