-1.399653 -3.073404 -18.108061
-0.600444 -4.550468 -8.404474
1.154445 -1.919244 -5.137646
3.476660 -2.325515 -3.060805
6.779113 -4.907306 -3.060213
5.616435 -4.574397 -1.748266
6.256867 -3.290124 -2.600713
4.584361 -3.191566 -1.631871
1.521964 -2.971676 -0.873846
0.978930 -2.513996 -1.346720
0.466581 -3.695157 4.395755
1.759987 -4.520403 4.966187
0.542969 -6.291264 7.184956
-0.668396 -4.181408 5.584212
2.276326 -3.019443 5.028472
5.084450 -3.488679 6.734418
3.303122 -4.003356 9.035119
0.898060 -4.469572 7.231052
8.362835 -3.353803 8.796580
5.302735 -0.509799 7.787987
4.548575 0.517947 5.868290
4.617323 2.590149 5.479982
5.513409 -1.490024 5.229757
4.300537 -1.392377 7.924128
5.152357 -2.965713 7.395342
6.176232 -1.971305 7.915821
1.164939 -6.636777 8.030147
0.615320 -3.777444 4.326070
3.445851 -3.718761 5.717723
3.265443 -5.917742 7.651247
5.573842 -1.401649 7.968729
1.891712 -6.428797 9.044921
1.337628 -3.732336 6.821744
-2.834798 -4.415047 6.708509
-2.810763 -3.741066 7.384482
-2.136109 -3.163892 4.695795
0.568327 -4.767614 5.736186
-0.198923 -3.340370 5.806945
3.017502 4.235778 7.110985
3.361794 2.446503 3.925255
4.432605 1.148731 2.123096
4.401591 3.750196 3.827613
4.436442 0.800919 3.145794
5.070078 2.304656 4.640177
2.811975 3.363842 3.793820
3.752078 2.270496 2.645662
6.109589 3.977837 3.915768
4.809637 1.697653 4.834895
4.672483 1.843854 4.093869
6.155794 0.511320 6.532575
4.473851 -0.728711 5.074218
3.124960 -4.570429 6.209944
0.602706 -5.060940 7.823605
2.248792 -3.072939 7.043993
4.761064 2.380401 6.401309
4.327330 -2.942879 5.761999
1.105517 -3.028528 2.848670
5.016112 0.356949 -2.006376
15.326800 0.186591 1.147486
13.238240 -3.262936 1.249639
5.801979 -2.857486 -1.336587
6.695976 -3.197861 -1.857905
7.824094 -3.981257 -0.683822
4.647791 -0.471475 0.771536
6.809354 1.328806 1.275347
10.416963 0.173755 2.446924
3.963245 -4.022727 4.930516
-2.409038 -4.221675 5.726774
-0.736734 -3.410906 5.976355
-1.061405 -3.538990 2.958234
-3.769164 -3.550481 3.195990
-8.810593 -5.263869 5.729141
-5.789567 -2.760659 3.341068
-9.312153 -2.836371 7.013098
-7.287964 0.255757 6.390269
-5.272938 -0.108711 12.222299
-5.421666 0.429807 11.177782
-8.423335 1.239193 6.890676
-6.588267 1.544180 4.530479
-5.935259 1.486865 5.930125
-5.791731 3.290796 8.268990
-5.863066 1.292533 4.037883
-2.844727 4.903198 2.776758
-5.461177 2.485260 1.875493
-2.955232 3.569556 6.611401
-4.593201 2.160125 3.956954
-3.328470 2.566115 2.946087
-2.716681 2.435118 3.508067
-3.370676 1.020720 0.523974
-2.921981 1.879871 -0.238377
-4.133895 2.594089 0.821210
-2.318084 1.362411 0.319214
-3.343530 3.714906 2.490858
-4.163968 2.771997 4.198199
-0.968739 2.596547 5.458672
3.620572 2.718111 6.803304
-0.470605 3.099226 9.245756
3.671853 3.090972 12.245980
6.725778 -0.019193 9.490790
6.309444 0.596496 2.258574
5.316099 0.343670 -0.088925
0.621777 -2.925316 -2.539509
3.223782 -4.236501 -3.283857
2.754552 -4.747390 -2.919022
1.493018 -2.977925 -3.430445
-2.466799 -3.275501 -1.632170
-1.518845 -2.611469 -0.069491
1.729269 -2.892213 -1.291142
-2.181774 -3.009575 2.142117
-4.719728 -1.652716 -0.515621
-3.248796 0.321118 -0.235453
-6.712673 2.519497 -0.650827
-4.577694 -2.853201 -0.604766
-4.763396 -5.284252 1.125640
-5.269402 -3.694844 0.038790
-4.497487 -7.416854 -2.697496
-7.883963 -9.308994 -4.048589
-5.321777 -6.496890 -2.558788
-6.216824 -4.223472 1.785477
-5.980202 -2.971355 2.448215
-5.387470 -5.351791 1.562234
-5.160964 -4.653574 0.891567
-6.095302 -0.294741 4.570019
-6.357685 2.537755 2.845605
-6.319069 1.883206 3.265984
-5.912537 0.469958 2.986736
-5.862366 0.997943 5.549731
-6.485348 -2.761548 4.984128
-5.998568 -3.112770 5.610178
-2.616559 -2.600096 -0.038583
-2.666141 -2.618589 -0.292477
-5.007862 -5.998992 0.400068
-4.660582 -4.556745 2.157602
-1.843437 -4.879648 3.684896
0.126444 -5.455822 5.779130
3.586449 -3.422210 4.518393
2.737137 -4.723351 4.857365
2.660225 -4.448460 6.646055
5.169456 -6.584760 4.968590
5.113321 -0.913150 9.212011
6.039420 0.378742 8.812563
4.963813 0.725649 8.591266
5.422392 -0.024678 6.810090
4.740602 -1.995839 4.856139
4.668233 -1.396837 5.438862
8.043738 -6.074051 4.765406
3.862947 -5.185237 5.743907
2.058037 -4.523341 4.513518
3.188010 -3.230263 6.758032
4.331657 -3.220887 7.087314
2.236487 -4.479134 6.458162
1.804900 -3.205597 5.112175
-1.262276 -6.454926 3.489438
-0.100446 -4.522304 2.506814
-2.294035 -4.300749 2.585574
-2.075539 -3.300756 3.345266
-3.160702 -4.820148 2.492480
-4.104349 -3.870963 4.411377
-6.064505 1.053478 2.664543
-6.004763 2.669895 5.387525
-6.682654 2.971353 4.829254
-6.671046 -2.632855 1.641988
-4.639887 0.085418 -0.592052
-5.202706 0.486451 -1.205203
-3.630113 1.087985 0.442700
-5.463092 0.420469 -1.225434
-2.882017 -3.200604 1.136932
-0.257219 -2.985487 0.308085
1.235807 -3.430508 5.224726
4.508945 -2.862828 5.675098
4.619401 -2.660799 5.058231
5.113422 -0.593388 4.711750
8.172769 1.274114 6.186009
4.825052 -1.057489 11.160851
6.208984 0.378533 6.934581
4.664870 2.093726 6.571277
1.613542 2.522587 4.010663
1.529336 2.624646 3.586889
-1.460618 2.572706 8.044025
-1.260536 2.811553 6.127759
2.181098 2.132084 3.097645
1.429766 2.249066 4.896333
3.140443 3.980171 5.502099
4.706650 1.506364 4.538718
5.744617 -1.285991 4.857144
3.428429 -3.040714 7.569481
6.533066 1.094080 14.082602
5.690830 -2.455137 12.399851
3.009686 -2.456660 10.779241
6.016306 -3.815791 11.514688
3.840815 -3.308767 7.306820
8.672083 -2.233440 4.533849
8.253715 -3.966745 5.370711
6.915094 -3.465448 -1.749895
6.727269 -3.348046 -2.170547
6.227635 -3.169918 -2.268747
7.706991 -4.551493 -1.275563
6.825500 -2.306604 -0.530793
11.448167 -8.957732 1.271738
11.601583 -4.900661 5.929164
11.719377 -2.915625 3.301594
9.191131 0.875610 7.153927
4.415684 2.852682 4.356150
2.773083 3.494334 4.389471
5.703221 2.017514 5.921239
2.361992 4.088357 2.315481
4.424305 2.488602 1.262569
2.990338 2.505840 2.307072
-0.553455 4.131591 7.029920
-0.556278 3.973390 7.005920
-2.630311 2.175449 5.202138
-3.916564 2.508117 2.004296
-6.091325 2.321482 3.207895
-7.063407 -2.761828 6.032826
-6.171264 -2.193726 6.478788
-9.440524 -1.833423 3.605368
-1.669620 -4.882806 3.264644
-1.848771 -4.774559 8.668154
-1.453321 -3.117849 6.189916
1.057323 -4.962651 3.813132
-2.012956 -6.639478 5.611638
1.822151 -5.225798 5.590189
1.678279 -6.566092 4.820586
3.705057 -4.982904 6.625356
11.109889 -9.296253 4.504207
10.029719 -6.635378 5.188107
9.249326 -3.921350 7.612663
8.047748 -5.331438 10.808533
17.655243 1.396210 25.181568
13.932181 -4.312505 15.066836
12.961720 -7.814487 19.301180
