-0.748747 3.523543 3.622211
-1.088007 2.347086 6.189273
-0.825284 2.706554 5.146086
-0.442664 2.700891 5.965583
0.182973 3.189627 2.909905
5.535420 4.387086 3.101713
6.693717 3.204021 3.926619
5.315356 0.772732 7.229056
4.215135 2.716775 8.601725
3.315474 2.421041 4.924343
-0.178938 2.997052 6.282054
2.854685 3.458254 7.704440
-0.205544 2.883979 7.253173
-1.527222 2.635003 5.176126
2.551736 2.733061 5.962477
1.129766 2.966084 8.257586
-0.762008 3.897701 6.340211
-1.842961 3.601058 12.680244
-1.202968 1.306383 10.967847
0.252810 -0.459816 13.281907
-0.695946 1.263241 12.374990
2.385392 -4.777075 10.380346
0.223619 -3.104019 5.992866
-0.109925 -3.393873 7.615884
0.723360 -4.721534 6.519420
-0.824763 -3.196945 6.143432
-0.951777 2.564598 5.269559
0.176479 2.644031 6.339932
-0.726836 2.456032 5.113759
-0.211260 6.159715 7.235661
-1.040658 4.713702 4.130792
2.516398 2.861948 3.782999
4.471277 2.620027 4.948160
4.659017 0.511311 8.902301
-0.422476 3.413349 5.763893
1.821424 2.604517 5.366288
2.104177 3.783666 8.255411
-0.725445 3.252315 6.568872
4.749099 1.995404 6.049717
6.519104 -1.468451 6.339479
7.731816 0.180021 9.776647
4.796695 -2.277614 10.730691
0.779270 -0.809396 12.479514
1.621836 -0.791676 11.863474
6.269008 -6.028696 5.323542
2.769767 -6.176775 4.520528
5.727422 -5.833172 8.975183
1.257647 -3.848663 7.879110
0.585327 -3.579786 5.335694
0.881591 -3.442819 6.090542
2.608746 -2.907401 5.786050
1.621014 -6.262492 7.653646
1.987673 -3.668893 5.707525
-1.681797 -3.826631 8.443265
1.762602 -4.036026 10.274261
0.054753 -4.262614 9.278479
-1.854548 -3.739323 5.832592
0.790172 -2.794613 11.287638
-1.397031 4.942436 5.878747
-1.043186 3.424798 6.014671
-2.199350 3.463052 6.880103
-2.295388 3.833005 8.431233
2.427479 2.960091 5.976220
-0.678206 3.517283 8.619972
0.764609 3.525575 7.187610
0.660659 2.149465 8.175648
-1.799524 3.397667 5.242540
-0.464835 3.052543 5.011215
0.642369 2.222980 7.822780
0.412473 3.139348 10.231090
0.992680 2.707481 2.472279
1.800042 3.416868 4.416587
-1.342170 2.681183 8.843532
-2.133564 2.636192 4.061696
-2.865782 3.884004 2.656542
-5.991951 4.292272 8.823199
-6.557998 4.626583 5.995711
-4.253902 4.289474 10.357005
-2.384297 6.014842 8.283506
-2.001599 3.171697 7.683101
-1.210345 2.811911 4.251783
-5.721996 4.628960 8.325462
-4.166539 2.299800 6.303518
-3.694008 -3.155956 7.342876
2.131546 3.292926 10.063488
5.824190 2.868999 13.347916
-1.378664 8.666879 14.518545
0.156672 3.505681 10.697294
-4.213871 3.163416 9.338490
-9.253615 1.631948 9.306181
-6.581180 0.854232 8.305664
-3.939491 2.879518 4.910506
-4.637101 2.847209 8.071444
-3.458075 2.425023 3.990493
-4.346689 2.231182 4.318202
-3.536813 2.625585 6.042063
-2.386667 2.612097 3.106002
-1.677772 3.888787 6.114747
-1.846549 2.809352 5.701173
-1.351933 2.188295 5.678221
-3.779301 3.584344 6.542967
-3.844843 4.278913 5.598962
-6.341060 1.462174 7.480162
-6.113834 -0.991115 8.766362
-6.937662 -1.223655 3.127204
-9.471110 -0.146956 1.857435
-4.254355 -1.887860 -0.021620
-5.386401 -1.806998 -2.082096
-3.822084 -1.644324 0.380752
-6.390910 -0.810961 0.514493
-6.005179 -0.000046 4.298264
-7.792961 -2.856742 3.441906
-5.730638 -1.112185 5.423562
-6.789911 0.125472 3.969007
-7.089492 -1.138493 4.529709
-5.879782 -3.293749 3.069474
-6.003159 -2.206159 3.058842
-4.592487 -4.676410 -0.746266
-4.695974 -4.166164 2.088299
-4.522128 -3.627294 2.563033
-5.164274 -3.386965 3.457553
-2.094373 -3.184444 1.644220
-4.022423 -2.517060 -0.878115
-4.308970 -2.245152 -1.165851
-6.575049 -0.521298 0.907874
-6.000015 -0.717930 -1.376831
-3.261558 -1.337951 0.441966
-6.384365 -2.405588 0.061741
-5.153595 -3.357694 0.949056
-6.167168 -5.270927 0.482133
-4.790725 -5.918169 0.688276
-5.666265 -7.264954 3.802498
-2.978264 -5.836420 2.503445
-3.825454 -3.998047 3.447600
-2.118201 -5.079848 3.609269
-2.773499 -5.110970 3.744829
-2.957698 -3.230999 7.581987
-1.640291 -2.911567 4.944620
0.165631 -4.697507 4.093272
-0.301956 -3.316082 2.874893
1.615912 -4.352792 6.352521
2.215447 -3.247654 5.253049
-0.949509 2.322417 8.548853
-0.706913 3.608787 4.166700
-2.893421 2.305889 7.498863
-1.132693 3.680084 3.611270
-4.238760 2.599762 3.653757
-3.493629 2.293905 5.605581
-6.623283 3.475359 5.633611
-6.099608 1.246542 4.949362
-5.842276 2.655169 3.230479
-5.640280 2.180213 3.704427
-2.567749 2.439364 5.257338
-1.642234 2.149127 6.797397
-2.704860 2.274320 7.226543
-2.327693 3.154165 5.875219
-0.111616 2.292662 5.540920
0.187978 2.130902 7.371052
0.839873 2.516004 5.316144
3.946344 3.200804 7.501332
4.628617 2.773458 11.276598
1.936873 2.767612 6.397060
-2.905658 3.551904 6.685104
-4.937786 6.083793 11.324560
-2.847114 3.876476 10.319798
-5.527944 2.655110 5.016763
-7.425073 -0.076666 6.503567
-5.823281 -1.999678 4.753597
-7.391213 0.973547 8.209413
-6.873572 0.768953 4.041026
-4.948046 3.315228 3.249974
-4.972094 2.156475 5.191500
-1.621805 2.323090 5.995328
-9.008480 2.808643 2.854177
-5.951042 0.215852 4.763261
-6.222335 -1.694808 -0.243598
-5.823761 -0.422520 -0.250206
-5.116695 -2.935948 0.269685
-4.493309 -4.572366 1.146352
-7.178014 -4.171652 1.653983
-4.229017 -3.930359 4.184149
-4.849590 -3.854878 1.804212
-2.624180 -4.343321 6.637854
-0.592517 -2.926762 5.071349
-2.220486 -4.388374 6.522621
-1.081966 -3.080510 3.884647
0.776108 -3.870416 8.746410
-6.608587 -4.533628 11.328169
-5.158948 -4.042171 8.911666
-3.412889 -2.974525 1.899557
-1.928127 -3.144957 2.829455
-1.930872 -2.994246 1.233831
-3.364498 -3.151857 1.014265
-1.217565 -4.417726 3.164332
-1.205924 -4.200358 3.970235
-3.432666 -5.269274 3.397079
-7.842053 -5.746791 5.398044
-6.308497 -4.486946 2.333624
-5.832333 -6.354442 0.173972
-5.034857 -6.349967 1.096491
-4.869518 -4.404783 1.413861
-5.718264 -3.942565 1.825020
-2.537525 -3.747417 5.977298
0.588889 -3.165381 7.339252
-0.432585 -4.341855 5.612833
2.265715 -3.830082 10.120881
-0.662029 3.408683 13.408952
1.102850 4.365732 12.472019
-1.064437 3.380548 5.457221
-0.984784 3.072957 6.128425
0.244646 3.204863 6.621650
0.234491 2.234284 3.993469
3.709313 4.157453 4.012172
4.792459 1.197721 6.856978
3.932062 -0.333283 12.361770
2.175702 -0.648809 12.021091
3.408237 -3.215659 9.562555
4.312567 -1.598518 7.466036
4.864654 0.172728 8.612267
3.823330 -3.262907 6.518404
-1.959836 -2.898596 5.148736
-2.326950 -3.535462 7.140066
-5.332931 -4.886326 8.221978
-1.185715 -3.769368 6.259193
4.490306 -2.593471 10.082064
5.768599 -3.080990 6.702193
4.658942 -2.582345 6.252798
2.049385 3.236415 7.402091
3.539244 3.591981 5.585558
0.210205 -3.392985 9.595925
-0.428909 -3.560583 5.645569
-1.355674 -3.866329 3.951632
-0.449238 -5.216402 5.168665
1.030947 2.643004 4.225659
0.008007 3.123100 3.653055
-1.483974 3.374213 3.577495
1.648724 2.915350 6.482877
0.700593 2.230229 4.902577
4.436636 1.522501 9.872027
4.323723 -1.600007 7.389929
5.079369 -0.023123 7.245728
4.253701 -4.050045 8.068772
0.979293 -7.149053 12.360606
-2.632726 -2.271312 12.117889
