2.667525 -4.995490 14.919877
-0.355800 -3.146811 9.317393
-3.754494 -3.660516 3.609665
-5.637989 0.525419 -0.743048
-5.886024 4.804064 0.185498
-7.771831 -2.488581 4.654606
-7.181330 -0.546113 3.616970
-6.222062 -1.289270 -0.505789
-4.645102 -1.393992 -0.341726
-7.412953 -2.798903 2.732126
-7.477879 -1.095101 3.814702
-5.987611 -2.315242 3.044315
-5.690676 -3.607180 3.808942
-7.597059 -1.898841 2.955945
-8.668763 -0.711676 9.108339
-4.970518 -3.782400 9.106265
-8.840319 -4.369466 8.888484
-1.378361 3.170786 7.846508
-1.973422 3.526001 3.681939
-3.121776 2.642333 2.419559
-3.620303 3.179263 3.435613
-5.916284 2.295136 6.094553
-5.735271 1.312146 3.530540
-7.687600 -2.592111 6.529130
-7.089966 -3.556813 5.873213
-8.906583 0.882984 4.694574
-6.729194 0.248218 7.613180
-6.066696 1.442787 6.326024
-10.583885 2.879012 9.308330
-5.473894 2.337101 5.261440
-5.047275 2.380255 2.229940
-3.814483 2.475938 3.815246
-3.659083 3.777853 4.915691
-2.684868 3.822854 5.132343
1.525062 4.593108 10.875267
0.828986 7.050727 6.801535
2.124810 3.430213 4.152098
3.397583 4.156902 5.130898
4.449045 3.882190 4.120157
4.623353 0.981924 6.122935
2.017730 6.516407 6.779318
0.722905 3.451893 8.032574
1.066957 2.144906 5.485095
0.106191 2.770681 8.668929
-2.310602 -4.117017 6.791167
-1.893989 -4.056852 4.828578
-2.546317 -2.900091 3.788022
-3.216803 2.277572 13.273636
-1.398154 3.152513 9.251724
-0.249103 5.855513 7.323924
4.734013 -0.452399 5.566071
5.007100 1.401502 6.002186
4.556026 0.642412 6.570103
3.981852 -4.452122 5.337669
4.212519 -5.256615 4.732837
4.782562 -4.644553 6.894574
3.047274 3.160119 8.909470
4.011859 2.628038 7.944600
-0.262841 2.195791 5.018620
-1.628252 3.170750 5.684756
-4.915669 3.654432 8.837898
-5.820981 -0.069600 5.394279
-7.326018 3.828827 5.737460
-5.528762 2.629759 2.338714
-9.866672 4.186430 2.859856
-5.651588 3.337919 4.591023
-2.985693 3.136917 7.722639
-2.899500 2.359973 7.258409
-4.264046 2.136512 7.429669
-0.526742 2.868184 8.554658
-3.827482 2.453720 6.334707
-5.361531 2.851624 5.920022
-2.959476 3.274558 5.691501
1.594316 4.968079 6.644652
0.574425 2.581101 6.881217
0.278987 3.889726 6.241012
1.234874 2.587778 7.767207
1.685613 2.544467 7.056201
2.937450 2.974427 6.225818
3.426711 6.511537 5.284166
-6.740419 -0.765137 4.818088
-9.133438 -3.696436 6.589676
-4.736728 -3.710663 2.942388
-0.832018 -3.256947 8.890295
3.222702 -4.723304 6.560922
3.051051 -3.362147 6.498857
-3.797377 3.574296 6.729009
-1.713248 3.215411 6.375184
-0.853100 4.292433 6.297870
-2.846223 3.815296 6.218315
0.369599 4.661759 6.117287
1.900368 4.333024 6.919504
-2.353859 2.370350 4.864256
-0.163971 2.658577 6.428630
2.730644 2.862351 4.967041
2.895398 2.149678 4.516074
7.064519 3.791320 5.282047
4.589972 0.263079 5.772610
6.949010 -4.641886 5.839385
7.138407 -5.227563 4.538994
2.955839 -4.318965 5.333002
0.105989 -5.101821 6.585670
-1.800624 -3.177992 2.710776
0.667817 -3.492030 3.865107
0.324930 3.272960 7.105203
-1.843125 2.883685 7.623017
-2.494282 3.233426 6.103214
0.447232 3.153672 4.673018
1.307670 2.599062 6.553204
0.826191 2.602963 9.468695
-0.593974 3.823360 8.494271
-3.823031 6.150015 8.296666
-1.541864 2.492243 5.165934
2.459150 4.505674 9.180181
1.612465 2.701871 7.060850
5.859205 1.922688 8.869896
4.332668 -1.121404 5.108825
4.613853 -3.686998 5.190496
4.439629 -3.933171 6.400949
7.639205 -2.035462 6.535013
5.542056 3.899482 6.367586
6.393935 1.136106 6.190877
5.073063 -0.588269 2.863215
6.495884 -5.048914 -0.673812
4.735756 -6.188667 -4.230879
4.264473 -2.515809 -3.200958
4.937418 -2.338423 -0.701636
7.903999 -3.309884 -2.021986
4.888614 2.209810 1.850581
4.903043 0.928543 3.071701
1.800410 -0.366782 0.677360
9.432471 -3.441830 -2.735291
7.161664 -1.635549 -1.945250
6.523078 -0.583114 -0.102184
4.203280 -0.272906 -1.610960
2.652303 -7.051977 6.462558
4.727906 -8.380083 7.117979
7.959114 -2.598279 6.231234
8.563084 -2.455338 4.504140
7.549300 -4.576599 9.771693
6.901571 -6.069350 7.012162
5.287686 -5.038125 4.828034
3.013100 -4.480642 5.399705
3.085129 -3.403035 9.789138
8.413108 -1.581878 6.141137
9.082557 -0.039387 6.006504
5.219054 -2.101928 8.439988
4.298260 -2.175759 8.956579
5.749806 -3.607299 8.880019
1.913432 -3.636982 6.089219
3.074561 -4.627403 5.894859
4.482691 -2.855236 8.991265
4.798703 0.233973 4.959185
9.079143 -5.914177 7.186099
3.955873 -3.402510 6.360117
3.692964 2.886418 3.983861
1.698636 2.203446 3.053449
2.290230 2.254271 8.100890
0.918167 3.087778 4.284460
1.247075 2.474469 7.185194
5.103955 -1.496505 7.507107
4.742406 2.149346 6.611091
0.321387 -3.017866 8.903564
-0.936230 -4.655879 10.475595
-2.972510 -3.413157 7.352187
-0.105543 -3.281861 5.176758
1.625918 -3.245863 5.482723
1.501245 3.387179 4.440234
2.148434 3.071169 3.649442
3.254237 2.201258 2.653033
0.103249 2.134362 6.090882
-0.485558 3.208543 7.648654
-2.289616 4.515153 7.742115
2.074642 2.121531 7.101581
2.327674 3.704097 10.064589
1.202109 1.742530 10.953914
-0.257302 2.769226 3.745227
-0.597954 3.702253 2.739722
0.279652 3.502119 5.101079
3.668051 -4.675108 5.287307
4.322893 -4.276627 5.631183
10.168461 -5.408666 8.608535
5.836149 -5.913463 6.175115
3.520382 -9.816551 4.728653
4.451593 -2.373602 5.793489
5.809076 2.872456 5.778489
5.017100 3.507866 2.621769
3.395818 4.917826 2.110595
1.998284 5.357956 5.037471
2.379994 3.136664 5.944247
1.845858 3.358009 3.312874
6.231509 4.761523 5.314711
5.634186 1.254674 7.857504
5.428063 2.630595 6.610919
2.778823 2.279344 4.336338
-1.069189 3.926954 3.987690
-1.249271 2.364576 5.359503
-4.183057 3.945739 3.576222
-5.545975 3.041639 0.827166
-14.722313 4.503061 -1.904150
-16.993576 11.335133 -7.743792
