-17.726217 -8.647491 6.536257
-7.266665 -5.535792 5.545807
-7.682848 -2.294030 3.110300
-7.606647 -2.750324 2.147384
-3.997216 -3.205757 2.152021
-5.086673 -4.041962 5.298243
-6.851513 -1.085088 3.840358
-6.401171 -0.965833 5.567948
-6.074922 -0.951029 5.709870
-6.541736 0.479783 6.319217
-6.868428 0.038395 4.298805
-9.793805 -0.634625 4.175816
-6.410406 0.972003 4.617160
-5.843306 -1.421017 4.656597
-6.088935 -3.032726 5.869390
-3.348439 -2.888908 6.825183
-4.766819 -3.863067 4.929840
-5.691904 4.319693 2.743223
-4.768282 3.723664 2.826212
-6.755894 3.216519 3.296873
-4.479319 4.280916 5.125390
-3.351804 3.658309 6.151597
-3.410213 2.559803 3.736577
-4.427740 3.110817 7.095459
-5.843808 2.706525 3.982392
-5.793566 1.913764 6.395499
-9.587884 2.745644 6.907488
-5.225702 2.460971 7.444228
-4.240593 3.358102 3.322092
-2.617371 2.855248 3.812917
-2.351650 3.982008 1.664974
-1.685669 4.788326 2.111559
-5.705644 2.232551 5.027129
-5.454027 2.341982 3.207321
-6.647258 2.139785 1.943485
-6.716068 -0.989513 0.174275
-4.728925 -6.660392 2.971057
-5.530574 -7.713941 1.805397
-2.486661 -6.448007 5.811677
-2.745239 -3.977403 2.738263
-2.949481 -6.063863 4.317217
-5.452494 -4.949275 1.718919
-4.682448 -4.563190 0.180953
-4.807336 -2.675789 -0.256628
-3.784631 -2.453002 0.708546
-3.384447 -1.353567 -0.427215
-0.789488 -2.521514 -0.470285
3.692542 -2.407494 -3.972469
15.867639 -3.512364 -13.886335
