6.044017 -19.300959 4.560710
5.025294 -12.118965 0.219006
3.585359 -10.916060 -1.566709
5.145776 -9.721893 -0.827607
7.929358 -5.805622 -0.922762
5.993500 -6.627741 -0.599214
7.646630 -1.154764 5.091075
6.016988 -2.162608 6.040313
4.622903 -0.290113 5.008651
8.473355 -3.496495 6.120451
6.342352 -2.825253 5.169782
5.269815 -2.358185 5.496677
2.883121 -5.469755 7.345823
4.321543 -7.418769 5.918080
4.310756 -2.829807 4.629688
-8.710062 1.976694 7.342143
-7.390971 1.669668 5.861253
-1.585676 -3.280860 6.403088
2.781263 -3.948481 7.337134
1.389650 -3.565083 13.164375
-1.762387 2.438053 8.833073
-4.496136 4.256140 7.668243
1.340154 2.569780 4.134072
-0.667270 5.159979 7.487555
-0.620353 2.134049 4.267948
-1.325925 3.802131 7.163287
0.953187 5.465246 10.925812
3.113856 2.221989 6.768733
4.995352 -0.549868 1.230136
8.230926 -0.704097 -2.457817
8.303235 -6.782824 -1.790906
9.745956 -2.808069 -1.256419
10.262683 0.689713 -1.099135
6.581198 -0.353738 0.369159
10.544576 -0.583019 -1.796702
8.353928 -7.635792 -2.742446
6.995806 -9.778394 -1.545809
12.400715 -4.265925 3.814991
0.750925 -4.223044 3.529594
0.797369 -3.787992 4.669479
3.080851 -3.603208 4.813112
12.286351 -5.787224 -2.954113
11.163771 -7.062972 1.104252
7.004900 -7.321050 5.910344
7.428814 -10.014071 11.327338
4.393736 -4.945744 6.990164
7.957986 -2.142626 5.008446
2.795478 -5.591815 9.102870
2.508446 -6.387748 8.932766
3.460948 -5.858279 6.460044
5.538882 -5.836173 4.875644
5.793619 -2.349633 5.356478
4.228191 -8.701731 5.142029
5.971279 -14.654083 4.207699
6.504164 -10.712812 4.795645
6.174879 -13.748330 6.764935
5.491912 -12.667110 4.591757
7.655537 -17.537214 9.341082
2.157281 -14.860140 11.857033
3.574869 -3.940413 6.385274
5.939342 -6.772000 6.253010
4.958028 -1.160759 6.341175
5.351288 -1.466447 7.675139
6.910274 -5.599930 7.914249
4.173830 -7.056385 5.260207
6.614873 -4.093792 4.532113
6.586208 -3.286893 4.639159
4.615685 -3.323845 4.648993
2.959065 -3.175128 -3.502504
0.643486 -3.066794 -3.509972
-0.005934 -4.264692 -4.705758
2.030319 -3.540830 -4.765310
3.823163 -4.913279 -2.977009
2.356450 -6.695881 -3.739652
3.521054 -2.302895 -6.271093
6.485675 -6.224092 -2.060485
3.064718 -5.485878 -4.682201
2.209185 -4.033229 -2.694926
1.796528 -3.639506 -2.922593
1.076226 -2.035366 -2.287430
3.197907 -1.367600 -2.223142
3.923286 -3.227352 -1.831458
5.787810 -3.309807 -2.552777
3.760018 -2.268800 -3.142340
3.509264 -2.650406 -1.351025
4.007563 -1.018663 -1.816363
5.850661 -4.301431 -3.520481
4.673310 -4.070446 -2.834416
7.395470 -3.106316 -2.172764
6.385809 -3.955248 -2.476884
8.471360 -3.073360 -1.479981
7.176802 -4.913685 -0.671180
6.328809 -4.481897 -1.715625
4.947830 -3.736671 -4.770079
2.894438 -4.672337 -5.321002
3.618481 -7.145611 -4.683145
-0.337731 -6.551169 -3.140998
0.922197 -6.918035 -3.431408
1.995947 -4.101800 -3.103101
4.069674 -3.510296 -3.465724
1.931666 -2.638324 -1.638462
1.372742 -4.854281 -4.845941
4.398055 -1.671066 -0.806339
10.702166 -4.572887 -1.198724
7.180300 -3.318653 -2.511189
5.306631 -2.904231 -1.239577
7.459813 -3.776777 -1.294547
6.005044 -3.969172 -1.639379
9.131855 -14.954127 -1.418544
6.898229 -5.389436 -1.420732
12.016813 -4.268630 -3.008568
5.198776 -3.113580 -1.039101
1.793926 0.007381 -1.988107
2.876894 -0.955431 -3.896923
7.103651 -4.126342 -2.850497
12.377383 -9.054684 -3.111431
6.198673 -4.581211 -3.657500
5.595684 -6.361228 -2.835999
7.703964 -8.683484 -1.101006
6.397782 -5.272628 -1.877849
3.362012 -3.021334 -3.452061
3.146688 -4.106546 -2.724149
2.271375 -3.105490 -1.346773
4.732644 -0.778008 -1.407765
2.284276 -2.858465 -2.916291
3.275456 -1.085038 -2.718388
4.273892 -4.737942 -4.082632
5.077145 -3.065735 -2.319838
4.660483 -2.311799 -1.330369
7.323341 0.091401 4.845938
5.710073 -0.305701 1.998869
4.601373 -10.678444 0.831751
7.876201 -7.389022 4.573181
9.846127 -7.013932 5.407914
5.815013 -11.650393 0.696588
8.546918 -10.783741 -4.886665
10.032000 -8.218738 -1.116885
5.693895 -5.129047 -1.811895
6.008571 -3.448662 -1.482744
6.572819 -12.267332 1.245831
8.268495 -12.694902 2.378696
3.844088 -13.996739 -1.405821
2.707614 -9.023736 -2.229497
3.622124 -4.700484 -4.509063
1.433810 -2.773387 -2.939028
1.924389 -4.402216 -4.669068
0.660045 -4.484494 -2.856241
3.150158 -8.622229 -0.809608
9.751971 -4.307204 8.847618
6.865348 -4.593669 8.985695
4.523661 -4.948452 4.876009
7.345263 -7.951697 4.813425
9.360839 -17.021503 3.844656
13.620947 -15.833834 2.324550
13.213718 -7.046837 0.493690
12.626965 -5.375318 1.159874
11.766017 -7.307002 -0.547410
6.391651 -4.916409 -1.127037
5.632402 -5.351468 -2.225673
6.003418 -5.612373 -1.908540
7.390708 -8.033007 -3.352669
3.598197 -7.048494 -3.720882
5.609685 -7.411247 -3.974401
2.798061 -3.210472 -3.484105
4.509154 -5.788391 -3.190041
3.679890 -2.882061 -4.354578
2.239600 -4.225534 -2.744778
2.253447 -4.513962 -3.793395
3.331960 -3.590975 -2.694917
2.641558 -2.231471 -2.995257
2.603374 -1.745095 -1.131682
1.087734 -6.632409 3.110728
-1.600106 -4.850792 6.824931
-0.254968 -3.131497 6.201313
-1.281531 -3.224743 2.925564
0.006595 -2.898002 4.557890
1.420463 -3.136101 4.578767
0.913800 -3.430484 5.546819
1.123604 -4.431849 2.799466
0.108001 -5.933442 3.905638
2.887553 -3.481699 7.952562
1.516637 -4.162230 5.853047
6.068748 -2.705633 5.255011
4.470436 -1.863276 6.586700
5.730582 -3.033062 7.906152
0.666419 -5.257634 6.443717
-0.614961 -4.137596 8.030696
-2.835084 -6.587486 12.809525
-2.015522 -3.114809 7.534966
-6.108192 4.274147 9.724329
-2.193484 2.211931 8.861506
0.777945 2.524198 4.678618
-0.937128 4.960357 7.717970
2.078603 5.602353 4.451973
5.324153 3.345750 7.199967
2.327765 4.169528 9.572894
-0.280105 2.593159 3.425464
1.187701 2.766912 5.432209
6.186112 1.511359 3.823020
5.057947 1.120718 4.542919
5.901377 0.262064 1.867098
5.695307 0.097534 4.178262
5.134170 0.344351 3.885281
1.055163 -1.618493 -3.350757
3.216091 -2.257608 -2.149877
9.151385 -15.944910 -1.200910
4.432592 -14.221096 9.306010
4.037627 -10.175145 5.246388
7.641385 -9.297620 5.612776
4.008707 -12.034869 4.194113
14.074097 -10.693695 0.849555
14.546671 -15.574410 -5.957435
4.578782 -9.255082 -2.785120
3.533075 -2.966167 -2.276238
5.747856 -7.140408 -7.508879
6.764235 -8.627884 -4.615644
4.541968 -8.362220 -1.130742
0.552425 -8.630536 -4.075490
0.866224 -7.542833 -2.970496
2.285724 -11.469979 -2.095128
3.690712 -5.748179 -3.244729
4.668322 -8.518054 -5.628820
6.239249 -7.585841 -2.618545
6.510109 -6.097379 -1.261838
4.074307 -4.241611 -5.141334
1.560902 -5.197595 -4.046135
-2.212787 -3.033329 -3.517090
-4.195105 -3.163391 -0.242825
-3.045143 -2.469093 -1.148716
5.887910 -12.799375 2.990440
11.281083 -8.471334 2.555857
5.102985 -4.668696 4.929679
6.758872 -3.950528 5.811126
10.417119 -18.368549 -0.578615
12.411742 -7.598533 1.129278
9.735064 -9.414827 4.664683
9.366328 -6.725842 5.187829
10.487535 1.871913 8.137006
9.667442 -2.298822 8.327949
18.194353 2.105327 7.258083
15.538854 -2.001962 3.653048
11.213254 -1.858612 3.503243
4.942638 -3.145924 4.924819
5.125410 -4.460714 4.701318
2.792806 -4.156923 4.558192
2.697210 -8.988848 5.002449
6.291276 -2.133951 -3.150435
4.702488 -0.741078 -5.138180
4.157022 0.812577 -1.175379
5.621542 1.757855 0.932623
12.013877 -0.814157 3.334781
11.133574 -4.993446 2.298503
12.343418 -1.673571 5.228750
11.675695 -2.943834 1.364345
6.821517 -0.648948 -4.573590
8.428046 -4.518438 -5.508164
5.779427 -1.637258 -1.305612
3.320220 -3.037572 -1.688482
7.257211 -7.679151 -2.071856
8.870932 -8.468238 -0.858331
8.956820 -7.858960 -1.639530
-2.173159 -5.207307 3.305937
-1.961936 -5.379929 3.921090
-3.482061 -5.887021 7.076169
1.951418 -6.456369 7.691717
-0.267608 -7.677011 6.356618
4.098802 -5.564776 8.454164
5.130054 -2.167847 5.801639
5.376965 -4.625461 5.263593
3.505201 -4.694118 5.257682
5.035746 -2.271859 6.046537
4.756417 -0.686090 7.030488
6.343289 -3.098141 11.461763
0.585413 0.597858 12.317562
0.546759 -4.068004 2.460412
0.990442 -3.975012 6.560544
6.217240 -2.167471 -4.062681
3.914649 -3.274881 -1.637940
4.567430 -2.901730 -0.884389
3.765770 -2.949926 -1.522808
3.343369 -1.731252 -1.738565
3.386903 -2.714054 -1.905388
4.234601 -2.150315 -2.535324
2.926975 -1.966742 -2.269123
7.753820 -4.298101 -1.225614
7.443169 -6.340892 -2.341712
4.009368 -4.228436 -3.791728
4.966340 -8.075251 -4.737676
4.210722 -5.522180 -8.051064
5.462096 -3.884534 -5.388658
7.452534 -4.245189 -4.585490
5.751516 -2.820786 -4.212149
2.350577 -3.248713 -1.344774
7.901010 -3.223700 -7.201513
6.016920 -4.321071 -4.090431
8.933075 -4.740383 -2.293707
6.177377 -5.889770 -2.735332
7.076918 -3.668858 -1.244356
6.163519 -6.540577 -2.083826
10.193921 -9.812266 -5.886014
5.522353 -3.129685 -1.951646
4.445181 -3.176755 -0.612372
6.240756 -0.113247 -0.572314
7.707172 -2.139006 -0.892478
13.157801 -0.147241 1.451531
17.726364 2.623007 1.994572
11.945950 2.803588 5.002967
12.714215 1.425646 3.519344
11.391178 -1.129770 1.486598
10.698538 1.601235 3.024624
7.452945 0.521213 0.628355
8.190242 1.346675 2.772184
4.965756 -0.216089 7.810788
4.449421 -2.439217 8.052356
4.314830 -2.309098 9.352953
4.761211 -2.950177 5.441787
3.830868 -4.169366 5.264530
2.291122 -4.223197 5.529256
-0.334192 -5.135828 4.203884
0.988931 -3.111903 4.081656
0.266172 -3.135877 3.976861
-1.923925 -3.002342 4.628413
-1.380875 -3.348495 7.425182
3.506775 -3.074767 4.720981
4.660138 0.605433 7.576352
5.940338 1.745632 7.786009
4.523606 -0.602341 4.056350
4.443407 -2.155302 5.877285
6.810680 1.042546 4.318616
4.387973 -0.484326 1.811271
5.208855 2.175007 4.722431
3.128222 2.748784 4.630356
1.841220 2.412220 4.985083
0.435989 2.864968 7.062953
2.216773 2.884995 2.783280
3.433091 2.594307 0.590801
3.833460 2.141719 1.360415
2.051107 -3.523585 5.483416
1.128772 -4.540625 5.272852
0.705405 -5.466854 4.046477
2.485021 -5.077796 8.730412
6.106445 -2.547290 7.532345
7.663698 -5.427728 6.150275
4.006503 -3.736534 4.894826
7.378712 -4.719291 6.974352
4.294673 -2.381388 6.905001
5.497768 -3.762661 6.348198
6.677556 -4.285054 6.577916
5.316392 -2.342469 5.972829
5.387875 -0.342987 6.359244
6.725810 -0.590241 5.111271
6.979881 0.130810 3.604362
7.696160 -0.415694 4.337933
4.434724 -0.015520 7.894056
4.618111 -2.783453 5.437275
4.749917 -0.076163 7.702369
5.309662 -0.017146 2.176398
7.660930 -0.310606 -1.238180
7.927613 -2.155523 -0.730891
6.343400 -2.752223 -1.347320
6.134448 -1.481828 -1.672390
5.811924 -3.157049 -1.418809
5.960387 -3.549939 -5.221673
6.155897 -4.977577 -2.449659
6.601201 -4.543343 -1.157360
9.871057 -7.958917 -4.189372
12.444690 -4.131743 -0.207144
7.494836 -0.226036 -3.116971
6.716076 2.079245 2.370065
9.186147 -0.939022 4.952634
6.778255 -0.466307 7.110439
9.800362 -1.012968 10.757748
8.604200 1.957053 2.076654
6.454315 -0.475774 3.920998
6.206320 2.926421 7.739352
4.397755 1.082299 5.926149
4.471548 1.428140 2.009067
5.177382 0.324251 1.978241
3.801084 -3.304725 6.323239
3.136710 -4.616433 8.329173
1.651585 -3.098951 4.821280
1.892365 -3.909499 7.507764
0.564982 -6.032979 9.152508
0.585566 -3.579993 5.798810
3.882973 -3.613788 10.774101
1.394439 -3.680078 6.034591
0.356832 -3.984824 4.892392
4.368509 -1.424223 5.390311
5.455003 -1.947878 4.564368
4.346279 -4.280404 6.741441
2.576564 -3.682434 5.475420
5.071948 -3.244254 -1.771438
5.397591 -2.560501 -1.174951
3.280797 -3.848740 7.180158
0.024666 -5.029685 3.175283
1.106115 -5.347609 3.134075
4.190823 -4.676903 6.431557
5.720889 -4.115853 5.348972
0.143936 -8.401327 5.336190
4.831636 -6.081081 5.068433
-0.837920 -3.902524 3.597267
-2.583654 -3.248201 4.613811
5.673182 -4.725463 5.025310
2.677375 -3.294773 5.220668
2.290607 -3.225660 5.248055
2.630876 -2.931229 8.881238
2.995167 -5.660785 6.941730
4.090413 -3.919026 9.100062
4.828764 -4.466409 5.240979
2.877348 -4.725497 5.749163
0.702800 -3.169032 6.702603
1.026784 -3.742071 2.561584
0.508727 -3.640723 3.472313
-1.089484 -4.092875 2.677797
-8.625464 -3.373008 7.825572
-5.770082 -1.247419 7.518965
-6.601875 2.022655 7.714618
-7.886047 2.541788 9.253881
-3.896208 2.426606 5.198286
-3.105280 -3.702689 6.458924
-6.221893 -3.511175 8.455151
-2.137696 -4.760393 10.028090
0.610951 -3.033270 6.315933
1.644557 -3.467577 5.845970
1.563181 -4.050905 5.933727
2.454949 -3.253004 4.687104
3.328803 -5.987897 5.282606
1.621625 -2.936318 5.137942
3.813559 -4.791984 5.112502
5.294858 -5.638404 5.539866
4.607464 -3.719343 5.455536
5.107352 1.546885 3.620642
4.352205 1.062775 4.668742
4.744894 1.770677 3.252347
4.380853 0.128507 2.604819
4.048958 -4.558270 6.301039
3.609681 -3.663920 4.969198
-0.343759 -4.121935 6.248001
2.163906 -4.425347 6.969653
1.709143 2.662107 5.331586
-0.509200 2.760097 5.405800
3.982604 3.179468 2.316089
3.726560 2.209700 4.769151
6.388540 6.128650 4.418554
8.579787 1.167550 2.808150
5.151878 -0.482370 2.856274
5.170649 1.668016 5.189986
5.511465 -0.248804 -0.400522
5.467877 0.508506 2.281264
6.025638 -0.186749 11.633671
5.665599 -0.225815 4.538795
4.789461 0.250628 3.418092
4.894945 -1.225714 5.525636
4.449363 -2.520915 5.172816
5.185997 -3.911315 5.792385
6.504276 -0.585502 7.332166
4.782454 -3.344759 7.181956
4.383340 1.796323 9.915009
2.170670 4.132954 7.076043
1.865187 2.520520 7.887536
3.542474 2.482207 5.727369
1.208938 2.903308 7.489380
1.903511 2.871681 9.098125
5.397211 4.216859 9.473628
-1.257900 0.235243 11.511681
-5.363805 -1.104877 12.251851
1.720888 -4.068599 8.770336
-2.673867 -3.410175 9.698967
-0.337244 -0.313544 11.786773
1.464985 -3.021897 10.232770
2.393092 -4.587866 8.586936
1.056171 -3.018296 11.012448
1.369930 -3.667256 6.082710
2.517065 -4.063756 4.712980
4.851365 -2.787924 6.138553
5.742448 -1.823128 5.289667
4.723792 -2.990360 6.033541
4.748800 -3.271689 6.392772
4.910379 -0.113028 6.225552
4.555515 0.746166 4.465568
4.853182 0.039025 2.794908
4.484160 1.127658 2.375552
4.968561 2.452361 0.664617
5.704667 0.962643 0.449651
3.143899 1.491239 -0.036740
3.583746 0.847900 0.240768
5.417762 -0.795319 5.171435
3.505059 -4.376686 7.049993
1.016838 -3.576016 5.185126
1.191820 -5.059441 5.971556
4.287475 -4.097001 6.089629
3.079125 -4.399606 6.016485
4.420182 -3.043543 5.083295
-2.209599 -4.282198 9.072631
-2.673835 -5.887258 7.284770
-4.764461 -6.369850 7.632107
-2.834561 -3.482739 7.725787
3.310821 2.606308 6.465985
2.019123 3.303611 8.349403
-4.211266 2.589860 3.551954
-1.325183 2.788908 2.067635
-3.914024 2.217648 4.801903
-2.404983 2.188477 6.255803
-0.455106 4.508883 6.728713
1.143430 2.644998 9.175688
-2.055292 -0.179487 10.790624
-0.725957 7.676845 12.895966
3.742356 4.988194 8.706688
8.341010 5.133328 9.216858
5.050238 -3.408215 6.161282
3.097939 -5.676836 4.891650
2.281050 -6.740297 6.362654
1.742476 -5.737894 4.581295
0.068079 -5.856885 5.264184
5.296559 -5.841147 6.390435
4.290980 -2.667041 5.657794
5.484402 -2.323830 4.813109
5.341591 -4.260644 8.093324
6.138616 -0.043848 4.403928
12.514098 -6.846482 5.593277
13.393047 -7.397303 1.520382
13.585584 -5.308518 2.237247
9.799648 -8.304607 5.418443
8.529894 -5.079485 4.576716
4.270350 -4.927032 4.865469
3.091560 -4.987638 4.881612
2.010551 -4.251229 5.636991
3.174467 -4.522495 5.509898
0.512601 -3.512659 4.238846
-1.702405 -3.020696 3.702333
-4.242678 -3.154601 3.182380
-2.811281 -3.722719 4.618638
-2.835963 -3.150410 4.167785
-7.073978 -3.239958 5.137706
-9.180019 -2.011537 4.507354
-6.193033 -3.796824 2.287243
-4.721764 -2.840733 0.075933
-3.499049 -2.960780 -1.762922
-5.830562 -2.932782 0.747975
-5.972944 -1.261999 2.067400
-5.778036 -0.428034 2.905782
-6.867480 0.229872 4.557187
-6.552202 -0.807557 4.098925
-6.173155 -0.366621 3.524043
-5.751727 -1.799788 6.934693
3.098223 -5.125661 7.771235
-0.640951 -4.802245 6.390765
0.677102 -0.989165 10.967288
1.895964 -4.123487 8.271590
1.618347 -3.564561 5.958672
1.562009 -3.976824 5.748082
4.014055 -4.351881 9.147558
-1.435312 -3.379117 11.128197
-3.144835 -3.520547 6.453000
3.291455 -4.596351 7.856876
2.895467 -4.339139 5.771167
-1.756158 4.189692 6.802601
-0.413328 2.157899 8.099074
1.438604 -3.331772 6.062876
1.279619 2.152245 5.254229
2.066789 2.778212 3.943519
-0.320882 2.318259 5.649184
-1.309633 3.537727 4.288754
-6.780088 5.443813 2.648857
0.119161 2.578875 7.156620
0.040532 2.292840 5.802729
0.552329 2.738236 4.482605
1.744758 3.492149 6.414420
-0.228936 2.168441 10.332922
1.174668 2.251738 5.971440
3.278755 3.629104 6.506384
0.756674 2.319112 4.222476
1.480641 3.593400 6.297909
2.501768 2.241970 8.086969
5.698577 -0.272655 3.592322
6.060233 1.087893 6.181307
3.176180 2.139035 4.915268
1.024204 -3.136675 7.042824
4.038363 -3.628077 6.947948
1.678669 -5.502144 7.449805
3.690477 -3.346055 5.965689
4.506335 -7.900856 -3.001532
5.894575 -8.224559 -3.010737
4.289811 -8.639556 -3.679903
0.887455 -6.992100 -5.332402
3.531898 -5.469832 -5.077270
5.901961 -6.425988 -2.862911
5.608364 -7.794210 -1.348740
6.617544 -0.279030 2.072619
7.193513 0.148857 4.563148
5.251904 -2.243768 4.780890
4.395451 -4.896003 5.924197
5.428410 -3.480891 4.886179
4.294667 -2.579722 4.893348
5.119308 -0.891673 7.579057
-0.619341 -5.770428 4.500322
2.177188 -4.433124 5.524196
3.393217 -6.370039 4.908912
0.541650 -3.146084 -1.241253
1.350731 -2.782892 -2.419866
0.898598 -3.115543 4.244897
1.747905 -3.004615 5.663813
0.646113 -4.735864 4.978425
-2.392916 3.831875 9.098917
-0.375094 4.725204 4.810555
0.081860 3.000991 3.242951
-0.396029 2.306500 3.059334
0.814249 2.509181 6.141055
-4.598396 -3.877383 5.298044
-3.626146 -4.010829 7.940327
-0.729147 -5.314215 6.857384
1.498265 -3.844263 6.826767
-3.407589 -5.604947 6.735714
-0.848352 -2.839540 11.345673
0.880546 -3.656401 5.380370
4.312932 -0.304803 8.895568
5.266934 -1.436895 9.022565
5.606564 0.464739 2.624293
5.089065 -0.221939 1.946779
4.926167 -0.006177 1.500840
7.888610 0.024859 3.950830
8.991381 0.566306 1.762268
14.829770 -1.681562 3.575170
9.665508 1.721637 -2.075029
4.818452 -2.932982 -0.844645
3.213843 -2.090563 -1.559952
4.214682 2.382994 -7.423664
11.577531 3.181642 -15.408577
