1.423097 -16.021872 6.284422
-2.125880 -8.218940 5.116278
-1.769251 -3.265196 3.775182
2.341718 -3.353952 5.295049
1.962029 -3.938098 7.648099
3.327156 -3.895884 5.698697
4.329889 -6.180524 7.779703
4.968593 -1.022267 5.206241
5.775053 1.226770 4.127609
8.705962 3.428660 8.991390
4.000083 0.582171 11.697093
6.121469 0.600943 8.874529
4.487280 3.339045 6.243521
6.493652 3.072679 4.687290
4.953154 2.847189 5.351751
4.532726 0.289892 4.331965
6.510305 3.498924 8.659902
6.748908 2.128697 10.399452
0.918322 3.574118 8.681646
0.345879 4.509045 8.182088
-1.281415 3.257791 7.734826
0.406671 3.072683 7.341770
-0.533370 3.060859 6.507380
3.887764 8.311030 7.460581
1.733206 3.190673 2.708278
4.767037 2.861048 8.465619
6.386070 0.433344 7.746093
5.789463 2.476968 10.783683
5.685223 0.724787 10.500745
6.227217 -0.931124 5.285321
4.305740 -3.098101 5.854216
0.611423 -4.027847 4.711584
0.329589 -3.545802 5.759219
0.639190 -3.782079 6.229098
0.724961 -2.993926 5.198628
-0.713885 2.570308 8.187886
-1.566046 3.448487 10.255851
-1.031220 4.086107 9.437337
-0.414729 2.970127 5.995541
-1.047243 3.856486 8.320609
-1.317249 2.249846 4.659714
-7.012612 3.552046 10.278430
-6.512110 7.085933 13.364829
-6.541454 4.053226 11.237423
-4.277082 4.750364 9.321217
-5.096805 -3.653095 3.216553
-4.868946 -5.103412 3.889068
1.963019 -3.959701 5.188956
-0.189044 -4.681048 5.683732
-2.055461 -3.631195 10.866158
-2.816185 -3.937186 3.514498
-5.249297 -5.556266 6.039703
0.776810 -4.308702 4.799141
0.680501 -3.703477 7.702856
1.510712 -3.779797 7.340962
0.757719 -2.954087 7.773240
-0.622864 -3.336855 4.805542
-1.991623 -4.854226 5.349004
-3.069745 -4.270834 3.747786
-1.951525 -4.064261 6.141636
-5.512001 2.225185 2.913958
-5.760969 4.782494 3.791105
-5.186548 1.091781 0.466309
-5.894401 1.902345 0.713396
-4.393090 5.286239 5.337429
-3.383892 4.669023 2.336647
-4.625145 2.210960 5.201169
-7.180470 2.969074 5.152568
-8.050336 1.156056 6.181079
-7.363069 1.094374 8.775414
-6.151744 -2.394714 4.998794
-2.264022 -3.820878 6.512838
-4.209083 -4.060350 9.101961
-2.317744 -2.978586 5.804695
-4.226374 -3.281610 5.841614
-4.852257 -3.080965 10.223821
-4.023396 -0.168565 0.136442
-4.099643 2.374148 -0.291391
-5.008066 2.180653 0.898902
-6.303863 1.118415 4.641681
-7.799940 -2.230214 5.376823
-6.935030 1.604617 7.949093
-5.377012 3.244390 7.990795
-2.127789 4.094337 5.725590
-9.041717 2.431998 4.662254
-6.605572 -1.729157 6.231290
-3.490614 0.128705 11.073811
-3.721262 0.605345 11.617063
-2.935234 3.505015 6.537375
-3.889854 3.894579 8.364105
-1.058240 3.329881 7.125650
0.472697 2.342994 6.016470
2.006152 2.216600 3.347587
0.886154 2.587686 5.138685
-3.911884 2.259127 8.269739
-7.049683 4.690297 12.125818
-2.716671 2.944218 7.690108
0.746576 2.294471 10.814086
-0.768803 4.090301 10.952917
-1.485612 4.395585 5.314993
-2.110705 4.030554 5.056368
-1.862310 2.708929 8.551657
0.426921 2.366614 4.257292
0.859013 3.389810 1.906413
0.023074 2.009938 0.058235
1.775658 1.981491 0.431192
1.746980 4.459289 3.384338
1.442671 3.461600 4.090350
-0.882704 2.256188 5.074221
1.821147 2.431463 5.029559
1.445014 2.872506 5.616987
0.309592 3.012020 6.855672
1.779004 2.266290 6.088698
1.584215 5.737239 -0.313668
4.288740 9.210783 -5.595362
5.570837 16.911518 -4.164411
