14.573903 -15.741208 -10.614470
8.785453 -12.752285 1.017268
6.005457 -6.349247 -4.966089
4.096609 -6.696723 -3.383873
4.377386 -4.531292 -5.890081
2.663217 -1.948866 -5.624276
3.339975 -2.677076 -5.744136
2.613037 -2.788278 -0.590673
1.567906 -3.093145 -1.586681
4.102262 -7.281076 -5.811456
3.431716 -5.147617 -5.706034
5.870114 -5.738639 -3.053396
7.145801 -7.757175 -1.478355
6.046556 -2.982430 4.831260
7.099925 0.909789 5.271993
6.591857 0.309240 4.137564
5.141880 -2.281350 5.305748
0.710231 -4.713392 4.936119
1.070967 -3.747945 5.354596
-0.237507 -5.642551 4.499847
-0.822767 -9.024469 4.289542
-1.960659 -8.485564 0.002982
-0.531818 -9.411275 0.219819
-1.640775 -9.647949 3.059902
0.151961 -6.291081 3.542198
0.019969 -4.668773 5.658290
-2.192746 -6.307387 6.209799
-0.817779 -5.710116 4.315245
-0.765956 -7.121478 2.939520
-0.865672 -4.975404 3.087343
-0.424035 -5.525603 2.825479
4.360745 -6.644145 10.179952
5.372638 -6.439999 11.873327
4.772740 -3.873456 4.850341
2.918033 -3.110697 -0.583864
3.528450 -2.844973 -0.713743
2.230844 -0.979916 -1.593786
3.728421 -12.992262 -0.674538
11.668677 -13.896552 1.925454
1.391707 -5.970020 5.831826
2.813247 -5.777501 5.031015
0.235187 -3.095673 4.112880
0.978243 -3.073085 2.774352
7.512626 -5.804410 -0.902338
6.662325 -5.749408 -1.339665
5.648935 -3.177858 -2.015380
5.856997 -7.270381 -2.350745
4.296850 -1.021777 4.503514
5.784112 -2.101444 6.317402
5.185970 -1.147690 6.314142
4.632297 4.640309 6.634502
4.927217 4.938715 10.063430
5.134389 -1.534921 6.247695
6.697761 -2.832932 5.142486
4.559149 -1.336982 4.578300
7.596705 -3.783037 6.472838
5.458755 -3.938975 4.546463
7.363986 -1.749658 5.049845
1.331771 -5.105462 5.833479
0.430960 -6.034096 7.793336
1.071403 -4.377123 3.473650
0.307939 -9.525258 2.830973
2.481224 -7.113809 -4.488235
0.632502 -8.812978 -6.642878
2.217594 -8.862849 -1.542945
7.363203 -16.901585 0.698886
10.085816 -10.715528 1.724414
3.283407 -3.200593 -1.573569
1.071506 -2.452258 -0.651693
0.739229 -3.201032 -1.099041
6.759700 -6.322438 -0.930627
8.111440 -6.891112 -2.904465
5.383620 -8.461170 -3.021350
-1.155412 -4.224527 -4.679682
-0.169849 -3.699899 -4.691439
1.618792 -4.621017 -3.980721
5.284457 -5.454612 -6.169111
3.918088 -6.105908 -5.493427
0.114963 -4.692548 -3.116972
1.958781 -3.092245 -3.499589
1.498685 -3.209045 -2.289165
-0.305406 -3.157308 4.984395
-0.367698 -3.171486 4.827309
-1.280986 -3.838196 6.165031
-3.600340 4.327744 8.132837
-2.061609 2.178534 4.908703
0.743962 -4.256972 5.902980
-1.272976 -3.020278 3.919353
-0.860465 -6.096474 3.287500
-0.403932 -5.436278 2.549205
-0.039829 -5.084386 4.448029
5.913644 -4.597872 5.598620
6.877315 -5.645317 4.558958
9.137458 -7.349869 5.579075
6.227003 -10.763117 1.383382
-1.060191 -3.296643 1.949128
-0.425794 -3.507796 4.080115
-1.058410 -3.718833 3.299073
-1.826532 -6.094295 2.688447
4.082849 -8.541094 -0.658356
3.538874 -9.273838 -1.239518
-2.005274 -10.057399 -0.510211
-1.292398 -10.149362 -0.670380
-2.770349 -7.699999 3.432706
-0.980777 -4.734288 5.463621
0.838721 -4.401225 5.116817
-4.193087 -3.752717 4.292775
-4.584499 -5.430672 3.806920
-5.751263 -2.832500 4.287205
-6.737477 -3.377767 3.674701
-7.012836 -2.556087 0.664262
-4.192215 -1.503525 -0.759038
-4.778675 -1.378564 0.697098
-6.580638 -0.442481 -0.478355
-8.377107 -2.592588 2.143877
-7.114016 -2.861128 -1.704881
-5.308153 -4.339451 -2.227091
-5.944571 -3.757300 -2.283860
-1.716815 -4.605509 -3.421649
3.839234 -3.869974 -3.836133
4.425971 -4.055165 -3.840023
5.682568 -7.179653 -5.189803
1.841779 -4.853471 -3.781775
5.372540 -3.228530 -4.589444
3.543618 -3.256689 -1.258059
3.101368 -8.010204 6.115148
2.241536 -5.675548 7.336178
1.024115 -3.335803 3.136247
0.482797 -6.289689 4.774752
5.468931 -6.743718 4.807600
3.633197 -6.401161 -4.265443
2.117756 -9.781071 -4.941107
6.122897 -3.046783 -2.296711
7.487061 -4.639641 -1.896360
4.823991 -2.742544 -2.307585
3.194114 -3.072709 -3.094693
3.483798 -3.627912 -3.617188
3.800179 -3.762222 -5.919955
3.741666 -2.024217 -3.026329
5.071754 -2.942691 -1.197869
6.827940 -4.207343 -2.529308
7.507209 -4.442776 -1.316663
2.323380 -4.061414 5.599833
5.392666 -3.699456 5.969231
4.056537 -5.131978 5.025614
3.684322 -5.448523 6.895799
4.326330 -2.516664 -0.521486
4.399105 -3.213127 -2.070250
2.487472 -1.672835 -2.298336
2.491257 -2.940067 -3.868843
17.397573 -5.602056 9.208929
16.460545 -6.019415 5.447995
15.955691 -7.004126 2.978236
7.177296 -6.055535 5.222292
6.066097 -5.158909 -2.669106
7.165536 -2.593313 -1.106995
3.438926 -2.685426 -2.991681
6.563725 -2.289740 -0.853034
7.321106 -3.801411 -0.921352
9.493503 -3.590457 -2.030713
8.119676 -5.933682 -4.879948
5.870006 -5.564107 -1.287979
8.585515 -4.048368 -2.124263
13.245694 -6.383512 0.337769
6.025074 -5.057395 -3.151733
8.947330 -1.351370 -3.528889
4.948040 -2.654050 -0.737676
3.558928 -2.982768 -0.728301
6.909673 -2.944826 -3.050531
6.460583 -3.946511 -3.801027
5.595596 -4.875350 -2.701603
3.088760 -4.687256 -3.079123
2.819824 -4.118161 -2.939743
1.760103 -5.639237 -2.677994
2.826024 -6.009325 -3.547373
6.602767 -12.090446 -4.563034
1.460451 -6.293904 -2.709065
0.286046 -4.916111 -3.295496
-0.915759 -2.824392 -3.364699
2.529026 -6.773805 -2.854596
2.415562 -10.245431 -2.650480
2.677521 -9.257614 -0.503644
4.086037 -4.065012 -5.325799
4.753689 -4.417439 -4.419013
6.027162 -4.274232 -1.113088
6.357931 -6.713650 -2.201841
7.177918 -3.230673 -1.804777
2.906149 -0.236957 -2.050544
5.466874 1.865464 1.718395
4.491671 2.305173 3.643655
4.379912 0.693834 2.551796
4.616630 -0.536846 3.716786
3.650719 -5.360729 6.870838
3.358761 -5.910200 4.665141
5.914523 -6.836221 9.114917
2.314172 -4.185016 6.386767
2.402886 -3.698354 4.799710
1.972723 -4.731443 5.693492
0.041206 -11.157557 6.927327
-0.947274 -7.927766 3.091612
-1.782628 -7.479438 4.191554
0.621582 -6.147731 2.492932
0.569656 -4.443700 4.574552
5.352640 -3.808091 6.235970
3.805049 -5.074655 4.961859
5.429809 -8.479656 5.178408
0.961328 -2.969063 5.844998
1.718080 -3.796376 7.259005
3.936297 -4.831467 5.105605
1.507964 -4.351681 5.752981
0.420658 -4.314424 5.296853
-0.012848 -5.007395 5.322649
2.147234 -9.086067 5.266383
4.017180 -9.145214 5.367977
7.206143 -15.659557 1.888356
6.265016 -12.357770 1.695911
8.224782 -12.776804 5.044860
4.466127 -14.656392 8.302652
4.375287 -14.179958 6.668244
3.932780 -14.762115 3.253651
9.762184 -17.550783 7.147467
9.933236 -15.520242 4.463058
6.171836 -12.572948 2.655346
8.360456 -11.418118 2.216485
11.796697 -14.491420 2.818276
2.922590 -9.616104 5.503941
2.833149 -5.595218 8.663167
5.557277 -6.029037 5.367632
4.801985 -3.747575 4.773138
7.238048 -6.754633 4.670177
5.783898 -7.708285 7.598943
5.002825 -3.874247 6.034360
4.057178 -5.769548 4.975508
6.877558 -3.575320 5.668214
3.784775 -3.980386 5.188183
1.206080 -4.116253 5.095813
2.769660 -3.512089 5.276615
8.115868 -3.772336 -0.973791
5.022040 -2.799745 -2.793695
4.151789 -1.209510 -3.527923
3.378959 -2.244422 -0.572877
5.566168 -2.136548 -1.997715
3.909087 -1.416406 -3.425344
4.308930 -2.975125 -1.505951
0.934095 -3.597855 3.078970
0.217258 -2.983076 5.606331
-2.595034 -5.057461 15.782086
-1.914919 -1.774529 11.135362
-6.024759 -0.108167 3.638724
-5.929078 -1.829162 3.683857
-2.937156 -3.231488 5.538430
0.532970 -3.761030 3.400904
0.311276 -4.038451 3.650002
0.800973 -3.162234 2.500563
0.441302 -3.467455 2.774136
0.623889 -3.778592 4.264813
5.547682 -7.140715 8.271159
1.761125 -3.198180 4.916785
1.067520 -3.470013 8.306516
4.784125 1.955546 7.330132
8.218386 3.382170 5.140974
3.747949 2.419826 6.728322
1.406780 2.693815 9.258960
-0.148054 3.231472 5.169828
0.048539 -4.929802 4.208156
-0.174957 -3.025790 2.364327
0.393645 -5.323242 4.162331
12.824816 0.869805 0.879316
14.340037 -5.482816 -2.829379
11.792992 -8.087409 4.283670
11.211473 -1.057554 2.799417
5.176415 -2.603672 -3.322330
10.286250 -3.623069 -2.388274
4.835304 -4.405245 -4.126951
3.774325 -4.179615 -4.667207
4.886499 -2.877114 -2.306779
4.192668 -2.377352 -0.926831
6.522572 0.776696 -1.223950
8.875123 0.030261 0.254984
9.299510 -2.482561 4.857079
10.211676 -2.197312 6.007839
8.944256 -0.318142 4.670051
6.834294 -2.451330 7.459491
7.760679 -2.496511 5.755957
4.808714 -4.322721 7.256317
5.122236 -3.147932 4.969594
3.906406 -3.057693 4.582739
6.635914 -2.366768 4.961662
10.016750 -10.262345 5.227665
4.571883 -10.571456 6.072515
11.332977 -5.195273 5.189711
10.482157 -10.833447 5.540705
10.872823 -3.939878 5.467134
9.707064 -7.901796 4.847192
7.461075 -10.714367 4.762714
-1.946231 -5.673947 3.555413
-5.168469 -4.296416 3.459480
-4.904387 -8.036455 2.831545
-3.649135 -3.725323 2.418782
-0.041901 -4.922036 4.316488
4.212098 -7.238466 5.984933
8.522446 -6.685283 -0.707898
7.704245 -8.365769 -0.558744
16.145655 -16.959797 11.329398
12.648877 -19.023920 9.323731
14.758705 -15.415305 1.780147
19.639597 -13.333313 -0.832353
19.281149 -12.894277 9.496556
17.653818 -8.094526 6.342733
17.065002 -8.656106 1.356218
10.298828 -4.303889 7.721479
9.197001 -3.793499 7.557096
7.172027 -0.209940 5.342192
5.885217 -3.569151 8.403853
17.912266 -3.616180 14.875399
17.800922 -8.139393 8.350299
19.036877 -12.356067 8.349722
19.751822 -9.372744 5.686947
1.783391 -2.216527 -2.133173
3.360296 -2.829512 -1.626378
6.989553 -3.123867 5.051016
6.982433 -1.634191 8.183112
3.667278 -4.228803 5.869357
12.545007 -6.103799 11.629678
9.834165 -4.435518 8.674607
6.853054 -6.883980 11.276060
15.177759 -10.758002 16.794123
12.632430 -10.436921 16.662949
-2.935924 -8.914047 8.773800
-1.498548 -23.476364 16.592098
1.687005 -11.453181 24.862936
12.234641 -18.473164 29.456499
13.086209 -8.733600 16.204815
3.006648 -7.263942 16.264112
12.238433 0.267420 12.436946
9.590929 -5.273327 17.665188
20.802816 -1.602582 19.851995
18.409935 -10.981042 31.938494
-0.707023 -9.932296 26.094311
2.933980 3.744444 18.177950
-2.122730 -1.187084 15.395395
6.287437 -4.870711 6.095861
1.900909 -3.681110 4.662394
5.020716 -2.663258 5.092051
15.082073 -5.539884 10.238574
5.964637 -2.941002 6.612299
7.098254 -5.025797 10.910593
9.903740 -2.788341 6.546847
19.450445 -9.852447 6.622824
15.479183 -19.796421 17.781847
23.991308 -9.777377 17.528173
17.997700 -9.646535 15.258333
5.858713 -1.591839 8.820629
6.627013 -7.789959 5.480793
5.577023 -7.330162 6.013396
2.514263 -3.169651 4.884080
5.493898 -3.397039 5.036360
4.910122 -1.544049 5.129572
6.504556 -3.025828 5.807517
5.396522 0.010527 2.783890
6.760908 0.539966 2.619469
8.124184 -0.171045 3.338000
7.981839 0.836512 2.952625
8.884533 1.900882 2.660740
5.683392 0.613551 1.974899
7.789403 0.771672 1.138505
4.500536 -1.677662 -0.866961
4.568220 -1.153806 -0.577138
5.883720 -0.952293 4.636768
11.662589 -4.877088 6.245142
2.898865 -5.089073 5.594034
5.149915 -5.630618 6.535740
6.011402 -8.606966 6.538878
5.413892 -10.896128 14.359753
5.916786 -9.267188 10.292737
5.040481 -6.997504 6.597619
9.154493 -5.954476 12.397161
5.365079 -4.282320 5.016225
17.546074 -6.590873 5.241227
15.228855 -5.513283 7.150592
11.659961 -4.566854 6.493185
12.261489 -7.755445 3.585254
13.646619 -10.472205 4.628239
12.778604 -8.219973 2.812309
10.407840 -5.411603 6.313504
7.935002 -1.961551 5.132866
5.243124 -5.168837 4.827712
4.837755 -4.847588 4.549887
15.551694 -3.164207 -1.058284
8.111469 -3.105776 -2.022964
9.454756 -6.288771 -1.179946
4.798526 -0.728679 5.101288
6.559340 1.240694 4.572171
6.712298 0.136859 2.329349
6.488470 2.281060 0.381927
7.903427 0.895508 2.077742
5.241045 0.016207 2.219955
8.741486 2.045345 2.074699
7.622042 1.437057 0.427397
11.196133 1.523316 -0.297616
4.994514 -2.261248 -2.207324
5.410553 -4.342440 -3.642446
5.832324 -3.861316 -2.362949
7.493972 -4.826593 -1.305659
6.742556 -4.909128 -4.299665
5.833985 -3.923965 -1.472096
6.979095 -2.894538 -2.504897
3.370300 -1.067214 -2.316606
4.380282 -3.216710 -1.706681
3.420252 -3.166267 -1.498657
5.801549 -4.917975 -1.345892
7.108586 -6.009307 -2.441385
6.174822 -7.254426 -1.395510
5.466734 -4.711797 -3.678629
1.862785 -3.248130 -4.298553
4.193532 -2.414443 -0.634700
7.474770 -4.038934 -1.312140
8.058848 -5.677757 -2.758396
4.972132 -5.593069 -3.068486
5.863102 -7.136901 -2.754540
7.104181 -5.368024 -0.973982
6.512903 -5.203932 -0.925679
7.083799 -3.156701 -2.869776
12.560650 -5.057863 -2.369844
6.767547 -6.801609 -2.263427
4.154067 -4.633857 -3.814407
4.597754 -7.827288 -3.661240
7.346493 -1.093612 -1.951072
6.326531 1.367399 -0.616703
4.563572 -2.897433 -1.643312
5.492033 -1.442061 -0.918511
5.198846 -0.048993 0.389146
3.972799 0.816781 -0.447771
6.548476 0.762587 2.611063
5.770308 0.475905 2.668688
6.400127 1.433423 2.159761
6.460483 1.174996 1.362707
4.822459 -2.929085 5.243577
4.705941 -7.748370 -4.710232
6.297279 -6.849970 -2.097257
5.965720 -11.070670 -0.877763
6.067544 -2.635273 -0.801615
7.320437 -3.910461 -1.887728
5.556427 -5.199612 -5.250115
2.018528 -4.084248 -3.682955
3.036808 -3.173413 -0.579393
3.575226 -1.549363 -3.202884
1.851694 -3.592372 -3.167842
9.989739 -5.133442 -1.930622
13.673618 -1.868688 -1.926124
11.565749 -7.836720 0.105068
17.729824 -4.682052 -0.957626
9.224578 -6.301581 -0.985403
6.054946 -5.281228 -1.080935
6.874483 -3.578000 -3.172962
4.966487 -2.565309 -2.682180
4.889076 -3.286942 -1.114484
2.806933 -2.032430 -2.500915
2.260719 -2.444642 -2.549304
3.229877 -2.970974 -3.787493
2.377990 -4.989723 -2.633197
3.489157 -4.003366 -3.611563
1.124082 -6.196554 -5.103044
0.652693 -4.063730 -6.123892
1.709331 -3.717778 -3.484982
1.236992 -5.237312 -3.081542
2.559268 -1.537906 -3.139505
4.868794 -8.509360 -3.121872
2.110631 -6.062093 5.382922
-0.103786 -6.301074 4.287310
1.131979 -3.493913 6.229242
-1.571153 -2.932025 4.060493
-4.784197 -3.504578 7.225891
0.447114 -9.694594 4.716991
2.638854 -6.352360 5.311650
5.101509 -8.595839 -1.900558
4.775730 -6.814853 -2.661716
2.543628 -7.490026 -5.907192
2.313160 -4.781532 -3.774216
3.388042 -11.033363 -0.158517
0.227392 -9.918076 2.536070
-3.360614 -10.174242 -3.958171
-2.118140 -12.967689 -4.374773
0.726479 -6.169129 -3.418641
1.108031 -6.316261 -4.701218
1.082952 -5.722708 -3.305850
1.696540 -3.691816 -3.015727
2.482781 -5.559037 -3.637822
4.711827 -7.958255 -2.867591
2.916888 -13.708761 2.144724
4.907454 -9.917956 6.669082
6.573169 -6.564694 5.961316
4.827223 -3.012408 5.757965
7.815358 -2.227554 7.966404
6.870563 -1.233748 7.745221
5.485136 -0.241766 3.283161
4.654504 0.085608 4.059401
2.770913 4.303170 9.138295
3.573871 4.491977 6.270130
2.843272 2.343405 4.292120
10.503915 -11.378997 4.014852
15.086036 -13.461296 0.030973
11.223355 -5.891596 -1.597236
11.663177 -4.369926 3.336643
11.915258 -7.988113 3.921172
11.758706 -5.833441 2.063957
16.244183 -9.839268 -4.565004
10.260732 -5.029211 -1.754002
8.928750 -4.894895 -1.374399
7.095201 -5.765367 -0.850093
7.273624 0.720538 2.793508
5.031004 0.516965 4.398897
4.670122 0.767875 5.870684
4.565672 -1.973451 4.940874
5.517701 -3.125347 5.755418
7.408051 -4.706570 8.580262
1.570974 -5.669043 4.552123
4.925891 -7.425962 5.047772
7.283573 -6.721066 5.112005
-0.418335 -4.642157 4.580742
0.800894 -4.483493 3.445395
-0.559097 -6.817409 3.423516
-1.806260 -6.577382 3.131231
-0.528328 -7.025038 2.993129
2.853251 -3.868998 6.073143
3.339934 -3.546769 5.550479
11.252888 -6.755940 3.567806
15.712094 -11.447518 4.203576
7.410655 -8.124875 4.790136
6.454379 -8.013732 5.037875
10.329339 -1.346849 5.564697
10.320821 -3.916479 6.251126
3.858400 -5.895450 5.169979
4.545856 -5.744230 5.870956
3.127016 -3.829641 4.907788
3.336220 -2.898984 5.412211
0.813019 -2.893060 5.172871
4.906179 -4.062820 4.580402
5.170199 -6.037348 8.503672
5.839378 -3.337678 6.259403
4.967733 -1.817634 5.125191
4.622375 -4.817635 4.654401
3.511244 -3.346417 5.346125
1.955151 -3.100681 5.345359
4.303414 -4.034170 6.630518
6.768574 -3.966933 7.641004
6.059823 -6.472046 6.797626
7.825603 -5.135188 -1.772654
8.075381 -4.218889 -0.969077
7.250638 -5.426036 -2.194386
9.841506 -3.692037 -4.400262
8.890553 -0.623644 -4.753202
6.005780 -4.637217 -0.837603
6.197329 -0.841507 -1.209729
4.266088 -0.293035 -1.147249
3.456315 -0.441373 0.162267
5.200528 -0.101984 0.971557
4.408259 0.119836 2.647421
7.778311 0.464283 4.227490
6.402806 -0.993429 5.038779
5.200567 -2.454629 4.974615
6.359522 -1.209035 7.936376
4.928182 0.499539 3.811209
5.020003 -0.401061 0.593355
4.757949 0.582183 0.317811
5.630001 -0.494054 1.321813
5.111937 2.093595 2.422056
4.856808 -0.545870 0.510563
3.842371 -0.483240 -2.597508
4.065969 -1.586169 -3.270165
8.993139 -2.615619 -3.775028
8.443380 -3.938791 -1.068641
4.477114 -3.261285 -4.430293
4.034821 -3.174371 -1.307163
4.186057 -1.889308 -1.433551
8.319649 -3.793241 -2.010296
7.660341 -4.877773 -4.318837
6.178884 -4.475098 -1.488530
6.524446 -3.234567 -2.491127
7.282806 -5.250350 -0.614398
4.067823 1.290431 -0.851936
3.453240 1.112414 -3.320491
9.392098 -4.986122 -4.056685
14.477410 -6.616436 1.338234
9.807995 -3.985533 8.026172
7.906417 -4.828920 8.661813
4.134175 -8.253669 4.895565
1.727033 -7.860844 5.627631
-0.404636 -7.951774 6.444171
0.964982 -3.204591 3.315018
0.553990 -7.997675 2.612692
-0.710404 -14.514895 4.083732
-1.385660 -11.797253 3.118601
0.718879 -9.806761 2.287358
-2.267672 -8.600701 1.215374
-0.514473 -8.547948 -0.716865
-3.399584 -8.519691 -5.179545
-3.048074 -3.400172 -3.309129
-0.253216 -5.366594 -3.678298
-0.621241 -3.116093 -4.495333
-0.355482 -5.368167 -3.816890
-0.189666 -4.477771 -3.194762
1.296071 -2.553366 -4.383905
2.027776 -4.689889 -3.829436
3.397429 -3.089331 -3.937197
4.380010 -4.429918 -3.008561
5.658238 -4.336633 -2.776345
1.328775 -3.844550 7.173251
4.805017 -3.604853 5.575181
5.196527 -1.637478 4.583211
3.159797 -4.593919 5.117765
5.127804 -2.307059 7.627405
4.516625 0.179488 4.521146
-2.286779 4.843750 6.800770
-2.706103 3.622535 6.940248
-0.982269 3.320408 6.796375
-0.470440 3.385053 8.510719
0.004441 2.570421 5.307157
-1.389879 2.391538 3.105127
1.503522 2.430868 3.750328
1.870386 2.289881 3.568788
1.765554 3.205676 4.955624
4.855701 0.556844 2.316530
5.280437 0.143972 2.052070
4.642824 -0.224668 1.536176
6.036460 0.287677 2.973896
9.021642 0.970435 3.774263
11.633398 3.224856 7.776206
9.059762 -1.652147 4.589077
4.509158 -0.491649 2.555931
10.333186 0.685747 0.510684
9.063246 1.954745 -1.207600
4.729032 0.861668 -0.224581
4.631809 1.460803 0.764907
5.504503 1.272336 0.089980
6.301604 0.078895 1.788211
7.197180 -2.651290 5.562378
9.403255 -2.563097 5.569588
9.469495 -2.878160 4.895798
6.083489 -1.550490 5.364705
5.001858 -5.308915 4.758705
7.864541 -8.814762 5.581930
4.725372 -18.557501 5.562359
2.235825 -11.272930 2.947460
0.842543 -12.046717 0.403776
4.878622 -12.179471 1.974701
9.238360 -11.476872 -0.056407
9.370920 -8.166340 -3.900613
7.908292 -5.412384 -1.807147
0.703524 -3.130489 0.116682
-3.293890 -2.778137 0.425049
-4.989624 -3.248254 -0.598494
-4.667820 -4.798277 -0.717433
-5.152373 -7.256968 1.787353
-5.549234 -5.660727 2.923557
-2.701127 -3.200747 2.488899
-1.222727 -6.114737 3.038828
0.492863 -10.072429 6.691122
-2.191801 -9.629734 2.687826
-0.085973 -8.496494 1.596561
3.857830 -13.122543 -0.228605
1.649337 -6.414939 -4.113741
5.555434 -4.934038 -4.123785
4.701032 -8.808275 -3.275951
2.474931 -6.919943 6.263728
0.674029 -9.514553 4.463382
4.074746 -12.855020 -1.569890
-0.170285 -9.942297 3.309465
-0.657623 -3.051689 -2.377568
2.065295 -7.005247 6.188626
6.890437 -8.323410 5.681283
5.866666 -5.743377 4.661959
3.225972 -3.387826 -3.307235
2.813463 -3.070542 -1.272298
4.914042 -1.203279 -0.955000
5.638986 -2.251303 -2.132463
0.920090 -7.101762 2.875657
-0.833311 -9.781606 2.386330
6.767579 -0.548896 2.942959
5.684987 -0.140820 0.404327
6.573561 -5.210321 5.622410
11.643831 -9.550550 5.378548
0.632585 -3.145159 3.501587
-1.506954 -4.943060 10.081001
0.340851 -5.510713 7.841749
7.766597 -4.866043 -4.650461
4.290711 -4.181827 -3.555274
4.668323 1.221617 4.217247
5.815540 1.548744 3.600908
-0.699684 2.770135 5.300500
0.315919 4.772286 9.806105
0.619533 2.797028 5.563865
-0.312156 3.438702 7.575935
1.172517 2.358749 7.845489
1.931726 5.194370 5.446405
2.107536 4.556191 4.916587
5.810523 2.412147 5.683514
4.112560 3.983016 7.615117
2.417350 2.174330 5.993864
0.120652 2.803556 6.461226
1.325189 2.454617 5.825582
2.824611 3.982375 3.762942
4.493401 1.130615 3.339769
4.368456 2.124022 2.858881
4.341683 1.533904 4.793431
4.953681 0.349188 4.647903
4.463039 -0.501816 4.881409
6.801591 -4.707516 5.546438
2.633420 -3.375791 5.418476
3.665268 -4.776286 6.597236
2.073867 -3.565722 5.169151
3.926095 -3.961101 8.001706
2.048193 -4.141737 5.127194
6.150854 -0.944711 7.645160
2.431017 2.528871 3.468284
3.196358 3.746248 6.035878
8.414321 -2.851969 -0.828671
7.942397 0.193919 0.654644
8.339457 -0.593063 2.122422
5.327543 0.187475 0.878113
8.225854 -4.052777 4.688832
8.567363 -4.460091 7.658519
2.721480 -5.952937 4.762570
1.998381 -4.413692 4.632986
3.013103 -4.115676 5.416778
1.337747 -6.915724 6.227169
5.902307 -4.027150 -1.173346
7.039358 -0.609697 2.462760
7.985238 0.242188 4.599845
1.127690 -7.099225 4.054967
0.132518 -5.116103 5.526590
-0.584699 -4.273666 3.225803
6.032441 -2.372133 -0.626407
9.144829 -2.029544 -2.278227
9.475849 -5.416904 6.060107
6.936121 -4.917109 -0.890839
8.434958 0.532389 -0.296208
4.920216 0.281770 -1.990601
1.004958 -3.154047 0.154806
3.468387 -3.109451 -1.312684
2.887071 -2.808258 -1.226014
4.695478 -6.904764 -6.036813
1.651064 -5.703638 -4.266682
1.910264 -8.428382 -7.082192
5.335600 -8.773136 -7.279008
1.313745 -5.864084 -5.545012
4.062202 -1.745823 -1.264760
5.804070 -3.321278 -3.831449
5.185816 -2.618467 -1.232281
5.673385 -3.013879 -0.518952
3.911493 -3.295393 -2.540258
4.461414 -8.732586 -1.406958
1.030239 -8.425548 4.908756
0.480116 -5.659305 3.630898
1.636862 -11.186587 3.997431
4.466819 -4.798564 -2.653368
4.606090 -7.673977 -4.727330
6.133285 -12.997485 -1.864843
4.676071 -8.349602 -5.909816
2.097254 -9.369790 -0.673264
4.224196 -8.597769 -1.520481
2.523777 -8.890242 -1.309197
10.226222 -3.126751 -3.362121
7.088745 -0.994186 -3.130246
5.699126 -4.875713 -2.965676
5.228645 -5.016573 -2.803732
3.945656 -6.777923 -3.313155
1.918151 -5.999287 -2.675276
6.068968 -8.291780 -5.450167
5.647286 -6.932063 -1.720939
3.316507 -2.686259 -2.322657
3.257017 -2.434609 -1.226652
3.309293 -6.005714 -2.670043
1.734381 -4.097254 -2.678599
2.157370 -4.396186 -3.524517
3.442172 -3.909907 -3.997864
3.329625 -2.100068 -3.078885
3.960000 -3.533870 -2.623925
6.884732 -3.204183 -3.278001
5.960705 -2.745497 -2.162183
3.100702 -4.060198 -3.665749
1.726892 -5.918588 -3.659668
-3.157028 -10.737077 -2.431502
-1.327693 -8.421259 0.511322
-3.538826 -8.469511 -1.777515
-0.511406 -11.425388 -3.997610
-1.044805 -5.173508 -2.981800
-2.978537 -4.160218 -2.772155
5.490869 -0.367261 4.250183
7.219056 -0.251166 5.136505
6.056111 -0.552770 -0.852583
5.144577 0.256152 4.604146
5.034275 -2.196187 4.800354
2.412833 -8.982534 8.079433
-0.307526 -8.438962 4.354292
3.683145 -3.941844 -3.480483
3.142771 -6.766467 -4.248775
3.636661 -6.183196 -4.471058
2.341736 -4.949281 -2.698468
0.901155 -3.262944 -0.310323
-0.855632 -6.946166 3.058320
-0.647100 -8.186241 3.609206
-2.915342 -8.693952 1.284669
-2.597397 -8.734795 -1.240621
0.636564 -8.595211 2.315237
1.051724 -5.660578 7.073882
5.265983 -3.787346 5.578370
2.899729 -4.164899 5.484497
3.627068 -3.122278 6.745474
6.644214 -3.972302 6.097218
5.778997 -3.245172 5.349298
5.900949 -1.128863 5.183068
4.541850 -0.347921 4.961390
5.727119 -0.538364 3.107806
4.521348 0.058967 9.286417
4.722508 1.274180 5.368202
2.897700 3.155023 7.324713
8.938926 1.957963 6.564763
5.516786 3.248810 5.091267
3.073681 2.188644 4.305873
7.013719 -6.701173 -5.085780
12.132792 -1.426215 -7.960207
7.850766 -2.836347 -2.218212
12.323918 -5.727096 -3.621363
6.969671 -4.693441 -4.409783
7.726542 -5.759299 -0.836359
7.373024 -9.277123 -1.890725
10.217802 -6.034420 -0.687420
6.895887 -4.506812 7.571832
4.713599 -2.917426 6.827541
5.366033 -5.585133 5.184860
6.505313 -1.677699 5.715724
5.856996 -4.142102 5.349392
4.109971 -5.064527 6.905911
3.410682 -8.186815 9.934870
2.151060 -5.651834 7.913423
3.413301 -3.168173 6.708555
4.478066 -3.334011 7.297234
4.739178 -4.385318 5.952442
4.682364 -7.596757 4.880756
4.735821 -4.817272 4.603186
6.674017 -3.236906 5.650971
9.380210 -4.825988 4.591355
6.007795 -2.956181 6.564265
1.807792 -8.924560 5.034513
6.851123 -8.424200 6.060871
5.669451 -7.810187 5.129635
3.576623 -6.170985 7.344357
4.476891 -3.959163 7.487223
3.707400 -3.463724 4.550535
1.755248 -3.625691 4.760915
1.940328 -3.830288 6.767851
0.549735 -5.131802 5.014756
0.511297 -5.726616 2.526361
4.333616 -7.088035 -4.019245
1.974809 -6.220874 -4.085261
3.006610 -10.638361 1.762891
3.787483 -10.947659 2.432004
6.599058 -16.079220 -4.219126
6.277424 -10.184159 -3.895229
1.220860 -8.336516 -5.870369
5.465011 -12.198288 -0.128510
5.575634 -8.207391 -3.143644
3.946608 -4.423969 -4.980616
2.846962 -3.271654 -3.666354
3.223499 -2.338564 -2.352483
3.481750 -2.823917 -1.963518
3.447517 -3.074709 -3.810470
0.349759 -9.377604 -3.025888
1.652335 -6.858871 -2.647949
7.322264 -11.089708 1.523009
6.761385 -4.122809 -0.760574
6.075995 -4.331958 -3.356137
10.038837 -8.757817 -1.441050
2.974848 -6.020880 5.716402
5.917235 -7.393939 4.828089
5.020677 -6.645647 -4.750200
2.155250 -6.457021 -3.426112
-4.930823 -4.524298 0.620927
-4.351259 -2.616462 0.281168
-4.081010 -2.917499 -0.248708
-5.640898 -3.549301 0.171644
-5.283436 -4.585780 1.498597
-2.898617 -8.638457 -1.056903
-1.677504 -9.337744 -0.581845
6.415054 -5.308361 -4.176875
2.635862 -3.902379 -2.659073
3.057346 -2.339972 -2.309516
1.080777 -4.874232 -2.812593
6.701156 -9.216223 -1.582199
1.539182 -7.184007 5.500580
5.433619 -6.950688 5.068511
6.566766 -6.103016 5.135065
5.636651 -5.708929 6.678511
-0.358079 -6.139408 5.302408
-0.892687 -6.694500 5.482142
6.946723 -5.805871 9.570297
5.292819 -4.943285 6.960197
3.433964 -3.271062 5.751266
4.099051 -3.188503 5.203594
0.833733 -4.346313 2.417015
-4.173215 -2.575630 -4.229003
-0.785081 -6.122824 -4.416109
1.093316 -3.007956 -1.094775
1.974443 -5.350569 5.358284
4.119255 -6.628848 5.471777
0.894588 -2.497916 0.604845
2.963215 -5.110617 -3.551358
4.098423 -5.309918 -3.124053
1.255703 -4.389486 -2.719332
0.963040 -4.337635 -3.910435
2.312728 -3.968505 -2.850677
3.336821 -5.437020 -2.771679
4.066477 -4.194234 -4.278588
5.894857 -0.865387 -0.666625
6.093576 -5.840157 -0.735821
10.794700 -11.054994 -3.131169
6.531066 -15.141644 -3.490964
6.649059 -6.516615 -1.292597
6.051908 -5.696194 -2.276362
6.349469 -6.675101 -4.193288
7.559386 -6.766341 -4.292650
3.096078 -6.444995 -4.524111
4.070566 -7.143130 4.773499
4.465580 -5.906032 4.830853
5.659749 -5.003292 5.952425
11.815280 -4.928301 7.331692
11.623590 -9.619997 2.612220
11.692496 -8.801457 -2.085608
10.291362 -4.966547 -4.340633
7.860793 -4.429284 -6.277817
4.449152 -1.428282 -5.765225
3.415033 -5.183784 -3.987798
7.068915 -6.650124 -6.951168
7.850468 -6.064262 -2.288963
5.515269 -9.756089 -1.153273
5.828047 -10.295904 -2.500302
2.841792 -6.802207 -5.302627
5.073610 -8.380601 -6.446734
2.769285 -3.980684 -2.633855
3.906248 -8.403804 -3.177063
4.165039 -8.446315 -4.651359
5.859844 -8.063036 -3.385567
5.365393 -11.884821 0.023133
7.814433 -10.674738 1.627982
5.797231 -10.786001 3.293021
2.105597 -12.565521 5.009260
-0.744240 -7.762532 4.093855
-0.929893 -4.124414 4.568840
-3.194332 -3.203004 6.382684
0.468773 -3.251746 2.067266
-2.581858 -3.081790 5.380177
-2.888300 -4.697230 3.108136
-0.177766 -4.293352 3.663811
-2.499138 -6.015459 2.513723
5.952508 0.088158 3.845788
7.319706 2.942269 6.812871
5.460249 1.279260 5.610910
3.172991 3.142445 5.499672
1.479137 -3.132836 -2.068080
2.158491 -3.277538 -0.934344
4.909628 -3.148409 -4.788952
3.727181 -3.657894 -3.902759
6.960750 -4.032464 -3.917872
3.928950 -3.943324 -3.784554
2.810817 -1.489455 -5.218009
-0.656600 -3.131490 -1.575725
0.991512 -2.830356 -0.994014
-1.535574 -5.088242 -3.469473
-1.015180 -7.743117 -5.069343
-0.310580 -10.259640 -1.171084
0.780287 -10.727510 -0.779232
1.664056 -6.154927 -4.627767
2.408400 -5.955563 -3.423466
-1.468341 -4.516802 -3.879372
0.723187 -5.560288 -2.712392
0.529425 -3.356458 -2.698602
0.168446 -2.718381 -2.481652
-0.019105 -3.093337 -1.294170
0.182567 -2.912053 -2.065181
2.140788 -3.078866 -3.043705
1.980023 -1.849834 -1.467703
4.672812 -3.995404 4.574644
2.459197 -4.375027 5.129498
3.805354 -3.173266 5.930254
3.614477 -7.436997 9.205992
0.076831 -3.917171 4.500021
-1.286738 -5.224928 3.342809
-1.210963 -5.863400 2.756794
-0.446302 -6.601786 3.084981
-1.086881 -3.851290 5.598346
0.965455 -3.828482 2.955038
0.633532 -3.072344 -0.611564
0.215571 -3.023707 -0.385777
0.808738 -3.810935 3.130598
-0.167616 -3.991518 3.051012
-1.274905 -5.783575 4.010165
0.337276 -4.808515 3.895942
-1.581415 -7.916257 3.446654
-6.508631 -9.600831 4.406331
2.575996 -8.616693 -0.628021
-2.893188 -8.896368 -0.168154
-2.951552 -11.685750 -1.406768
-2.151155 -6.239069 -3.423057
-2.922149 -5.061389 -2.770742
-5.288024 -3.620550 0.174937
-6.697591 -4.165419 2.042084
-1.850085 -2.622491 0.060534
-3.045406 -2.056270 -0.021933
-4.449018 -3.977887 2.342399
-5.587192 -4.456187 1.741176
-4.849350 -5.150244 3.545544
-4.728799 5.257393 2.348278
-2.628866 2.641271 1.110920
-2.914347 4.675410 0.562871
-3.438993 4.589381 0.781910
-5.592765 3.560107 3.248389
-6.021038 -2.022363 4.798792
-6.775363 -5.462277 4.410326
-1.927204 -6.063615 3.120771
-1.181037 -5.076722 3.864002
0.814875 -4.696371 3.365506
6.147470 -4.187918 11.541555
4.604706 -3.445729 9.610623
6.755158 -3.471174 8.503938
6.448316 -6.099503 6.865007
3.844585 -6.130496 4.777696
4.614910 -5.925459 6.723645
4.717307 -7.136110 7.570175
7.455999 -7.159809 4.803238
10.222131 -7.627146 5.375191
11.832252 -2.952230 5.829539
9.034873 1.166089 4.089767
7.848055 1.533854 2.334862
4.514720 3.558658 3.545921
3.162365 3.176479 1.221539
4.054529 3.189632 0.930565
5.147559 1.902823 1.640289
2.902225 2.248608 5.562072
2.768480 4.220432 5.283880
2.591608 1.013422 0.598869
5.269016 -0.151142 0.080038
5.020091 0.271095 1.980550
7.173015 -0.299265 6.803964
9.265492 -4.760128 -1.606082
10.473651 -5.759099 -2.935264
8.196174 -4.563302 -1.548270
6.001891 -7.467959 -0.669884
3.584797 -1.553064 -1.155817
8.107588 -1.534645 -3.833566
4.502161 -1.712286 -2.078390
4.809951 -4.295952 -2.868277
3.952733 -6.934436 -5.105355
6.150542 -9.395852 -2.277150
10.002990 -6.650628 -6.975676
7.809539 -6.012980 -0.906873
9.349593 -5.954736 -0.723402
5.977440 -2.346936 -2.163023
6.091385 -1.997090 -1.513012
7.922990 -1.203952 -3.899370
3.132199 -1.110878 -2.251771
5.984304 -1.300238 -0.593486
6.739767 -6.532122 -0.952407
6.765179 -7.490524 -0.698877
8.507220 -7.401428 -6.995074
8.037375 -2.988468 -0.617039
11.443311 -8.819997 -3.787789
11.483618 -8.314988 0.555950
11.350153 -13.714142 4.793524
13.039440 -13.952216 5.645505
7.013853 -13.293176 3.684035
8.537588 -12.181796 3.817122
1.986188 -9.978018 -2.759570
0.613051 -8.962145 0.554020
1.335066 -9.288657 -1.063140
-1.120157 -13.939882 3.337026
0.175926 -7.359106 5.186715
3.880266 -6.368326 4.676926
3.906370 -7.598497 5.049253
0.292208 -3.105116 4.000703
-1.165649 -4.598869 3.528861
3.118437 -3.004554 -0.708512
5.550183 -2.438580 -2.721257
7.772261 -3.563653 -2.277596
0.173595 -6.777664 2.598275
-7.462959 -5.828168 -0.511086
-7.475221 -4.905078 -3.024073
-5.570774 -5.371401 -0.863608
-0.915111 -8.311187 1.470498
-0.717058 -7.814600 3.427243
-2.760040 -2.227780 0.047374
-4.875206 -5.504340 0.804647
-6.376397 -6.035368 -0.610795
-5.841917 -4.663310 -0.177331
-2.387694 -3.096017 0.905292
-4.197739 -3.163135 1.940351
-0.557420 -2.341984 0.546477
-0.273645 -3.106077 0.973137
-0.925412 -2.955265 1.933107
1.927399 -3.270253 5.797191
4.640308 -3.376980 4.988523
5.003546 -2.826628 6.602323
2.326195 -4.540582 6.776453
-2.786777 -4.390988 3.861313
-2.376559 -5.963655 3.825561
-0.040787 -5.248516 2.883403
0.216532 -3.989834 5.084071
0.107229 -3.206351 5.754889
-0.919840 -4.720905 3.796213
-0.915698 -6.466131 4.006446
-0.302968 -6.816570 2.859350
-1.070256 -8.322648 3.664107
0.824874 -6.373799 3.082655
0.521226 -7.608068 3.313981
-0.505395 -5.639406 2.603363
-1.587818 -3.728665 2.611982
-5.054868 -5.420110 2.569541
-6.398753 -6.335349 3.514088
-4.449048 -2.443281 0.098601
-7.369938 -3.522728 -0.003055
-7.776970 -4.166571 -0.160086
-4.248067 -1.005406 -0.152081
-6.216532 0.090072 0.766547
-8.550510 -9.013178 1.542817
-5.374441 -6.153155 -2.536320
-5.123695 -4.199660 -1.191369
-4.976528 -6.502861 -0.101049
-4.982767 -5.177351 -0.612087
-5.861687 -7.937527 3.679076
-5.268877 -7.156278 0.841012
-5.101761 -4.683805 -1.808716
-5.445348 -9.448450 0.724355
-2.032620 -8.544212 -1.537002
-4.066914 -9.303040 -3.924784
-1.100161 -7.648670 -2.764371
-2.495450 -11.577595 -2.031966
5.525050 -8.667213 -1.497462
3.285419 -3.749064 4.838111
4.113674 -4.791941 4.978315
2.249824 -4.382617 -2.764824
3.653159 -5.446491 -4.008645
8.291763 -5.245855 -6.468605
4.006143 -3.950489 -2.754550
1.065647 -3.934211 3.672798
-0.005697 -3.699885 4.401463
-0.894341 -3.042067 4.594453
-0.745470 -3.479588 3.632206
-0.221196 -4.973943 6.016575
2.607564 -11.726010 5.792211
1.779314 -7.433466 5.708231
1.929842 -5.711937 7.743980
4.339539 -4.913563 7.303148
4.791102 -2.430889 6.924407
-0.396195 -7.658302 8.209289
0.796315 -2.936141 2.859337
0.243385 -3.104946 5.831188
0.491308 -3.099377 1.054090
-2.206769 -3.230157 -2.029329
-1.486346 -3.392352 -3.573947
-0.797297 -8.473086 -3.554238
-2.212412 -5.287343 -4.445148
-0.731509 -4.252302 -3.798932
-1.307313 -8.169866 -3.096148
-6.320392 -5.456883 -1.839637
-5.344420 -2.585573 -2.808308
-4.637012 -4.914067 -2.470022
-3.756733 -2.188166 -3.075585
-1.835939 -3.112324 -2.372725
-2.728863 -3.961543 -3.298710
-2.298068 -2.717125 -2.427755
0.071980 -6.425634 -2.951037
-0.565214 -4.211212 -3.144110
-1.990950 -4.664651 -2.673502
-3.521360 -2.144305 -0.717806
-1.758136 -2.836217 -1.228319
-2.730746 -3.101696 -1.647175
-1.347065 -2.799236 -3.811576
-1.293651 -2.772127 -1.682964
-3.701404 -2.802722 -0.170312
-3.026628 -3.112200 2.279552
-2.932720 -6.021091 5.408198
-2.433170 -4.299877 3.031878
-1.078641 -4.001342 2.777710
-4.175382 -3.687107 2.958070
-1.431287 -4.433067 2.515824
-2.194209 -5.201004 3.214804
-2.430143 -6.956175 2.553772
-2.048820 -7.125679 2.621077
-4.470116 -4.558924 -1.064608
-5.767754 -2.184947 -0.545812
0.201783 -4.755798 -4.918500
0.277956 -3.314443 -4.369915
0.656959 -3.979565 -4.327231
-0.090607 -7.464978 -2.677179
1.533912 -10.734659 -3.692166
3.766416 -4.731533 -4.311058
0.196004 -7.515142 5.664089
1.234481 -7.426681 6.719842
1.056907 -4.516145 3.810938
3.009954 -3.902538 4.901619
3.685366 -3.771325 4.752154
7.246765 -2.275635 5.638325
4.301056 -4.482752 4.635399
4.984564 -5.642164 5.495256
1.558940 -4.283780 6.387902
4.502716 -4.556894 -2.658061
6.964822 -2.495671 -1.297841
8.912318 -1.624589 -3.293433
3.981087 -2.965327 -1.087789
3.179809 -3.153322 -1.050761
-0.739853 -2.929839 -2.291296
-2.196475 -4.116790 -3.717470
-1.302568 -5.314534 -3.512078
-1.938952 -4.755844 -3.814964
1.649673 -6.354303 -4.247208
11.320644 -6.938283 5.680133
13.126109 -8.773694 0.011720
6.317533 -5.903046 -2.383276
7.242957 -4.713338 -5.001754
6.207379 -4.410178 -1.604205
6.916605 -6.277483 5.872074
2.897621 1.834605 10.900003
2.550518 5.598730 10.259070
5.268821 6.746681 5.653578
6.028855 4.963242 7.842773
5.582424 0.949731 3.975731
6.145892 -0.563659 5.530722
3.716872 -3.225004 5.048580
1.630965 -4.355120 4.744318
-0.431777 -5.509208 2.876168
-1.191236 -6.356727 2.793755
3.745244 -8.974077 -2.477830
1.554801 -7.408112 -4.400207
0.064770 -10.363091 -1.400139
0.005440 -14.656829 1.822432
3.054750 -9.649058 -0.661685
4.131777 -10.977233 -1.877533
4.680756 -11.965896 3.179363
1.628969 -14.324239 -0.468525
3.623127 -11.359132 1.174803
-1.124916 -11.367277 0.534730
0.007513 -9.663762 -2.581483
-2.193391 -5.211975 -2.999670
0.002949 -5.127478 -2.851620
3.602092 -7.753636 -9.192028
2.152049 -8.915538 -2.043957
1.749855 -8.320642 -4.815876
2.561244 -5.616723 -2.993414
3.273498 -5.170577 -4.030638
0.988889 -3.528208 -2.649144
-1.030020 -1.800682 -3.700225
0.743451 -3.264912 -1.627668
0.006115 -2.931389 -0.089157
0.900359 -5.656551 5.753126
0.763680 -4.216166 5.399746
4.296327 -1.957901 4.775476
5.049216 -5.414047 5.242517
1.854460 -5.870975 6.119762
1.835125 -5.109230 4.882464
1.213384 -2.934335 5.472682
0.829113 -3.626881 3.662249
0.827831 -5.735826 4.340301
0.573324 -5.915598 3.544996
0.374140 -3.072850 3.668690
-3.750047 -3.096094 1.754894
-4.692494 -3.064703 3.359387
-5.493406 -5.627918 2.058489
-6.022504 -5.939354 0.383222
-6.514628 -8.595566 2.883754
-3.071373 -4.135619 2.669060
-2.395861 -3.009126 5.246784
-4.609004 -2.896958 4.894830
-2.167480 -4.118806 3.562712
0.004015 -8.217742 3.773704
0.081854 -4.702950 7.726006
2.915142 -8.588233 4.672432
5.204184 0.490938 1.183015
4.956590 1.373832 1.699744
5.834594 -0.577594 1.702085
6.522569 -3.805824 -1.178100
7.802954 -3.640850 -1.737413
6.848242 -10.628668 -1.093154
3.615226 -8.347339 -0.717121
2.198764 -8.561469 -2.795947
4.849308 -6.754270 -3.249588
4.899583 -9.589594 -4.959768
6.450265 -9.625679 -1.687688
6.318019 -9.090115 -1.124908
0.619309 -3.958798 -3.216977
0.454611 -5.316371 -3.865693
0.356737 -7.758235 -5.072540
4.882793 -5.325106 -2.754341
1.052190 -5.929483 -3.640369
2.023778 -5.207943 -4.928645
4.266069 -5.481348 -2.664711
2.388862 -4.986975 -4.616874
0.269793 -8.573434 -3.141511
3.042372 -12.616542 2.012979
5.949809 -10.899570 2.880931
6.174687 -12.854777 12.194202
