17.247513 13.557665 -8.164119
6.438580 1.593432 -2.800923
2.868821 -1.475166 -2.194284
1.029431 -3.132707 -0.687339
-1.841897 -2.971777 1.872387
-2.837446 -3.241343 0.825836
-3.791019 0.743819 -1.021558
-5.348886 -0.160571 -0.379333
-4.743497 -4.937449 0.351587
-6.882854 -10.234864 1.554640
-4.665023 -6.658000 2.009956
-5.191126 -5.260762 3.379502
-5.269338 -5.291458 1.752668
-4.779180 -4.525591 0.140971
-4.473452 -4.421764 1.444313
-4.534909 -5.137041 3.354261
-3.600791 -3.835316 2.646411
-2.356184 -5.810004 2.890377
-0.675614 -4.916821 2.676054
1.017372 -3.992247 5.328565
-1.049048 -3.087575 4.761945
1.023072 -2.984945 3.229870
-1.480626 -2.979535 3.298184
0.595476 -4.994558 5.734904
2.895910 -4.200374 4.821802
5.421420 -4.543798 5.551353
7.886598 -9.072747 4.863992
10.051893 -13.474036 4.523223
4.383076 -5.339571 8.174984
5.577940 -5.651876 6.914729
8.854291 -4.851065 -2.275507
6.731864 -1.507636 -2.721726
7.075421 -5.336548 -1.395878
9.694583 -4.114060 -0.979085
7.004315 -1.824336 -3.106077
3.507576 -2.677044 -3.349853
3.855310 -3.009418 -1.273533
0.573147 -5.963725 4.375882
2.559697 -3.687191 7.374773
-1.427986 -3.252104 8.397684
3.130566 -4.021480 4.845621
4.947016 -3.165906 4.654404
2.918562 -4.242418 7.045692
3.111876 -3.166588 4.961861
3.809386 -3.492155 5.089381
-4.950008 2.287243 4.785144
-4.631469 2.842728 5.235973
-5.736330 3.741045 5.201837
-3.597915 3.913346 0.136171
-3.919189 2.151618 1.615697
-3.879503 2.582971 3.218534
-3.213317 1.029780 0.598867
-7.277275 -0.215597 2.093204
-6.198480 0.389136 1.751162
-7.095317 -0.657052 6.193363
1.957878 -3.298245 4.765318
3.401169 -4.035934 5.021914
8.693859 -4.861136 4.782097
8.994545 -6.115577 5.139343
-1.286101 -6.239353 6.064019
2.188300 -3.926438 4.685796
1.645341 -4.738006 4.764937
2.811306 -9.332498 6.712904
4.629463 -7.417098 4.855713
4.509392 -5.046421 4.732933
6.242183 -7.170377 5.254423
6.823846 -5.641989 5.778836
5.545915 -7.274583 4.927248
8.065230 -6.123373 -2.927095
8.085828 -2.607579 -2.807202
5.631231 -4.151264 -1.134546
9.396681 -6.084177 -3.457179
7.014067 -5.725520 -2.493718
6.292694 -3.377145 -2.018617
5.731348 -8.931351 -2.427232
0.910866 -4.322104 -5.079353
-1.603933 -2.755728 -1.953626
-0.686258 -2.674911 -2.578874
-0.711407 -6.493754 -4.184177
0.993348 -5.592452 -3.343997
2.012571 -5.534925 -3.549068
3.048055 -6.282135 -2.675506
2.474420 -8.938910 -3.149600
10.022169 -11.868986 1.885039
7.745956 -10.777170 -3.286604
5.968797 -7.453111 -2.863087
6.281270 -6.414179 -2.591501
7.186917 -6.194265 -2.107680
8.544444 -6.555884 -0.592466
8.412974 -1.792942 -3.943999
4.733057 -0.649004 -5.652811
4.573976 -2.484290 -2.044360
3.884319 -2.454329 -0.514578
3.263048 -3.218667 -0.933328
2.493028 -2.967242 -3.070063
3.485457 -4.101987 -3.011914
6.565297 -3.837822 -4.599543
9.542891 -2.243944 -2.657165
7.691363 -5.682452 -0.559508
8.390074 -6.185331 -4.453531
7.756192 0.032785 2.111315
6.875918 -0.343242 2.843678
6.582839 -2.130045 5.074709
5.155641 -3.128612 5.907746
7.210145 -3.578061 5.563702
8.523948 -3.514835 4.808144
6.275911 -0.130219 6.805965
5.288883 -2.662996 6.997023
5.413279 -2.910292 4.543798
4.138987 0.027682 0.703864
3.150210 -0.346596 -0.819087
5.141672 -3.222719 -0.630269
6.148949 -2.384282 -2.557223
8.293681 -3.512103 -4.292742
6.742054 -5.888204 -5.684458
7.364568 -4.249512 -3.087981
3.686975 -3.942392 -3.800035
5.994390 -6.426901 -6.444483
8.505198 -1.850398 -1.027387
7.031590 -2.655422 -2.497205
5.756070 -2.494787 -2.988892
5.065044 -2.261181 -0.855791
17.885296 -6.901180 -7.922058
8.116406 -4.282069 -1.860873
5.596029 -4.183348 -1.960539
8.364407 -4.337235 -0.795519
6.890174 -7.328820 -7.046406
5.460905 -7.015046 -3.570577
6.932491 -4.992033 -2.169960
13.273108 -7.987369 1.848083
11.426421 -6.532085 3.641024
11.398754 -3.054607 9.338492
8.715512 -5.219184 8.803558
9.735207 -6.455936 7.901886
6.376947 -6.461277 8.181483
7.849699 -7.428316 4.850396
4.811784 4.336107 6.224590
2.361386 2.526137 5.225152
-0.533703 -5.253461 2.934999
-2.385489 -5.831306 3.600428
-6.834239 -8.081599 1.207347
-4.587001 -4.679155 -0.309861
-4.565228 -4.185227 0.180540
-4.516357 -4.538413 0.715120
-5.681180 -4.262232 -0.236297
-4.760163 -8.309378 -1.163958
-6.009641 -6.861107 0.149794
-6.055377 -4.872530 -2.035306
-5.313644 -11.301316 2.241324
-1.168093 -8.778991 1.056116
5.449738 -2.593243 -4.200620
5.626915 -4.549711 -3.620090
7.635864 -8.185734 -3.466489
4.139128 -8.480461 -1.666892
0.238088 -3.149804 -2.158818
-1.134739 -2.542198 0.391908
-4.616894 -3.517114 0.351634
-4.558551 -3.440866 1.367256
-7.485948 -5.706837 1.947722
-4.034070 -3.395034 2.565496
-1.052835 -4.491704 -3.254205
-1.779615 -3.008496 -3.870264
-0.424544 -4.795340 -3.949211
-2.108564 -5.143859 -2.919584
2.776926 -5.666325 -3.502406
1.108057 -2.692101 -3.640400
5.708884 -3.433958 -1.146595
5.728025 -4.730412 -0.821940
7.007289 -4.734635 -5.840919
4.217617 -4.129223 -2.799405
2.723541 -2.315584 -1.945005
0.277425 -2.757117 -1.708664
8.959730 -3.479928 -2.400578
4.715402 -2.977525 -2.573784
0.504590 -4.577361 2.838023
-2.080656 -6.276768 2.419353
11.715318 -4.934832 5.592151
12.092419 -4.198707 2.144729
-0.576380 -4.001341 3.279344
-3.614557 -4.907624 2.614909
-5.764696 -5.652677 2.292542
-5.312771 -4.478156 1.011163
-4.936614 -2.785200 0.349651
-3.775603 -2.871587 -1.780765
-3.126611 -3.729583 -2.614426
-2.863857 -5.888398 -3.636273
-0.206982 -3.531947 -3.123049
-0.277120 -4.549716 -3.582003
-2.409655 -7.587627 -2.912861
-0.751120 -8.540251 -2.853198
-1.698135 -8.646076 1.134312
-3.853895 -8.427310 -2.267145
-3.318036 -3.109636 0.921485
-4.929657 -3.971539 1.619256
-4.588345 -4.949732 3.288979
-2.594646 -3.226022 -0.819840
-3.533808 -2.327473 -0.631760
-2.364635 -2.385911 -1.394037
1.577616 -4.823024 -3.760721
2.619015 -6.616912 -3.036928
3.785528 -7.925684 -3.884627
4.568559 -10.040598 -2.430381
4.238056 -8.769778 -0.875868
6.236701 -7.552587 -2.389958
4.857543 -4.942985 -3.969305
6.282014 -3.966899 -9.974339
11.964831 -6.154620 5.161182
8.331071 -0.328967 4.168289
4.698278 -0.061498 1.507712
4.700318 -0.047541 4.889632
5.080792 -3.534052 5.656531
0.643022 -3.770199 6.081223
0.718850 -4.521789 3.667827
4.379268 -4.299924 -3.457772
6.523114 -6.896946 -6.438632
3.897251 -4.464613 -5.463337
4.429140 -8.472518 -1.664467
6.707603 -12.781605 0.893419
4.314456 -10.661153 -0.825395
9.971624 -10.583804 -2.591749
3.704473 -6.481419 -4.088370
3.274413 -8.005445 -3.376127
4.013674 -3.991918 -3.692759
7.947135 -4.937286 -3.722251
5.881197 -4.138679 -0.585232
7.026495 -4.684555 -1.360208
3.516073 -4.805165 -4.378870
2.701917 -2.179545 -2.899110
3.098142 -6.283931 -4.489547
0.681549 -6.084937 -4.858472
-1.882852 -9.831194 -5.322729
3.637042 -8.334848 -0.846440
5.842301 -5.072374 -2.173733
5.929977 -5.369713 -2.081186
-0.422496 -4.670527 2.868890
0.932721 -6.380059 3.180572
-1.675743 -4.954820 4.107098
-1.173210 -3.011097 2.423831
-0.992766 -9.239523 -3.731821
-3.717417 -9.584201 -4.741731
-2.891763 -4.944927 -3.235179
-4.879512 -7.664179 -3.724662
-5.378262 -8.165152 -3.132424
-3.787122 -9.025736 0.503999
-4.256500 -9.763796 -2.013552
-1.528597 -8.711517 -1.519032
-3.112790 -9.101104 -0.220109
-4.101248 -9.010296 -4.692967
-4.088488 -6.632987 -3.030064
-2.605775 -4.869741 -4.067723
0.007856 -4.297318 -3.467786
0.937224 -2.556859 -2.392526
2.245125 -3.109777 -0.985890
1.434952 -1.969129 -1.339987
2.007507 -2.438451 -2.125603
-2.669755 -12.296176 5.511490
-1.621045 -11.536694 4.158106
-0.814769 -10.957109 2.293665
-0.433323 -10.364589 2.272027
-1.545769 -7.635676 2.499925
-2.488771 -8.534994 0.049597
4.126171 -4.919628 -3.076234
4.874333 -4.559034 -5.232881
-0.677607 -8.755840 0.000318
0.726427 -6.185924 2.499238
-0.393830 -6.431753 3.669864
-0.639927 -6.532608 3.774470
-1.219068 -7.307608 4.322379
1.484604 -4.625635 5.222793
-0.445153 -5.117423 4.964384
0.591572 -3.466352 2.515420
0.751744 -5.092177 2.827927
-2.727068 -7.750509 3.789320
-0.179602 -3.007128 1.266110
-2.406242 -1.874328 0.202007
-2.910814 -2.074503 -0.361375
-3.512171 -3.188712 1.569610
-5.164193 -3.199568 0.027924
-4.448311 -4.753925 -0.351409
-4.274460 -6.513945 2.789920
-8.524917 -5.191423 4.644296
-6.091791 -5.792630 1.652032
-0.167458 -4.874125 -3.205522
-1.387604 -4.864738 -2.784232
-0.436475 -5.373932 -2.732428
-1.544188 -5.788885 -4.841515
-2.019678 -4.128658 -2.715291
-1.688600 -2.381272 -3.526735
-2.275507 -3.299723 -3.520478
-2.513396 -3.298698 0.005277
-0.814447 -1.629044 -4.569172
-3.407073 -3.617750 -3.546045
-2.362338 -3.873771 -4.694518
-3.706447 -3.132043 -2.132665
-5.668702 -3.414976 0.413819
-9.548607 -0.284753 7.579966
-5.305023 3.183589 5.062423
-2.605167 2.520756 1.634320
-2.916360 3.439078 3.345074
-0.932321 2.806967 6.911895
-0.284773 2.824235 3.966232
-3.940861 2.246539 5.430500
-5.806965 2.834117 7.106407
-9.045403 4.482360 12.586913
-7.120658 -1.211224 6.559242
-5.954503 -2.267504 4.446382
-6.702346 -2.748488 4.479218
-4.609865 -4.638078 4.054914
-4.686111 -3.393290 3.188711
-2.979609 -3.457350 3.628991
-0.190360 -6.165376 3.267254
0.762573 -5.098161 6.321918
4.189386 -6.279512 4.946951
2.826286 -4.858086 5.232982
5.752768 -7.894957 -1.610232
0.703065 -3.038339 -2.393321
0.779344 -5.201801 -2.834044
-1.133994 -5.592944 -3.216013
1.033961 -4.657999 -3.591998
2.898932 -3.709101 -3.636027
2.987289 -2.128788 -1.480685
1.028311 -2.533045 -0.729962
1.207095 -2.849113 -0.684504
4.171077 0.258459 0.457247
3.957765 0.865956 -0.436995
7.074315 -4.918595 -0.980010
4.265070 -5.840266 -3.022682
2.114021 -5.163889 -2.737584
8.611697 -7.793464 -1.049421
4.552182 -10.470478 -0.651738
2.811250 -2.266935 -1.729863
2.793664 -1.973114 -0.717965
0.526001 -2.783025 -0.884312
1.691280 -3.042909 -0.513216
2.761410 -2.962695 -0.971620
3.756142 -2.602063 -1.011360
0.513489 -3.527755 4.860530
1.036706 -3.843962 5.935136
3.127075 -7.479692 -3.304880
6.979574 -6.602166 -2.664882
5.939474 -4.528934 -0.983753
8.147746 -2.973512 -2.545848
1.582458 -4.898292 -2.760039
1.742278 -5.011854 -2.821685
-1.599100 -4.137886 -4.605186
0.791127 -5.049764 -4.798790
-0.633182 -2.364782 -3.135414
-0.087851 -3.219490 -1.684943
0.145443 -3.078020 -0.320115
1.831490 -2.351966 -3.210254
2.373938 -2.910960 -0.878906
2.137519 -4.095275 -2.738500
-1.120947 -3.903361 -2.592162
1.065182 -4.978490 -2.964183
-1.722442 -5.873875 -2.991323
6.895304 -3.051334 -3.103782
4.416418 -2.428731 -1.073816
3.544898 -2.462049 -0.945575
3.138995 -1.683273 -4.335210
2.281346 -4.155118 -4.237847
3.469525 -5.887218 -3.453146
-0.136022 -4.162916 -3.102206
-1.755890 -3.644628 -3.018903
1.803442 -2.959344 -1.288249
2.099873 -5.496099 -2.922143
4.206216 -5.307367 -3.132208
2.984597 -6.476206 -3.145888
4.306205 -7.631832 -4.266482
3.967081 -3.758230 -3.849939
3.322938 -5.073968 -3.298457
1.959768 -3.226950 -2.734937
2.629822 -4.156588 -3.979420
1.485259 -4.012094 -4.927786
1.687561 -3.140593 -2.213212
1.034184 -2.894791 -2.039032
2.114220 -4.424257 -5.629028
0.559118 -3.801884 -3.100243
1.525340 -2.276079 -4.083115
3.335629 -3.111733 -1.391484
4.849462 -3.185946 -2.158415
1.352031 -2.233117 -2.780233
3.542332 -4.133913 -3.178678
4.899356 -4.203102 -2.951790
4.242309 -2.900749 -2.565510
2.481377 -2.727461 -1.807012
5.532742 -2.551905 -1.485019
6.532475 -2.886283 -1.323543
7.490076 -6.285821 -0.836817
7.775201 -7.356585 -1.489196
8.824162 -11.641376 -3.430871
3.945071 -11.049500 -0.596959
0.276547 -15.132917 5.434225
1.168469 -3.344600 4.679791
0.412104 -3.354998 3.907609
-0.433397 -8.147103 4.204775
2.693815 -5.351840 5.291617
6.224831 -3.698632 5.130904
6.820783 -1.540005 5.499988
9.225661 -4.160509 5.659733
14.919889 -7.398365 2.945610
11.205891 -3.605945 2.583214
11.832012 -1.968183 1.630795
9.914557 2.034853 -1.316873
10.735958 -0.154944 -1.292285
6.649471 0.969607 -1.633312
7.286066 -1.571442 -1.934905
6.626803 -3.736928 -0.984357
7.872941 -0.474958 3.401163
8.280548 -4.832225 5.082970
7.901386 -4.532735 4.951013
8.526115 -3.128996 5.118750
7.960704 -6.161609 5.716202
6.294741 -3.373065 6.587167
4.770436 -1.627920 6.137380
6.562364 -4.106340 4.910424
3.298419 -3.090557 6.509740
2.946767 -4.074577 7.442923
3.802335 -4.579794 4.565563
9.651911 1.476563 5.524510
5.331665 0.201124 0.027356
4.349917 0.152138 -1.111399
5.211614 -0.042365 4.358323
4.545149 0.770471 4.091627
5.597839 -1.027298 5.036304
4.713162 1.067405 4.202919
5.109043 1.429979 4.353829
4.690524 -2.774434 9.190560
3.642022 -3.221881 7.722760
2.250042 -3.361645 5.678237
3.723975 -4.614335 5.142290
1.101736 -3.989819 5.038035
1.235285 -3.437999 4.604494
1.505997 -5.923104 4.714749
1.709195 -4.179280 4.763178
1.459390 -3.165990 5.485191
-0.994137 -3.156216 5.495453
1.127989 -3.841679 3.705274
0.011673 -5.771867 2.965154
1.100903 -6.423403 3.984103
0.884019 -5.345793 2.574229
-0.237556 -8.367892 2.955277
-2.529006 -11.133929 1.617091
-5.008335 -8.562251 2.444102
0.737322 -9.411908 2.253081
1.253540 -9.313175 -4.121161
1.156690 -5.339637 -3.441078
0.669072 -5.944455 -3.253060
2.462189 -10.044930 -2.832378
1.582023 -5.235649 -3.929234
1.168680 -6.206314 -4.631110
0.912252 -6.570127 -4.577772
-2.252945 -6.129753 3.139338
-2.570495 -6.324777 4.146403
-1.737630 -7.126871 4.467512
-2.066221 -4.566752 2.920219
-2.049611 -3.293738 3.575006
-2.561852 -3.602868 4.325730
-2.181271 -6.234375 5.206437
-0.645787 -4.441209 3.885193
0.862069 -3.624345 7.108837
2.869144 -4.202549 5.414454
2.029770 -2.989241 4.503521
2.351048 -3.683955 6.072917
3.001663 2.280046 6.090569
3.621140 4.046971 4.936329
5.278212 4.998551 4.926259
6.228012 5.103542 5.924869
4.676913 -2.386465 6.835021
4.773570 -9.111477 4.559054
1.119590 -7.252233 6.269879
-0.214237 -10.194200 5.279908
-3.997033 -10.733782 2.263391
-4.346815 -8.560998 0.871798
-5.082646 -4.684215 -0.343106
-5.345258 -6.239873 1.972151
-4.482926 -6.508622 0.264180
-5.783541 -3.655322 2.852327
-6.067505 -0.735907 4.343895
-1.813059 -3.834687 3.374350
-4.896668 -4.623618 3.874175
-6.410507 -3.940322 2.876740
-5.828289 -5.314197 5.021824
-4.947360 -6.162834 3.396077
-1.389895 -5.725969 2.596577
-1.382557 -4.033396 2.566945
-2.666233 -2.635400 -1.379781
-4.311957 -1.819961 -1.521158
-1.925143 -4.478983 -2.705263
-2.480761 -4.137608 -3.123321
-3.518619 -3.154949 -2.927874
-5.034158 -1.719731 -3.272539
-4.454373 -4.580298 -1.829135
-7.189884 -3.295516 0.208015
-4.692990 -3.082746 -0.963041
-4.693580 -5.782118 -1.375219
-7.556363 -9.316802 0.261954
-4.069693 -11.325131 -1.615993
-2.803502 -8.393181 -0.590798
-2.835639 -2.424919 -0.627392
-4.735182 -1.848725 0.052732
-5.908878 -6.515135 1.649379
-6.049707 -3.720552 1.984516
-9.060773 -3.627147 2.937778
-6.160843 -3.896909 1.175357
-6.055107 -2.883241 1.181333
-7.425834 -0.323609 -0.890640
-3.680393 -2.606765 0.073780
-2.423758 -3.389421 -3.058547
-2.934758 -5.180622 -2.887681
-1.484499 -4.306630 -2.999823
-0.030150 -4.678035 -3.755058
0.576571 -5.213709 -2.634128
0.758450 -7.981914 -3.278053
-2.869604 -10.022744 0.750624
-3.505397 -8.013642 5.474726
-1.647418 -7.693609 2.914560
-0.252199 -4.345625 2.576212
-1.240564 -5.964164 5.322343
-0.760813 -7.260452 3.175797
-4.830310 -7.445707 3.142225
-4.905711 -3.243154 1.022973
-4.650958 -6.380855 0.507570
-1.579419 -5.152939 2.476545
-1.837978 -4.370045 4.205724
-1.811737 -9.100373 2.259549
0.890950 -8.833398 -0.857039
-0.294300 -8.750739 -0.330873
6.821912 -4.830705 -5.762788
3.542732 -3.039922 -2.284103
2.746204 -12.253122 1.886558
5.177697 -14.239680 4.897844
5.363395 -11.570357 -2.540357
1.274335 -5.387873 -2.981624
0.068565 -6.984221 -2.818325
0.617311 -5.559793 -4.697340
3.388039 -6.193381 -5.981719
6.922050 -10.179897 -0.900470
9.485269 -7.777401 -0.713975
12.796351 -6.256943 -0.609011
16.140001 -10.433545 3.552970
6.217536 -4.992161 5.918044
6.172969 -7.891807 6.157143
3.962176 -2.282040 -2.523765
4.236051 -5.636302 -3.560300
1.486868 -3.491231 -3.466913
-0.023062 -5.500329 -2.644451
2.888169 -5.918404 -3.222028
7.638586 -2.102471 -2.172587
6.855620 -4.438134 -2.781034
5.009043 -3.183587 -2.412629
7.224771 -1.881412 -2.965779
3.289277 -4.114374 -2.723713
4.295172 -8.520822 -2.718813
8.678863 -8.181223 -3.603365
5.640595 -6.693776 -1.485913
6.605232 -8.384800 -1.931665
4.964967 -11.912727 -0.200999
5.805576 -5.476160 -4.222543
6.508984 -5.964602 -1.197342
2.509414 -8.890262 -1.295511
1.673249 -9.412667 -0.566662
-5.248641 -3.293420 -0.568106
-4.817206 -6.829048 2.192750
-0.263239 -9.226751 2.324229
-0.954690 -8.909966 2.128973
1.565419 -7.914821 -3.518899
6.250418 -9.021509 -3.320500
4.735178 -8.459318 -1.469880
4.522838 -8.494059 -4.598997
6.752219 -6.128188 -2.941437
5.025191 -2.312371 -4.693260
5.079986 -6.100410 -4.781057
5.300984 -5.881820 -3.882827
3.052733 -6.433494 -4.858314
4.671072 -6.407050 -5.215771
4.731839 -3.870366 -4.852073
3.904711 -2.998764 -1.989109
8.109456 -1.294060 -2.404384
10.699615 0.006013 -3.627632
11.012897 -0.199770 1.610104
8.118593 0.956874 5.790565
8.312681 -1.371856 8.233127
5.351924 0.626555 1.420785
4.638603 -0.966016 -1.947949
4.477890 -2.215584 -0.687554
3.817091 -2.321057 -0.894805
4.564966 0.969006 0.856580
5.212458 -0.039253 0.782514
5.867831 0.649381 0.447269
3.464588 1.572591 0.684163
1.868884 2.222509 1.087296
3.823472 2.413745 1.972969
4.081623 2.664440 1.919054
3.391042 4.000522 4.383486
2.920684 3.715446 1.768733
3.824008 2.586044 3.008055
2.306192 2.885153 2.033986
1.933868 2.967139 3.150498
3.814889 1.301027 0.206290
3.888174 1.638636 0.674024
6.980031 -5.771197 5.642780
6.717210 -7.594256 6.182062
4.192358 -7.254934 6.236737
4.828598 -3.146797 5.919254
5.832018 -3.740652 5.191397
3.106594 -2.928534 5.437360
7.605748 -3.784612 6.129614
4.738081 -5.669351 4.607347
4.559970 -4.174564 5.181291
4.349817 -0.482870 1.422354
5.327924 -0.429078 0.291159
8.345622 -0.009623 -0.528267
3.570155 -2.685860 -2.180632
4.844109 -3.228052 -1.285750
3.444963 2.557557 3.885400
6.199019 2.316371 4.879523
5.100588 1.474060 2.702702
4.718533 -0.390571 3.777323
3.756554 3.963183 6.205037
5.180301 1.801890 7.004579
2.921778 4.208876 7.235455
2.998086 2.449828 8.569017
-0.684581 3.245633 7.885463
0.772861 3.697364 8.485650
2.215931 3.288197 6.013472
3.343211 2.654429 3.655025
5.352432 0.840189 4.737069
3.644317 -4.485774 6.775590
3.211648 -3.955917 8.491428
7.318375 -6.129863 6.218797
4.992588 -2.238813 5.468363
9.822691 -9.461153 5.445230
12.476851 -4.111463 1.488492
9.644225 2.223634 -1.510832
6.024559 -0.491065 2.887209
7.719960 -0.349880 4.141002
8.262523 -0.149464 0.245527
7.210109 1.351514 0.172987
8.205914 1.286906 -1.016591
8.386192 1.401518 1.675705
7.473105 1.427372 -0.853513
5.323989 -0.239347 1.819876
4.346767 -0.274152 3.532871
2.207361 -3.196308 5.091413
0.684957 -5.748058 6.773161
-0.287534 -3.393720 6.786086
1.379847 -3.367527 5.091208
2.309800 -5.175542 10.200471
3.806871 -4.317489 11.076526
8.622787 -3.902918 6.324688
7.136470 -5.626949 5.945298
6.995971 2.427109 6.465860
7.152228 -0.532501 5.324660
3.889278 -3.533739 8.895710
4.693174 -2.743799 5.516395
2.894226 -5.657841 6.117404
4.453886 -5.049444 6.383663
2.219451 -5.904115 5.215754
1.093282 -3.534687 3.201307
2.865916 -8.568211 -1.146325
-1.124040 -4.649436 -2.662485
-2.438154 -3.889237 -2.907557
2.810258 -6.733491 -2.611189
-2.074355 -8.793738 -1.095610
2.030153 -12.769347 0.498173
1.613237 -9.356204 -6.151481
3.127344 -9.432677 -0.689179
2.077435 -2.967710 -0.746219
2.085639 -3.178025 -2.658019
3.220483 -5.525449 -4.698501
1.429507 -4.343661 -2.983049
1.823579 -2.618919 -4.800998
3.273759 -1.728200 -1.863611
0.634172 -3.263136 -0.866519
-0.135059 -2.512686 -2.031413
-1.999325 -3.814413 -3.764702
-2.747214 -5.895888 -2.719527
-6.596265 -3.947708 -2.713518
-4.568635 -5.967927 -0.184106
-6.409192 -5.791502 0.060804
-6.617812 -6.182721 1.249505
-5.268770 -3.909414 0.792313
-2.824195 -4.813746 -2.635012
-0.848842 -4.918756 -2.759955
-1.748096 -4.112721 -3.938937
-5.006015 -3.597555 -0.199496
-4.031621 -2.946378 -0.209300
-2.233824 -3.003814 0.378251
-1.511400 -3.335719 3.567062
-0.277307 -4.301874 3.892378
-0.118731 -3.144377 3.106378
0.089231 -5.060895 4.610860
0.772998 -5.753710 3.966563
-0.234857 -3.414297 3.421419
-0.456043 -4.668821 2.642082
-1.967826 -2.980541 -0.970791
-5.189057 -3.009474 -2.362866
-4.769953 -2.864443 -1.703976
-4.548113 -5.921356 -2.352122
-5.954245 -5.342856 -0.196912
-4.988371 -4.411889 2.337592
-3.047722 -5.229189 2.837930
-4.424746 -4.536703 0.702929
-5.632631 -5.271606 -0.184058
-4.894332 -3.362270 -2.239100
-4.347106 -6.795887 -3.341821
-1.962159 -8.609504 -3.205194
0.889702 -8.435823 -1.634303
0.844333 -12.879016 2.740782
-0.003333 -6.849560 3.735976
0.179100 -4.438997 3.831868
1.472939 -5.732982 6.663379
0.487539 -4.263121 6.656812
6.444100 -5.473627 5.103120
10.391644 -3.378475 6.259130
6.516739 -1.658529 6.818339
8.520066 -1.413640 8.090458
7.155808 -1.778959 9.457813
2.875960 -0.268814 0.302451
3.855330 0.149823 -0.449844
5.438482 1.658544 2.072946
4.885483 0.155106 1.283743
3.810433 -3.142160 -1.256190
3.408143 -1.698803 -1.933342
5.026736 -1.933693 -1.159813
9.370296 -3.035682 -1.089521
9.619319 -1.086251 -2.543757
5.452791 -0.307166 0.257337
5.425160 -0.630798 2.171051
-0.011793 -6.842339 4.178351
-3.364554 -5.850926 5.168995
7.258276 -4.915554 4.958755
3.798367 -3.007710 9.185611
5.393597 -2.993853 7.296140
2.008334 -4.508056 6.794648
6.368814 0.180632 6.478944
4.264724 -3.002291 7.860550
5.434807 0.004487 7.291517
4.847804 -0.295742 3.736785
0.959053 -2.916072 4.122662
2.022255 -3.522540 7.056406
2.507525 -2.944215 4.946361
4.138880 -2.976221 5.978887
2.713491 -3.173341 -1.330766
5.333626 -2.809104 -1.078728
3.042416 -2.306684 -0.658042
4.581689 -2.471315 -2.128066
4.109743 -4.250367 -3.528958
3.494622 -4.347351 -4.151300
8.080778 -5.385642 -1.313903
5.568922 -9.106622 -1.462734
5.357742 -8.990367 -1.517379
10.237668 -5.950540 -2.838643
7.952406 -5.113579 -2.773713
9.272687 -6.069789 -0.716227
8.244020 -1.347182 -1.468226
7.530688 1.843572 -0.006716
7.830466 -0.653213 -0.914158
8.689529 -2.234937 -1.774853
5.044265 -3.481506 -2.969298
9.287726 -10.250253 -0.563515
5.597896 -4.914281 -0.575545
3.769974 -5.897423 -4.225521
1.792152 -4.913315 -2.913164
2.263709 -8.148627 -3.099135
2.462951 -6.476975 -3.026181
3.980450 -5.909595 -3.556624
1.032798 -2.962982 -3.445625
2.255018 -2.931684 -1.414059
3.148216 -1.364197 -3.770072
3.444212 -3.568372 -3.092811
6.626754 -4.995489 -4.820710
8.424811 -3.332322 -0.884897
14.509477 -5.775867 -1.455471
12.950344 -13.612969 -6.244202
9.507327 -3.992553 -3.924919
5.392934 -5.243900 -2.681150
6.523015 -2.643404 -0.923915
8.136658 -6.015649 -1.046828
11.267718 -7.099126 1.958063
12.186909 -2.701971 4.007504
4.933711 -0.003546 1.298939
12.347796 -6.353471 2.006513
11.973372 -0.443659 -0.024187
11.820742 -5.798718 1.397482
11.203815 -6.283322 7.039705
5.607434 -5.476881 5.184721
4.871190 -4.136456 4.750216
6.299161 -8.029093 6.388768
2.712369 -4.603225 4.511152
6.585378 -1.645751 9.196812
5.232415 -0.141032 5.469792
4.435117 -0.229226 2.833375
4.352510 0.908646 0.710755
3.209773 -0.308477 -1.567919
4.906695 -0.578242 -1.847059
5.231347 -2.188790 -1.195923
3.453550 -1.801985 -3.578798
6.561095 -3.542147 -3.069742
5.638206 -3.767483 -1.031793
4.526237 -1.933927 -3.056971
4.777319 -1.515684 -4.068273
4.959540 -2.594001 -2.704761
5.355425 -2.895414 -2.773915
4.721077 -2.675957 -2.217574
3.057155 -0.760908 -1.763527
2.789498 -3.923008 -3.142859
7.742335 -3.250279 -5.945046
6.068139 -4.623765 -2.021407
5.336993 -2.881646 -3.115433
4.149616 -3.373557 -3.310453
2.312368 -2.463603 -3.795680
1.664566 -3.645221 -2.776610
3.405477 -6.304846 -3.084937
2.716832 -8.393239 -3.689662
-0.671556 -6.346750 -2.636603
3.253680 -4.656709 -5.641708
6.351448 -4.269126 -1.870179
6.990229 -4.236752 -1.961465
8.059935 -8.151002 -1.225178
5.690786 -7.497891 -3.613819
7.843969 -9.234609 -0.713030
6.355508 -9.999627 -1.166922
8.934795 -9.976327 -2.211056
8.206621 -11.527431 1.744547
4.014024 -11.265314 -0.737498
5.263460 -8.850465 -1.781283
8.258338 -5.183954 -2.547860
6.236355 -6.189905 -1.658793
4.684113 -5.910704 -5.961010
2.877423 -7.603877 -2.761439
4.029413 -6.039917 -2.735599
2.871120 -5.385466 -3.461510
1.687356 -5.646036 -4.125226
2.077208 -4.979524 -2.699249
2.501536 -9.372641 -2.652617
-5.547525 -8.356841 2.567634
-7.132135 -7.552904 1.230231
0.020715 -5.004385 7.433471
-1.256124 -7.067306 6.357565
-0.897094 -9.187866 3.896931
0.914619 -4.975851 2.687703
0.349676 -5.124806 2.797244
0.125692 -7.233193 4.044512
4.241604 -7.882012 6.512078
2.672257 -6.071041 4.956068
-0.958303 -7.144361 4.811823
3.525396 -5.725865 5.519142
3.908386 -3.829793 5.540822
6.622197 -5.095922 4.793949
5.670176 -4.693010 5.649136
2.437085 -5.027966 5.519664
1.672256 -3.979857 4.908421
-0.135843 -3.620956 5.215328
0.176299 -4.997598 3.240124
-0.697185 -4.508760 2.770645
-2.918419 -4.197710 2.723608
-1.244068 -3.374630 4.327237
1.366056 -6.079583 6.088660
3.826653 -3.341419 7.388156
1.550410 -15.589378 5.817929
