-19.586605 -17.148037 -3.887004
-9.467806 -3.792431 3.847081
-6.448993 -6.965138 6.139255
-6.216197 -1.844858 10.202699
-6.819117 -2.258652 8.539757
-5.247111 -5.904633 6.350687
-4.669637 -2.892622 8.508802
-4.958738 -4.576260 3.857828
-4.944418 -4.068032 5.011488
2.456811 -3.773813 6.952039
0.508794 -3.543787 4.746204
-0.700485 -2.960437 9.051116
-0.282853 -3.354298 9.031054
0.991156 -2.930459 6.746730
-3.489319 -3.076674 3.547613
-3.456074 -2.912486 5.876205
-1.289424 -2.897062 4.952493
-3.032654 3.173654 8.262549
-0.692158 2.323637 9.420346
-0.562314 6.479203 14.274014
-0.484956 2.287123 2.470710
-0.618860 2.350518 9.293777
-1.100217 2.250785 6.300565
0.954362 2.472901 4.246610
1.061486 2.331838 6.726324
0.089171 2.614375 4.712553
-0.433702 2.313551 4.357368
0.552357 2.353019 8.294950
-2.303023 3.151309 8.614241
-2.815219 2.864399 5.757739
-3.730513 2.181507 4.166373
-1.744391 3.463191 3.665485
-1.117842 3.807389 7.129657
-2.196189 3.876213 6.062978
-2.646001 3.618920 11.827851
-1.505103 3.439704 9.640600
0.154008 2.286068 5.785519
6.396113 4.836832 4.287688
17.348322 17.290449 18.511023
