6.116361 -12.804418 12.680682
1.325190 -6.984286 6.213289
4.623242 -8.512611 4.744568
5.357886 -8.356922 5.385751
4.108513 -3.592208 7.193799
3.962934 -5.108146 6.285670
2.836067 -2.950298 7.895502
-0.245160 -5.943533 3.202305
1.078866 -3.349502 3.025185
0.490873 -6.691141 5.861579
4.539891 -11.865610 4.578724
5.742029 -10.983184 3.419263
6.345044 -13.414333 -2.209727
6.356082 -9.481515 -1.057715
6.953283 -3.968671 -1.466909
6.086302 -3.925799 -0.964085
5.569964 -6.789802 -3.532299
2.481754 -3.005691 -2.645054
2.481650 -5.885195 -2.884606
5.539571 -6.141610 -2.893927
3.455697 -4.927519 -2.874863
8.188932 -4.055803 -3.468103
6.844314 -7.116898 -4.372129
1.688606 -7.714176 -2.967470
3.318796 -7.370085 -5.745341
2.592386 -9.027560 -0.793775
5.145974 -10.584324 -1.225804
3.646506 -8.494994 -2.031944
3.586364 -8.787925 -5.004158
0.694679 -5.676280 -2.992311
0.280031 -6.013119 -2.776116
2.765775 -9.569070 -4.864164
2.442781 -9.421262 -2.712882
1.591335 -9.442831 -4.254066
7.010192 -8.274134 -5.104757
-0.363996 -7.907009 2.434040
5.836958 -7.302572 -3.501858
4.563659 -7.317790 -2.630608
2.891786 -3.137942 -3.880814
2.316397 -3.111866 -1.625321
3.528299 -6.344525 6.079443
0.394532 -4.382160 9.068109
3.995636 -3.261059 5.671610
4.236442 -3.232185 4.525874
2.337539 -4.420506 4.628094
-0.343036 -4.476904 6.725721
2.503535 -3.748250 4.504823
0.859330 -6.388632 4.535972
2.251075 -5.528446 6.435777
0.811824 -3.262656 4.110162
-0.480703 -4.741486 4.135940
-1.590646 -3.072557 4.367848
0.198161 -4.159090 2.554514
-2.940212 -4.111535 3.985130
-2.891703 -5.044622 7.965514
-1.135554 -4.859460 6.695265
0.088832 -4.367730 4.790237
-0.749872 -1.641507 0.625680
-1.241864 -2.949932 -0.592427
2.360588 -4.721525 5.350821
-1.763986 -6.235472 4.201593
-2.190110 -8.332651 2.276557
0.693407 -11.084720 3.193111
-3.135110 -12.260265 3.150201
-5.337627 -5.474074 1.134011
-3.319667 -2.020680 -4.502831
-3.214364 -4.676965 -4.296602
3.284589 -3.228747 -0.931702
1.348005 -2.071882 -0.826262
4.662035 -4.030489 -3.613994
4.761755 -1.376117 -0.549108
6.993515 -5.704591 -0.739053
5.945227 -5.795497 -1.008862
0.698114 -3.278175 3.301804
1.957813 -4.394751 4.721757
4.646467 -2.262477 -1.690152
4.093309 -2.918485 -2.245380
2.682119 -6.122655 4.812328
0.953115 -4.002378 5.170222
2.226379 -3.735871 4.607290
-0.746464 -3.745613 4.360856
0.081380 -6.689838 2.689781
1.088135 -8.444297 4.704640
0.866264 -7.550319 3.814006
0.411495 -7.470128 6.205246
-0.096011 -6.206239 5.979982
3.268931 -7.502242 7.335191
2.729074 -6.441143 5.258205
1.957582 -5.815293 5.188631
3.009277 -3.390603 5.538516
4.064421 -7.203805 4.728300
5.328597 -11.126028 6.576821
4.025491 -10.428686 6.363520
6.507057 -4.188156 5.613185
10.961329 -5.930548 8.800593
6.583591 -3.955117 6.195590
2.375086 -4.280193 4.991855
2.809957 -4.026454 11.457890
2.669913 -4.817222 7.640663
1.064043 -3.736444 4.920014
2.840585 -4.279053 7.376383
4.146132 -3.758289 7.027795
0.433639 -5.306942 5.181702
-0.039543 -4.221549 3.528355
0.940542 -2.981185 -0.893463
1.068375 -3.027265 -0.773735
1.010050 -0.845941 -2.600153
2.482897 -2.418611 -1.580252
1.420069 -4.235620 -3.737952
1.332475 -4.475914 -3.182006
0.285509 -6.982501 -5.900268
3.573213 -7.012075 -4.405427
6.023676 -3.811247 -2.210758
4.600376 -1.848084 -1.671881
3.160006 -1.375495 -1.204303
5.456543 -2.194838 -3.832771
6.786878 -4.708167 -2.182415
5.177464 -4.714038 -3.145118
3.136949 -4.510839 -2.962955
2.936383 -4.432788 -4.429593
1.508053 -2.536809 -2.222933
1.724298 -3.168771 -1.907129
3.229717 -2.284399 -1.199125
5.125516 -3.227694 -3.078544
7.495156 -5.593548 -0.689933
12.748716 -1.913756 -0.990633
13.088288 -4.706217 2.194785
11.719858 -5.953949 0.615866
12.615122 -9.020964 1.848722
4.643077 -4.669790 -2.702757
4.957999 -4.818464 -3.077911
7.163428 -5.049490 -0.763720
4.946740 -4.068992 -3.921700
3.625246 -4.591251 -3.012499
5.323465 -5.641552 -3.452973
2.222586 -3.214684 -1.609599
2.227601 -2.916767 -1.160891
5.348588 -6.058176 8.481250
6.751822 -2.817116 4.707681
5.351955 -3.725718 4.697570
5.359007 -1.066545 5.707743
6.028247 -4.729520 5.053920
4.222565 -5.822837 4.518241
5.087246 -6.360821 5.840730
3.113311 -6.466953 5.537835
3.621080 -5.502232 4.614856
8.782205 -5.957072 5.432488
2.211862 -5.720273 -2.607126
5.326099 -9.357209 -7.976877
5.226655 -4.638382 -2.686509
6.463363 -6.191077 -3.213594
6.312289 -3.205049 -1.456250
4.766548 -3.130845 -0.826928
4.036355 -2.786176 -1.942318
3.308377 -2.849993 -0.609302
3.324877 -2.984782 -3.641909
1.869227 -2.436788 -2.248364
2.258152 -4.033744 -3.489785
3.834446 -3.392704 -3.259687
5.060588 -4.591913 -3.749646
6.395170 -4.616536 -3.562612
6.063745 -2.242320 -2.077060
5.406577 -3.293778 -1.987311
5.954491 -6.338071 -2.673295
3.130157 -5.884866 -4.438744
7.291180 -8.623237 -4.059400
4.503760 -6.154848 -4.755701
7.763821 -5.760161 -3.820056
6.973260 -5.646016 -2.753728
5.821545 -7.438808 -3.841812
3.307392 -4.104667 -2.767425
1.575248 -3.832312 -3.490589
1.255992 -5.876084 -3.353109
1.765845 -5.778311 -2.889760
2.128690 2.216774 4.883332
2.614062 2.468036 4.394350
3.186563 -9.559966 -0.585996
3.826949 -10.081700 -4.791728
5.839648 -9.218102 -1.292949
6.627960 -9.821181 -1.397838
5.197805 -3.454914 -3.403171
4.749332 -3.656243 -4.059596
11.375330 -8.384628 2.725122
1.386652 -4.873364 5.591431
-0.210922 -4.854994 7.198779
7.522518 -3.872649 -1.066815
5.692167 -1.924015 -1.922036
7.865252 -2.783240 -1.035662
11.682810 -2.923139 -3.712070
11.446945 -7.275834 1.876008
9.376616 -11.541984 3.361624
9.838881 -1.704613 -2.172674
7.002638 -3.662699 -2.217323
6.336085 -9.343614 -0.613907
9.472477 -12.980643 0.978371
8.357908 -10.211776 -0.882266
6.220433 -9.965594 -4.919159
5.366567 -7.182556 -4.679554
9.817000 -7.737422 5.320063
8.985240 -7.050315 4.778986
5.287428 -5.921515 4.564896
5.350934 -7.768334 5.066211
1.786772 -10.003813 6.844336
5.013058 -10.815953 4.826262
0.606317 -10.440591 7.637814
1.755889 -15.276159 2.225306
8.109905 -10.686988 2.418891
8.841359 -10.985737 0.959082
7.333403 -7.404174 -1.402702
5.190134 -4.860531 -3.542291
5.204318 -3.831352 -3.862329
3.357908 -3.491427 -3.643072
7.107266 -8.554065 -4.658233
6.707020 -9.130936 -0.715192
5.377928 -8.542190 -2.115646
4.104187 -7.296111 -6.146642
5.879179 -11.354336 -5.533638
7.737676 -7.665991 4.898618
5.436825 -9.172905 4.942358
7.619298 -7.931528 5.515551
0.748948 -4.125711 5.535759
2.331689 -6.050466 6.604618
2.643618 -7.989035 4.895373
-0.250385 -8.763184 0.342990
4.467246 -8.731030 -3.716892
1.591379 -6.973439 -3.960668
6.544827 -5.461879 -3.175611
5.069839 -5.537844 -4.000423
6.372409 -3.915067 -2.739382
9.290369 -5.392713 -0.677848
5.380404 -8.861928 -1.399002
4.138602 -10.890821 -6.780399
3.564437 -6.649940 -3.273772
6.708061 -7.540067 -2.469030
5.888144 -2.075692 -1.947928
9.305627 -5.769556 -2.526827
11.507263 -7.817356 2.066160
3.258745 -4.440784 6.721796
1.758855 -4.646699 8.432760
4.816248 -2.637991 5.843999
6.156302 -5.921403 6.855030
7.127854 -7.708655 5.650681
5.166921 -7.684568 4.678117
6.691667 -7.764343 -0.985414
4.667283 -7.960276 -5.563826
1.221038 -5.644846 -2.688223
0.486857 -7.076739 -5.861343
2.254666 -5.323394 -3.175576
1.843540 -6.824399 -2.669233
2.731258 -6.690403 -3.876749
0.995414 -7.881728 -3.492698
5.563786 -8.281596 5.419091
6.278365 -9.318937 6.655920
0.868242 -3.175092 3.787893
-0.182224 -3.579713 5.896456
-0.283522 -5.938170 4.202030
7.400193 -11.844301 -7.072947
8.042132 -14.779928 -2.405227
6.433630 -9.481072 -3.054780
1.322682 -8.704940 -0.657512
0.250749 -9.811167 -3.910681
1.846733 -4.879416 -2.670640
3.037066 -3.571574 -3.735141
8.814588 -7.368963 -0.784489
12.345045 -5.739020 -1.011726
11.115323 -9.465462 4.868563
3.958752 -7.082518 5.784287
4.028855 -5.523751 9.771047
2.034802 -3.434007 7.443584
1.372118 -4.119855 6.791085
5.086412 -1.802251 7.050077
6.218740 -1.275691 9.052435
4.638850 0.148990 7.247941
-2.036089 3.307612 8.382543
-1.863190 3.558962 9.614798
-1.900901 4.874938 8.635806
5.159880 2.323496 7.824135
1.757980 2.136864 6.725111
-2.836025 3.193620 4.448063
-3.134993 2.448513 6.156891
-4.765713 3.014494 13.289202
-2.329409 1.030892 12.247189
0.936727 -4.449656 9.403444
2.729962 -4.618118 5.662047
1.116688 -4.113327 2.981021
0.470694 -3.457389 4.181588
0.811923 -3.906276 4.748235
3.089788 -3.300033 6.237415
0.844340 -2.920861 1.986133
0.934112 -3.381762 4.211448
4.335097 -3.130407 -2.810927
3.843115 -2.114965 -0.534997
6.147931 -5.845600 -1.659551
7.184205 -5.433390 -0.592847
7.732256 -9.056402 -1.040098
6.406140 -6.711239 -0.692786
5.624775 -4.622414 -0.745898
7.641726 -2.117191 -1.174378
4.019564 -1.565864 -0.764016
3.932396 -2.638697 -0.923239
4.394277 -2.975163 -2.540513
0.247362 -9.691080 -2.782731
4.628954 -6.709356 -3.974990
7.407976 -4.395629 -0.905887
5.070483 -4.976911 -3.658971
1.695343 -5.448801 -3.371156
3.317793 -5.803796 -3.751347
2.155514 -4.465173 -4.209225
2.577073 -2.985502 -2.025083
1.079850 -3.184072 -3.221338
6.832352 -3.371358 -3.568276
9.243365 -2.535342 -5.423020
12.101350 -7.153399 3.333509
2.403480 -6.314441 -3.285197
-0.304379 -7.023654 -2.687995
-0.096367 -5.025947 -3.511583
15.641173 -13.983425 -0.464154
6.361772 -11.811234 5.352136
5.185145 -7.422532 6.093003
1.012342 -3.260180 4.952890
-0.800061 -5.803158 6.999281
-2.332353 -4.028222 4.686809
0.665965 -3.691375 3.141712
1.170484 -3.941553 4.677175
1.639434 -4.651810 5.134524
2.103341 -8.885283 5.944609
3.825842 -7.349618 5.242881
1.488864 -3.157882 4.655582
1.851907 -6.771652 4.916625
-0.380705 -6.781560 6.419695
4.023342 -5.825276 6.512601
3.078862 -5.128679 4.689199
5.022113 -5.989031 5.811166
2.059873 -3.602488 5.119335
0.334220 -8.390058 3.736868
0.498398 -9.982108 -1.243641
0.962852 -3.135915 3.271692
-7.564661 7.131056 11.527053
-4.214412 9.607798 13.702409
-3.827933 5.183846 16.984957
-6.104607 0.853917 6.910796
2.377721 -4.275585 6.055501
1.752266 -4.246513 5.720724
0.680308 -3.416573 3.874861
0.813353 -6.784050 -4.295835
0.800808 -7.316795 -3.997435
1.455201 -7.512147 -2.883743
1.463061 -2.883022 -0.693190
0.778567 -1.849299 -1.666690
2.734052 -2.807630 -1.879489
0.553374 -1.624468 -2.429369
-0.920067 -3.663826 -3.116635
0.427412 -3.948218 -2.761592
2.373968 -7.250517 -2.606207
3.921902 -7.807668 -4.936620
3.155942 -6.013352 -3.842658
5.054817 -1.825780 -4.121559
5.417685 -2.901603 -4.685476
3.196358 -3.273448 -1.281646
6.344785 -5.956134 4.766768
2.410374 -4.662852 5.885456
3.395667 -7.652084 5.906286
4.882591 -6.690882 7.113158
1.711986 -4.106370 6.091064
0.417618 -3.642042 3.803740
-0.200861 -4.477329 3.915041
0.418720 -3.439877 4.558589
4.191283 -3.333063 5.373221
6.655149 -5.336479 6.005701
0.023196 -5.921760 6.223124
1.004786 -6.386117 4.442628
0.887888 -4.525847 3.771521
0.862583 -2.946079 3.802464
2.165903 -3.087003 7.907796
2.015697 -2.927433 5.745039
2.069967 -4.097060 4.632474
1.135705 -3.157438 5.208692
0.048141 -3.752380 2.798025
0.696921 -6.343598 6.231319
1.996425 -3.234306 5.180717
-0.014566 -3.361422 8.404455
-8.477153 3.228605 5.423270
-5.897788 -2.059840 2.493063
2.596962 -0.804393 11.116855
1.666711 3.070446 6.357061
-1.745972 3.653841 5.746912
1.652686 6.519587 8.158765
2.735972 4.697275 10.336264
3.649323 3.135745 9.080062
0.112798 5.325590 8.347147
1.206187 3.847633 4.190633
3.273030 2.951894 8.301061
0.377497 4.015566 6.461049
0.657028 3.043822 3.895709
-0.473277 2.817535 3.383166
1.722126 3.031492 7.351638
-0.948355 2.190718 5.695661
-0.409859 2.296979 6.294224
-2.043020 2.466253 8.202362
-2.233505 2.552229 5.731464
0.211727 -3.936159 4.945511
0.814281 -3.867468 5.651610
2.520438 -3.291669 7.974716
5.461308 -2.197544 16.700333
-0.463176 -3.763818 3.970229
-1.549351 -3.656542 3.527551
0.415475 -4.260625 5.741389
-0.936942 -5.211818 7.578839
2.238569 -4.485319 7.128758
0.465886 -6.700255 11.956491
2.203838 -3.562047 6.169417
2.282988 -5.477820 6.152992
1.646210 -11.314767 4.572779
3.805445 -6.924600 5.208144
3.216751 -5.766114 4.738385
4.354428 -3.372434 6.127450
1.042546 -4.465181 5.513201
-0.953703 -8.055553 3.245025
-0.719926 -6.675141 4.066656
-0.368141 -4.212148 4.455948
-1.173664 -3.130118 3.523983
-3.766002 -4.446544 4.393989
0.708970 -2.971532 3.122632
0.567217 -4.792765 5.738305
-0.182452 -4.433074 5.990246
1.075922 -6.024510 4.703205
3.532960 -3.882541 8.041420
0.054768 -2.936550 8.127810
4.188688 -6.180028 11.259766
5.293323 0.657819 5.925779
4.658387 0.018966 7.218290
4.879917 -3.669411 8.343629
2.487487 -3.598309 7.926828
2.454738 -3.048258 5.664519
5.106286 -3.476202 5.272813
5.439052 -0.557992 5.663706
4.894878 0.321786 5.727663
6.639302 0.592682 4.623487
4.400273 -1.307360 5.664598
4.355381 -2.601372 5.126359
5.613843 -2.667383 6.768452
2.939651 -4.311751 6.410425
-0.947075 -3.449868 4.680164
-2.347966 -3.136830 4.874461
0.422210 -3.907718 10.280509
1.610202 -4.035138 6.098430
3.027301 -5.222700 8.373178
4.642467 -6.671856 8.452967
2.721846 -5.853676 6.723598
2.491541 -4.197340 7.405729
5.513664 -3.620719 5.029802
4.773019 -1.043564 5.540639
6.114366 1.322935 3.646658
4.495469 0.409818 2.771632
13.393616 -2.499460 5.623901
5.452827 -3.935852 5.032619
5.211562 -6.093355 6.029654
5.796725 -10.761773 -0.454246
5.625577 -7.829253 -2.991699
4.012038 -6.362321 -4.144784
8.206000 -4.953322 -9.547879
3.837189 -3.241856 -2.496715
5.324826 -3.026155 -2.858737
3.463412 -3.630487 -3.165536
3.752709 -5.263271 -4.857645
3.000322 -3.794271 -2.642972
0.181518 -7.321630 3.575112
-2.362002 -9.272223 2.986516
2.220359 -10.611888 5.407125
3.455533 -10.580570 4.779409
-0.087699 -5.325513 2.974088
-0.935650 -7.068073 7.166306
3.196648 -9.552601 6.343414
2.992209 -6.502798 4.812382
4.503805 -3.121971 4.859830
5.393299 0.492939 0.777466
4.464344 0.192161 3.306667
4.681267 0.801683 4.329394
6.400064 -1.957586 5.780480
8.094374 -0.147664 7.726441
5.237914 1.792878 3.905926
3.357572 2.515303 4.528939
1.569264 3.282311 7.254458
1.515379 3.114954 11.868990
2.793818 -1.882633 12.303199
7.215977 -0.762390 8.331964
4.870369 0.286636 7.879794
7.366179 -2.873614 5.731929
1.688468 -3.607330 7.144024
-0.567956 -2.894246 8.437865
5.063852 -4.219526 7.589805
5.302690 -5.256120 7.660851
6.763022 -4.194202 7.368113
4.298193 -0.896384 8.430001
4.526383 -1.788295 7.002992
4.347821 1.593318 3.107645
1.420506 2.705076 1.810219
3.616379 2.780599 5.823209
1.062959 3.923623 5.926143
0.879456 2.958958 4.797662
-0.635081 2.631463 6.956636
0.426148 2.356569 4.127377
1.089080 2.560815 6.755806
-1.382554 2.444689 5.145128
0.240453 3.767563 5.522467
1.678884 5.614406 5.305960
1.887949 2.294518 3.371420
7.329851 -2.741998 6.167445
2.610221 -3.940233 11.021278
2.981374 -1.316272 11.317019
0.403631 -5.798412 9.304087
0.342083 -3.256331 3.166833
1.159641 -3.424414 5.254751
1.382252 -4.689502 5.864297
2.956338 -4.837440 5.049887
1.646192 -1.961724 -1.288337
3.312678 -4.431297 -3.330959
6.514454 -3.298455 -7.025138
4.697975 -2.324746 -1.485724
1.505234 -2.268752 -2.406904
2.187907 -1.577337 -2.523117
1.663666 -3.228918 -1.536867
3.642664 -3.631711 4.716712
0.939730 3.438495 8.520290
-2.143449 -3.895728 6.144201
-0.830371 -7.022713 8.268467
-2.340403 -4.956259 5.185966
-2.037045 -3.246183 6.681681
-3.865952 -4.367308 8.858582
4.856547 -0.919107 7.378899
3.247708 -4.435507 5.752220
0.673749 -4.360470 3.281896
0.662217 -2.993258 3.438845
0.256473 -3.135433 0.851939
-0.009261 -2.724576 -0.646363
-0.313733 -3.217369 0.489759
-1.024323 -2.662578 -2.797622
-5.698413 -5.135775 -8.778361
