14.573903 -15.741208 -10.614470
5.595237 -8.295524 -3.227462
3.118995 -7.172871 -3.148724
2.154753 -7.698307 -4.508056
0.203927 -4.611083 -5.111645
-2.572986 -6.553047 -2.979699
1.578280 -8.594247 -3.730459
0.074745 -8.679334 -0.629216
-1.583887 -8.426519 0.782473
0.591355 -10.437935 2.319972
0.728898 -6.353745 2.891955
0.002598 -6.343718 4.042768
-0.280838 -8.068377 4.300900
10.027104 -4.871109 6.152542
7.269547 -4.501239 4.843710
7.209459 -8.766198 6.362854
4.470218 -9.053102 9.209301
6.174687 -12.854777 12.194202
