-0.510857 -14.267866 -16.414864
-5.275874 -7.001194 -11.547921
-4.981377 -9.722218 -7.644164
-5.565189 -2.717597 -9.981028
-5.292243 -1.695733 -10.408641
-9.018154 -1.927783 -5.810756
-5.543741 -2.880446 -8.750698
-3.942021 -2.330834 -10.560015
-5.087965 -3.309809 -5.967309
-4.810768 -7.204008 -5.910894
-2.821468 -4.690744 -8.289576
-4.410639 -7.899946 -11.956186
-11.299157 -10.972420 -13.164514
-4.010109 -8.510396 -10.471090
-7.324582 -5.519532 -10.472407
-7.362682 -5.265625 -7.202151
-7.137412 -1.589964 -9.116624
-11.421227 -3.040872 -11.474733
-4.937867 -3.195006 -7.878718
-7.630017 -10.502636 -15.656102
-11.259088 -10.172679 -18.813728
-17.844917 -8.972215 -16.199175
-16.632814 -9.019132 -12.977191
