13.628940 17.389925 12.968630
7.213320 13.561087 7.318705
5.129929 7.583829 5.091623
3.240594 2.724905 3.266517
0.772245 2.360031 6.855076
2.835885 3.655565 6.944796
0.720992 5.247700 9.932817
0.851763 2.122524 10.260930
1.764661 2.117938 8.638845
0.766731 3.777118 4.834173
-1.149529 2.988794 5.329941
-2.703009 2.662547 6.476514
-4.879238 -4.013011 2.009758
-5.658363 -3.919714 4.091047
-7.836701 -3.471692 4.161117
-7.013311 1.765698 2.764381
-8.456448 -1.471103 6.884751
-7.251017 -1.509170 6.472814
-7.284143 -1.257064 5.697446
-6.352198 1.198244 6.294595
-5.790931 1.161888 5.092108
-6.527623 3.163482 2.166788
-4.261304 3.192822 1.269967
-3.415613 3.017715 1.574143
-4.864546 2.929719 -0.308149
-4.302407 -2.346215 -0.395599
-5.651725 -0.784178 -0.892718
-5.298753 -2.468038 0.022411
-6.915265 -3.657441 1.132999
-5.200140 -4.503375 4.322965
-5.251474 -2.895408 6.552037
-3.178594 -5.271207 4.976090
-6.216245 -3.437074 5.606258
-10.998810 -3.720824 7.801692
-5.858648 -3.979610 3.671412
-0.568948 -5.468609 8.269238
0.005621 -4.419000 10.075595
-0.901744 -3.192527 9.549964
-0.103951 -3.165060 9.065526
0.711410 -4.601606 6.685302
0.318184 -3.938849 5.872004
3.446020 -3.604459 6.169612
1.025837 -3.496270 9.403503
2.114494 -4.332403 8.782688
0.861027 -3.993634 7.013169
1.661262 -3.611685 7.577979
1.418620 -3.419698 7.303595
2.292095 -6.299080 5.102256
3.032538 -4.816244 4.842960
2.186412 -3.477026 6.916621
1.346917 -3.227870 5.739262
2.519545 -2.934703 5.124969
0.143442 -3.546714 7.601001
0.480251 -5.058864 5.892792
1.051250 -4.767133 6.696990
0.586958 -9.568116 5.206901
2.734265 -12.053020 5.742647
3.525524 -3.417600 7.312334
4.095514 -4.617055 7.730999
4.310311 -5.794054 5.972602
6.303360 -7.105752 -1.925669
2.959360 -2.126541 -1.726707
3.252164 -1.809008 -3.388819
4.801013 -1.464054 -1.823299
6.191425 -2.956166 -2.508833
6.405663 -5.389866 -1.585115
5.974455 -0.155398 -1.294401
4.954599 0.221969 -0.991354
5.370245 0.077824 6.079715
6.925080 -0.597560 6.159070
6.762144 -4.655181 5.006653
2.710760 -5.405140 4.742048
3.598663 -5.359297 5.638367
4.224071 -3.679347 6.318702
3.300924 -3.859895 4.614983
5.783799 -2.767564 7.717820
5.438014 -7.268929 6.573582
4.965408 -11.093484 2.981989
9.431887 -11.052138 2.370025
11.825601 -7.915947 2.971058
13.077736 -8.214946 4.458050
8.920848 -9.476250 4.871438
0.878329 -6.738956 6.770191
-0.201634 -7.850315 4.803573
7.186663 -9.826406 4.815556
8.355336 0.205517 -0.970609
6.672076 -0.719699 -0.846111
3.456553 1.390073 -0.464398
5.050704 -0.468022 -1.518407
4.235175 -2.510282 -0.755488
5.147765 -2.844764 -0.787993
6.564102 -4.304579 -0.569839
14.421264 -9.441516 -11.862502
7.853139 -3.942810 -5.855155
7.531439 -4.317126 -0.533738
9.193026 -4.876013 -1.373430
6.481201 -2.090922 -1.640519
6.602508 -2.506264 -0.949748
10.417516 -3.764217 -1.501722
7.570456 -4.929143 -1.740374
10.232513 -1.479434 -1.249680
9.760105 0.050868 0.877825
8.695023 1.170619 2.879881
4.564561 -1.128274 6.147784
5.441284 -3.483744 8.071166
6.093231 -1.241126 7.942558
4.881536 -0.033632 5.473818
9.582276 -11.289614 -3.088505
6.634004 -9.370669 -5.493767
4.107336 -9.673284 -2.002404
5.761134 -9.708066 -0.763313
4.663736 -9.225206 -1.337152
4.028810 -11.647832 -1.327870
5.407974 -12.811896 3.652133
5.241857 -11.761742 8.802056
4.947180 -10.790358 4.175844
1.102969 -8.714799 -0.460493
0.394340 -9.201123 -1.999684
-2.710301 -2.977289 4.836014
-0.453594 -3.266260 4.481651
1.531760 -4.947670 4.616357
3.813455 -8.911131 8.233450
1.033858 -5.271304 4.671209
1.907034 -3.414397 5.084864
1.447664 -2.956591 5.402707
0.285287 -4.221435 3.934450
-2.962364 -3.387198 3.447731
0.931204 -3.314443 3.189307
0.908524 -3.171314 5.823149
1.474983 -3.048862 6.221120
5.289247 -8.221278 4.957127
4.465041 -10.134846 9.026707
1.427576 -13.393556 2.205034
4.734749 -11.155711 -1.783868
1.829598 -9.914913 -1.989926
2.209352 -11.218949 -2.760025
1.139898 -2.686908 -1.305977
2.042737 -2.469182 -2.511929
2.410430 -2.931785 -1.606351
3.400401 -3.218487 -1.185026
2.549677 -0.060903 -0.361301
3.651359 -3.214452 -2.711644
3.753073 -5.739513 -4.778616
1.671505 -5.086447 -3.374471
2.178182 -4.725501 -3.274566
0.866729 -10.123185 -5.081543
