11.750442 -12.437864 -0.008445
9.455260 -15.995998 3.930064
7.561299 -7.281670 4.984240
9.682254 -3.029160 -2.255626
11.793430 -0.363427 -5.760215
5.481380 -2.100711 -2.364089
4.338397 -0.594010 -2.004508
6.463819 -4.089141 -1.680411
5.508122 -1.990649 -1.786782
2.235388 -1.557514 -2.000996
3.550300 -3.610582 -3.037136
3.308796 -3.488551 -3.018784
3.612481 -1.054376 -2.681376
2.648741 0.166975 -4.617785
7.712564 -5.591613 -5.018400
9.602753 -1.934478 -4.276727
7.877720 -2.985336 -1.269814
0.052687 -3.166356 3.832641
0.335392 -4.317634 2.833090
6.200083 -1.588042 5.178871
10.253333 -0.941524 6.621928
11.400231 1.986922 3.400486
4.788688 3.697639 3.056743
6.705324 1.698828 4.204130
6.759157 1.042953 4.048236
5.007165 0.773893 2.213960
9.454247 1.708951 0.598277
7.498308 -0.867999 -0.864094
8.839824 -5.689463 -1.615875
9.336452 -3.094255 -2.330902
8.833414 -3.471886 -1.797934
7.795027 -3.751276 -1.715170
6.277725 0.060926 -2.813791
7.710575 0.154319 -1.145385
4.021703 -3.971989 -3.777316
0.826196 -6.032640 -3.440200
-4.330221 -6.190998 -4.878444
-4.689369 -2.239075 0.624800
-6.511358 -3.154376 -1.069266
-6.017920 -4.098899 2.642095
-5.949095 -2.910474 -0.739701
-4.541564 -4.341847 1.998053
-4.942464 -3.725243 2.693029
-2.351976 -3.261907 5.127284
-0.199900 -4.967365 5.159749
0.039033 -5.706409 4.119464
0.635902 -6.813983 4.838746
4.192587 -4.801279 6.661134
7.112592 -5.830475 6.899644
5.713014 -9.642766 7.229326
-0.682249 -8.948093 4.751604
-4.780128 -4.875927 4.558023
-4.016863 -4.156926 3.117122
-5.313094 -4.723469 1.694689
-3.942951 -5.281805 2.995916
2.084719 -8.404537 5.372108
1.434504 -5.430995 4.668085
10.561586 2.563208 8.208415
12.389396 7.977621 11.935371
4.744200 1.752441 5.304408
6.723799 -0.669704 -1.163976
5.737759 -3.299360 -2.769458
1.245799 -5.695935 -2.691256
4.207530 -5.835879 -2.723001
2.751283 -3.064361 -2.947037
5.418350 -3.920638 -4.214463
6.541858 -2.584221 -2.623679
8.831525 -2.966815 -2.738845
10.416607 -2.413703 -8.462347
14.159479 -8.664403 -0.537592
14.089618 -8.293760 -5.053200
8.236757 -7.385076 -3.214478
5.379669 -2.315114 -0.535899
3.747897 -2.066109 -0.508278
5.419571 -2.162500 -0.707271
8.370010 -1.976423 -1.054516
5.582191 -7.163399 -2.250134
8.162612 -4.547795 -4.576385
6.816675 -5.313394 -1.328610
11.108994 -1.966572 -3.815201
14.713963 -3.817821 -0.431882
6.465962 -8.445955 5.366920
7.886613 -8.657305 5.360955
9.199567 -9.319293 4.627861
7.889079 -9.673852 4.705511
4.500535 -2.703940 6.715028
4.884769 -4.290879 6.398794
0.556132 -7.648959 4.371918
1.285392 -7.634462 -3.036010
2.716769 -11.839078 -5.383820
-1.631757 -9.410172 -0.901085
1.477138 -12.238818 3.326263
0.303890 -8.335040 1.237033
2.653836 -6.771834 -3.178552
1.898125 -2.078621 -2.273238
2.322705 -2.676846 -2.516192
3.837566 -2.181329 -1.131448
5.523383 0.029515 0.180779
4.423876 -0.031718 4.394548
5.274354 0.653192 4.213363
9.218992 -0.374754 3.118217
4.647924 -0.361733 3.055054
5.843341 0.416574 5.891892
7.319291 -4.919871 5.147947
9.692309 -5.923528 6.996219
9.908406 -6.610849 5.038616
6.856478 -6.710822 5.017715
7.775989 -3.735200 6.235820
10.513440 -2.967546 7.957745
9.293005 -4.572414 6.792064
6.703724 -5.350293 5.054955
10.532454 -5.953192 4.798049
9.521209 -0.852541 7.260897
18.930735 -3.995717 15.955359
