11.822150 14.332742 1.661386
3.160123 5.552667 4.085778
-0.198930 2.440245 4.977137
-5.502367 2.448885 6.322537
-7.330900 3.100723 0.928917
-6.079190 1.696450 1.502990
-6.564429 -0.994477 3.650612
-4.737980 -6.574749 4.187434
-6.378547 -1.002330 4.182044
-6.379147 -1.439854 0.951738
-6.018809 -1.027765 2.186910
-5.750772 3.326992 0.441511
-5.083689 2.657668 2.369796
-7.286796 2.853037 1.318271
-4.944333 0.486004 -0.483246
-5.747429 -2.139499 -1.236912
-6.999944 -1.857104 -1.231595
-5.977529 -2.162659 1.581237
-7.119834 -2.778628 1.593183
-8.028439 -8.601507 4.633951
-10.924902 -15.994676 3.628553
