9.579536 5.551459 14.629890
0.074719 3.265148 10.547226
-3.286589 2.753442 8.118331
-5.795645 2.574431 6.303609
-6.500961 1.776673 5.119266
-5.811798 -3.503890 5.129186
-3.861098 -2.889288 2.103900
-6.349036 -4.097266 2.021946
-7.979725 -1.959795 1.746533
-8.176666 -1.562080 0.519504
-7.808942 -1.664621 3.185443
-6.384715 -1.603468 1.590806
-5.725586 -0.330968 2.047169
-5.858523 -0.566585 3.742887
-8.790776 1.773225 5.019983
-9.216153 0.935140 2.752728
-6.115828 0.997205 -0.213774
-5.753773 0.611215 5.822030
-7.126908 2.562266 6.490073
-7.499397 0.006939 4.138318
-7.488669 0.833839 5.286695
-6.882909 -1.782954 1.368349
-5.832532 0.321646 2.736430
-6.479465 -2.704488 2.153489
-8.442977 -5.260003 3.949980
-13.037523 -8.981157 -3.770568
