-15.989810 19.279568 13.358758
-5.785108 9.050146 3.426701
8.844832 9.814299 -4.396085
7.380368 5.841272 -7.600744
11.117293 9.282248 -8.185019
7.598758 6.616093 -5.466689
6.597250 6.945807 -10.031978
6.613994 5.630225 -8.196072
6.237686 3.224407 -4.725410
11.433177 0.475182 -10.944569
9.981008 2.947639 -6.214764
9.928842 1.845061 -0.939738
10.504820 0.389089 -2.055429
8.580508 -2.814094 -6.350034
5.467053 -2.280662 -2.570011
5.577166 -1.445129 -2.224655
7.014557 -2.304932 -4.036178
7.036386 -1.773235 -0.675018
4.753240 -2.785395 -0.401842
4.158881 -2.044415 0.049332
4.573785 -0.336293 2.467585
7.048660 -1.594198 2.486480
13.509027 1.700198 0.983098
10.009797 1.405493 0.249579
11.002926 6.260433 -1.667127
11.737734 0.093424 -2.997551
14.088682 5.701275 -0.829341
7.320714 3.746125 -4.701586
3.030362 2.492226 -3.951728
4.223333 1.377553 -3.818910
2.196325 -2.825835 -3.297756
5.659083 0.804527 -3.251014
3.584348 -0.333259 -4.823124
3.852954 1.363992 -3.646910
4.596298 0.290769 -4.377445
15.475395 0.811720 -10.216008
12.600785 -4.594101 -14.599586
18.933212 4.869958 -10.528411
