-6.179584 -11.471783 7.601801
-6.532236 -15.324372 7.226084
-8.843451 -7.707845 4.601147
0.913223 -9.059463 2.988905
-0.140512 -9.132851 5.611088
0.878623 -5.076354 4.923028
3.240701 -3.581943 6.038616
4.085983 -3.689320 5.811444
1.756136 -2.807102 2.119236
1.613110 -3.173099 3.763758
1.101186 -3.346196 6.209098
0.682400 -3.297875 4.862635
3.888264 -0.890034 2.236080
5.027396 -2.323449 -0.662113
6.751107 -2.481933 6.311780
2.591837 -6.435389 4.975965
0.618034 -5.821322 5.831399
-2.821867 -5.162918 9.892704
5.562311 -5.485700 7.279472
2.475434 -5.939149 5.739632
1.079655 -3.265750 7.092340
0.224850 -2.072241 3.003097
1.027080 -2.481076 0.797899
-1.385928 -2.915530 4.276917
0.696127 -2.318354 4.370138
0.686404 -3.712345 5.398874
1.804553 -7.116149 6.030663
0.085347 -5.189457 4.990881
-0.736521 -5.705380 4.965345
2.561454 -5.212214 5.187308
1.812198 -5.767434 5.391350
0.686692 -4.821704 5.088292
-2.045661 -4.079574 5.865022
-3.590888 -0.696585 2.270909
-3.088918 -2.211991 2.633358
-7.213095 -4.058803 1.811791
-4.645363 -5.805470 4.413109
-5.844749 -4.702584 1.706322
-4.945126 -3.530789 2.933051
-7.451397 -3.737085 6.953310
-4.980350 -3.423167 3.624578
-5.197251 -3.443161 7.930799
-3.349223 -2.337391 5.466634
-5.516919 -3.033759 4.266264
-5.137935 -2.859940 2.844474
-5.031991 -3.801405 5.455164
-2.128435 -6.774509 6.240242
0.354496 -8.156489 6.375394
-4.020329 -9.664707 6.507173
-2.230671 -11.019135 6.017355
-4.475500 -10.278586 1.390310
-4.652426 -3.637535 4.671504
-6.038420 -2.785116 4.147811
-2.274691 -3.914338 6.231463
-2.835183 -5.634091 8.571266
-4.940028 -3.672942 2.520583
-4.054954 -2.868589 5.538290
-1.733792 -4.637668 4.954504
-6.116015 -4.895266 0.383708
-4.204633 -3.187296 1.296549
-5.058926 -8.661149 4.076176
-5.371928 -3.832016 0.693621
-5.513236 -3.551330 -0.107705
-4.504402 -4.417208 0.607086
-5.816825 -2.948645 0.718198
-1.120078 -2.013240 -0.688352
0.348521 -1.091203 -0.391521
2.128593 -2.805321 -0.096663
2.747755 -3.092690 -1.057256
2.128709 -3.009977 -0.123373
2.688304 -2.183992 -1.972580
1.048009 -3.292879 -2.129622
-0.443584 -3.029987 -2.745740
7.275528 -2.872653 0.250523
6.801541 -7.703034 5.317306
4.137450 -9.260723 -0.874672
4.736754 -14.705652 -1.663444
0.807898 -7.037274 6.341126
0.530383 -6.241343 6.160322
-0.140534 -5.849921 5.585308
0.269990 -3.166127 5.053310
2.607056 -8.580659 8.885039
1.345830 -4.501378 6.391600
1.197047 -3.857482 6.744706
-0.054543 -2.975923 5.305230
3.089005 -3.194943 3.131006
1.415254 -1.476918 1.812159
0.170339 -2.485735 1.304401
1.639782 -0.793333 3.245562
2.093141 -3.874675 5.501759
2.337895 -5.099221 6.166658
2.963117 -4.768148 5.090095
3.691025 -5.628481 7.536571
2.118445 -4.628814 6.053065
2.113728 -2.557436 5.635700
3.272432 -2.254742 3.727434
1.067590 -3.003086 1.255026
2.114799 -2.933343 0.946258
1.764655 -2.476636 -1.817389
2.978233 -2.810015 -1.072594
0.867603 -2.797203 -5.956695
4.023482 -4.861806 -5.391397
6.534828 -6.057639 -8.109366
5.341089 -3.609747 -6.595218
7.357140 -10.466169 -7.193117
9.210978 -7.477633 -7.011857
5.827967 -4.355403 -3.827674
5.806036 -4.707172 -1.768582
8.456282 -5.106910 1.321652
5.654486 -11.667583 0.459263
7.621188 -10.425513 5.492750
2.441681 -8.649930 4.388893
3.349495 -8.840490 4.708634
1.906740 -6.996822 5.544612
6.141371 -7.282852 6.911029
2.395163 -5.041732 5.606306
2.670679 -3.421895 5.842918
1.847142 -3.460011 8.296932
5.379079 -2.155380 0.216662
10.206757 -2.426662 -1.472454
