-10.571485 -13.510352 19.462339
-11.949272 -8.399712 10.214571
-3.797353 -1.278621 10.713039
-5.760514 -4.312494 10.695094
-5.557721 -2.354827 9.771902
-4.373994 -1.910642 5.009939
-1.300193 -5.677024 5.133601
0.306070 -4.596532 7.800515
-1.131405 -4.664243 6.957734
-0.734304 -4.931067 8.045307
-1.084862 -3.708559 6.827927
-3.455187 -3.725335 4.974379
-4.434019 -1.443222 5.319600
-2.331080 -3.250721 4.386293
-1.180935 -2.889773 1.906504
-1.713427 -3.278862 3.861076
-3.914052 -2.219833 5.196887
-2.544411 -3.912140 5.867327
1.029375 -5.437074 5.345910
2.057575 -3.075215 6.453985
2.988880 -1.930921 2.755313
2.314736 -2.754880 0.559766
2.789060 -2.816847 3.651421
0.756885 -3.502086 5.752809
-0.116469 -5.092096 5.032428
2.908405 -4.214698 7.184928
5.345467 -4.033275 6.113929
4.622681 -2.640358 4.501183
2.609272 -2.848246 3.208604
3.010960 -2.054280 -1.335166
4.722866 -1.824995 -1.094548
6.838330 -4.738720 0.772540
7.523144 -4.731534 -0.401927
6.204110 -4.381884 -0.298844
5.604464 -6.484577 0.684061
5.609384 -6.331173 -1.024935
5.957757 -8.495282 -1.038338
5.301988 -8.565361 -1.230541
4.286530 -10.633686 -1.674591
3.707703 -8.847527 -0.604467
7.773504 -9.195862 -0.302544
5.592647 -5.411864 -0.720415
4.808599 -2.989974 0.921438
4.052008 -3.162389 1.038275
4.501935 -3.230208 0.429345
3.517717 -3.143002 1.973206
2.264467 -2.196348 1.881594
3.598756 -3.201593 4.281202
5.714638 -3.512980 6.180695
6.798649 -6.024555 1.287173
5.644958 -5.445920 6.441778
1.164167 -11.578372 7.196035
0.161279 -15.728848 4.184519
1.338486 -8.498985 2.990148
3.947789 -7.536411 5.569437
8.134455 -5.860143 2.183023
6.735891 -7.165738 0.895954
8.120029 -10.208427 3.015862
6.224919 -8.147351 4.270248
1.543140 -3.027382 2.196412
1.084330 -2.764464 -0.535212
2.591379 -2.449291 -2.731269
10.269459 -6.388275 -5.184817
9.905158 -6.500838 -4.920456
5.459412 -4.050409 -6.490780
7.443794 -4.571579 -4.888158
4.506260 -1.166603 -6.514406
4.014550 -4.184029 -5.112622
-0.403422 -2.995887 1.881514
0.762148 -3.186136 0.972369
-1.152904 -2.982612 0.683846
-1.823682 -1.732873 -1.770600
-3.006238 -2.791732 -2.217208
-3.406361 -2.509032 -3.271893
-1.581335 -3.214928 -3.110713
0.610515 -2.927193 -4.186790
1.137825 -2.739190 -3.452436
3.195523 -5.151011 -5.950560
3.659112 -6.415681 -7.837575
3.301785 -5.684968 -7.791256
2.727953 -9.493875 -8.835216
3.877270 -6.185800 -6.548998
-1.636462 -4.196886 -5.225709
-0.936283 -3.592331 -5.367352
1.204257 -2.692965 -4.630918
-0.967427 -2.609561 -5.572227
-1.089293 -3.190386 -2.787047
-5.171705 -9.965772 -0.712244
-6.934405 -6.082491 -0.685222
-5.324113 -6.834127 -1.065976
-4.097142 -8.759686 -4.501318
-6.935735 -7.176795 -4.434181
-8.181124 -9.243734 -7.119790
-2.282340 -4.755553 -6.216507
-3.390548 -6.364525 -5.122658
-3.184367 -7.262788 -5.465748
-2.643325 -6.300512 -5.740569
-5.680908 -3.423727 -6.199466
-5.574711 -1.434742 -2.078146
-5.656159 -5.372525 -2.223966
-5.879529 -4.562119 -3.213200
-4.510018 -4.642425 -4.763319
-4.973787 -5.186117 -4.577893
-5.068039 -6.465267 -1.900148
-4.453768 -5.711389 -3.315209
-4.922806 -1.926373 -0.227119
-6.981694 -5.402065 0.055619
-4.967303 -4.002890 -2.659089
-4.432179 -4.473634 1.021114
-5.264562 -4.700794 0.319122
-6.946410 -3.257945 3.231982
-5.617723 -5.526706 2.994765
-4.661697 -4.010352 0.461249
-5.344869 -3.753929 -0.699980
-2.973078 -1.914355 -0.868088
-4.415716 -2.488353 2.175552
-3.001113 -3.046420 0.664189
-2.056132 -2.721887 -0.078996
-2.871162 -2.633898 -2.190147
-2.353517 -2.773908 -3.542947
-1.515301 -3.209087 -1.652737
-2.746422 -2.990703 -2.892134
-2.353888 -3.253336 -1.663512
-1.218387 -2.854823 -1.594537
-1.034405 -3.055601 -3.900589
-2.471736 -3.001839 -3.883811
-3.251951 -0.526268 -5.240847
-3.840619 -1.761600 -4.612894
-6.426459 -1.965783 -4.640520
-2.481730 -3.248515 -3.036407
-2.978365 -2.154922 -1.879614
-5.068213 -2.691669 -3.850296
-2.929555 -3.287626 -3.327967
-2.445211 -1.891191 -3.328091
-1.013303 -3.259046 -1.963633
0.000737 -6.626650 -5.836300
0.181952 -7.254759 -5.121662
-0.102315 -6.454718 -5.563281
-0.237423 -5.018151 -5.742826
-0.842206 -3.747888 -5.814731
-2.093551 -1.511394 -7.822995
0.929091 -6.011521 -5.889935
1.879564 -9.526040 -8.192775
2.241602 -13.177032 -2.621107
4.050567 -12.351037 -0.847743
6.986611 -8.119683 -8.969814
6.252590 -7.763774 -2.587077
5.623982 -4.891210 0.457293
5.844261 -0.435222 2.572859
3.864491 -2.775101 1.988133
0.473823 -2.960256 3.119256
1.564887 -1.298935 3.987110
2.166037 -3.530057 5.960782
0.922256 -2.291872 4.629962
1.742576 -3.064359 2.805221
5.174567 -2.530783 0.131656
-0.544809 -2.703585 2.777843
-0.928826 -2.751474 3.394718
1.360735 -2.725556 2.350377
4.127902 -3.078914 0.932406
4.448431 -3.055938 -0.993822
6.192269 -1.815037 -1.887531
3.903063 -2.865090 -2.483320
5.717168 -5.014048 -3.793532
7.459076 -3.922565 -3.769458
7.632938 -6.791996 -0.643130
7.461695 -6.236303 1.450217
5.602842 -7.149910 3.357665
5.915717 -6.201045 0.773441
5.829332 -6.776696 3.051349
6.599933 -7.137382 2.653562
5.634983 -7.133433 1.807266
6.323681 -6.547610 3.291048
5.694568 -6.802267 4.485122
5.984441 -8.710932 3.810658
6.373899 -4.808020 1.229178
8.295747 -4.981770 -1.847840
6.956132 -5.160519 -1.996186
5.922587 -7.442472 -1.725133
5.082735 -5.851804 -5.412753
5.198955 -8.412280 -3.281514
11.104770 -7.790221 -2.512434
6.717377 -6.497569 -3.434375
3.225024 -3.152790 0.237949
-2.204706 -2.997054 -2.273137
-4.059339 -3.287070 2.256221
-2.338951 -2.795133 3.712412
-4.556710 -2.462554 2.834972
-6.106883 -2.783335 4.176481
-4.426773 -4.847676 1.170782
-4.731757 -6.444744 0.712758
-5.194407 -5.390194 -0.855062
-5.239912 -6.886261 2.777872
-4.751743 -4.310062 0.416696
-4.451030 -2.360582 2.939500
-3.956715 -2.174201 0.756636
-3.778117 -3.052069 1.903761
-1.788122 -3.291584 1.096001
-4.148572 -2.575294 0.820679
-5.590919 -2.035754 3.396579
-5.308323 -4.092329 0.183204
-4.562913 -4.386157 -1.241324
-4.712836 -3.863046 -3.938921
-2.245864 -1.111360 -4.765782
-2.121242 -2.218919 -2.222660
-3.625369 -2.974076 -4.859601
-3.399240 -2.453599 -5.246171
-4.154264 -4.299505 -5.620939
-5.297379 -6.102875 -6.160341
-2.664437 -7.789863 -6.069688
-1.965508 -6.107865 -6.687132
-5.616016 -7.448524 -4.996976
-4.497557 -3.383822 -4.050491
-3.837772 1.003971 -3.417828
-2.610577 -2.606494 -4.356308
-3.196010 -2.339158 -2.887820
-2.825464 -3.530806 -5.906052
-3.886317 -6.690598 -5.343129
-4.672800 -4.092870 -7.196398
-2.754578 -1.352082 -3.881207
-2.923980 -2.118466 -2.495387
0.530337 -2.392928 -2.130100
1.229011 -2.771461 -5.462101
-1.862091 -3.041462 -7.099723
-3.402317 -3.236598 -5.095519
-2.821878 -2.297289 -1.174972
-4.859102 -1.180783 -1.086043
-4.160537 -2.285366 -0.989582
-3.743645 -2.963152 -1.264471
-6.256545 -4.152708 0.537911
-8.146001 -8.062628 0.828241
-5.350279 -8.049945 0.015365
-6.150356 -10.079837 -3.983839
-4.439990 -6.858185 -4.675208
-6.225358 -5.994780 3.990916
-5.108342 -4.274635 4.214023
-5.235537 -10.721455 3.306533
1.058519 -10.227184 1.270798
-3.222193 -8.834983 1.482166
-5.408119 -8.904299 2.967955
-6.161662 -5.535396 3.754210
-5.083184 -1.986562 3.702259
-3.891278 -3.683338 6.339174
-3.536813 -1.391342 5.313464
-5.615852 -5.438448 3.959203
-0.023718 -3.800209 5.480060
-1.377495 -5.715494 8.041373
-0.943747 -6.530623 6.019337
0.725140 -5.907969 6.135850
0.796247 -2.382785 3.418827
0.149961 -2.942238 -1.510790
1.748735 -3.238726 -1.737752
1.279034 -3.036595 -2.369211
-0.319360 -0.838263 -3.327559
1.313836 -3.063326 -3.317473
2.824475 -3.270911 -3.558270
0.823580 -2.885213 -3.058023
0.383723 -2.815946 -5.066856
0.985965 -5.946341 -5.411806
2.322832 -2.875863 -6.256642
0.328664 -6.312140 -5.236567
-3.452466 -8.828456 -5.971315
-5.490054 -7.292230 -4.661311
-4.768132 -2.852401 -2.879832
-4.971989 -4.385561 -3.163035
-5.166693 -3.716139 -3.234581
-3.001784 -8.703026 -0.479819
4.725729 -9.461718 -1.694487
3.448054 -8.467535 -4.602887
5.734559 -8.546919 -2.055241
3.926937 -9.167736 -1.927017
1.235624 -8.339149 -1.871220
1.342469 -4.429749 -6.072029
1.004679 -4.706625 -5.750350
-3.539160 -5.354320 -5.370088
-0.519647 -4.447217 -5.844324
-0.594977 -2.337538 -3.940598
-4.068571 -2.824188 -4.452069
-5.736100 -4.422672 0.693173
-4.909180 -2.699034 0.120116
-3.355963 -3.037973 1.788740
-2.107584 -3.307376 -1.312867
-5.883914 -4.257346 -1.385866
-5.927825 -6.213176 -3.731266
-8.218854 -4.932021 -2.502325
-5.283320 -4.869504 -2.269870
-5.386499 -3.449634 -3.626359
-0.852530 -2.635426 -2.649667
-1.670102 -2.797844 -3.963077
-1.172351 -2.904181 0.055418
-6.169366 -5.132509 0.272854
-5.542490 -4.571863 1.069635
-5.534291 -4.841586 1.368400
-5.848362 -5.212711 -0.115076
-5.830922 -4.624914 -1.574519
-5.064825 -5.688974 -3.892310
-5.468388 -5.247310 -5.189589
-2.361285 -4.195683 -5.517957
-1.533262 -4.494447 -5.478719
0.707602 -8.223012 -5.178601
1.027038 -5.347476 -5.801554
-1.737656 -4.027526 -5.266528
-5.034491 -7.243513 -6.432116
-0.766139 -5.501955 -5.350514
-3.229958 -2.427917 -3.714726
-3.216822 -2.529707 -3.661489
-3.438313 -2.606678 -4.274829
-6.501023 -3.732219 -1.782389
-4.845749 -3.664415 -1.846193
-5.087581 -2.979546 0.611511
-6.742741 -5.739056 1.728435
-5.151965 -7.526676 0.176314
-4.834626 -6.666813 -0.999228
-4.444041 -7.252387 -0.503340
-4.677217 -5.963996 -0.245365
-5.880350 -3.706800 3.323193
-6.581527 -1.836496 1.523401
-5.043037 -4.581560 1.969569
-3.641725 -3.028091 1.438951
-7.088995 -6.760248 4.294473
-4.554639 -5.939123 0.799654
-1.684031 -10.220344 0.373006
-2.200961 -9.308298 -2.915358
-2.475558 -8.703226 -1.785731
-4.605263 -9.381866 -4.996901
-3.552539 -5.780583 -6.911149
-4.210787 -6.613284 -5.102002
-5.038615 -7.126373 -9.020311
-5.988433 -5.251144 -3.609265
-5.357829 -3.837383 -5.192960
-4.928365 -3.921346 -4.742444
-0.553828 -7.393736 -8.509845
-3.061218 -3.146403 -4.012953
-1.320896 -2.749161 -2.351551
-5.085678 -7.541842 -2.340655
-6.370779 -8.604863 -0.469046
-6.805986 -6.830349 -3.150727
-4.684646 -5.593009 -2.193738
-5.665851 -5.381407 -4.824429
-4.811326 -5.344119 -5.000790
-5.155418 -4.407691 0.845127
-6.342292 -4.873948 0.240764
-3.742106 -5.952853 -5.161662
-1.076643 -5.102757 -5.576958
0.349579 -4.690355 -6.044616
-2.401202 -2.822052 -4.888930
-1.961025 -3.164840 -1.338707
-3.288818 -1.344233 -1.152812
-4.924490 -1.819148 -3.411012
-0.209539 -9.142540 -3.781782
-1.813155 -8.713951 -3.745134
-2.389402 -9.796515 -4.249756
-2.992776 -8.878146 -4.384826
-2.253669 -8.569537 -1.827566
4.463474 -8.441882 -0.003168
-1.554638 -9.033107 -2.675065
-1.402838 -2.434772 0.387349
-0.726368 -6.813632 5.303944
4.191029 -5.680210 5.401870
6.173499 -5.184491 4.152501
6.519938 -3.820901 3.310160
0.878335 -2.504141 5.076679
1.279214 -3.264447 3.549539
-0.542919 -3.068181 -0.284911
-1.325120 -5.950737 -5.207394
0.052102 -10.522910 -6.986441
2.917951 -8.887238 -3.240325
5.652162 -4.838568 -2.246005
6.237832 -3.251999 -4.273843
2.696127 -8.650853 -2.504240
5.843742 -7.325869 1.974336
6.290564 -6.768250 1.173170
1.374894 -3.713176 8.945235
-1.504150 -6.589978 6.987873
1.058528 -6.878305 5.581607
0.383128 -10.744506 5.850830
2.422594 -4.432239 5.697448
1.149978 -5.123359 6.103220
-0.209400 -7.623011 5.015783
1.035547 -5.885941 5.421158
5.829968 -6.560284 7.794883
3.648560 -4.554831 5.027316
-0.355058 -1.936879 3.919190
-0.616034 -4.060948 6.138674
2.558327 -2.642794 2.891966
4.091882 -2.993678 2.657745
4.696341 -3.103043 2.829945
10.858268 -7.212029 5.765301
5.720308 -7.335634 1.724693
5.602430 -4.229041 0.836919
5.348431 -1.765412 0.441221
4.958271 -3.007619 1.723348
4.805656 -2.541878 0.898599
2.456375 -1.025316 4.767544
3.131775 -7.670702 6.026234
-0.415239 -2.402252 5.879820
0.395700 -2.301445 4.066168
-1.898471 -3.137782 3.030280
-0.113918 -3.161047 3.586457
0.790948 -1.652457 9.812233
-0.262621 -4.266437 6.223796
0.179144 -3.917394 5.277709
1.499242 -7.871134 8.343493
1.138710 -8.749718 8.069764
-0.093796 -6.142153 4.981361
-0.158533 -6.421571 5.286760
-0.479836 -4.509862 5.596349
-0.408152 -3.170199 5.623943
1.223229 -3.183815 0.211078
3.481433 -2.811717 -0.804902
0.272479 -1.704330 -4.154185
-1.519726 -2.549540 -2.050911
-3.874244 -1.602927 -0.328562
-5.408917 -5.165483 1.266227
-4.420434 -4.170758 -0.865859
-5.434118 -3.681470 1.184366
-4.050653 -2.679457 -0.534906
-3.898052 -3.173191 -2.685499
-5.547183 -6.400177 -4.802658
-4.967324 -5.157595 -3.052626
-2.280867 -4.623617 -5.591203
-1.970018 -4.729253 -6.445982
-1.591198 -5.693016 -5.851790
-2.278045 -4.397131 -5.378954
-2.367125 -3.816805 -6.678500
-2.812011 -2.847480 -4.047667
-1.196877 -2.908442 -3.652605
-0.440024 -2.785354 -2.872591
1.133656 -3.223390 -4.167754
-0.650877 -4.866616 -5.386262
-2.462064 -3.159132 -5.915948
-0.690956 -4.724479 -5.939301
-1.250673 -3.079852 -5.282159
-1.192322 -3.864991 -6.217489
-0.869114 -5.870593 -7.038384
-3.078838 -6.981464 -5.250357
-2.021136 -3.865204 -5.805364
-2.589287 -3.380454 -5.169845
5.138886 -2.726671 -5.026858
6.399631 -2.974612 0.067013
6.372874 -6.879502 0.881284
5.600938 -3.641524 -3.537841
5.611588 -4.999672 -0.828929
1.790884 -3.233054 -2.437880
-7.528006 -1.645755 -2.337272
-7.686144 -4.774053 -3.508371
-5.529868 -5.654466 -4.699742
0.773664 -4.230830 -6.407646
0.375460 -4.664494 -5.311812
2.840560 -7.985926 -7.603944
2.703382 -7.759563 -5.919403
5.930482 -8.780692 -6.008524
3.142940 -7.560349 -5.723466
-1.674797 -2.844027 -3.321321
-2.052691 -1.951203 -4.135406
-2.240264 -2.580242 -1.392444
-2.980515 -3.254317 -0.545303
-4.822819 -2.293188 -2.243649
-4.558674 -5.946485 -3.180081
-2.923857 -6.407147 -7.270299
-3.545790 -6.359595 -7.235544
-3.027485 -4.446278 -5.415829
-5.197017 -5.719569 -5.476330
-5.144186 -3.664037 -3.770280
-1.921193 -3.080502 -2.351152
-3.842371 -3.042494 -2.046830
-2.501372 -1.974250 -0.300763
-0.286225 -3.029115 -4.164902
2.253069 -1.858075 -3.941384
4.210587 -4.331843 -5.451927
-0.258960 -3.821012 -6.755670
3.127568 -4.030525 -5.433124
1.767227 -2.112620 -3.249454
2.357183 -1.710476 -3.032566
4.090207 -3.998004 -5.275336
2.009721 -8.920314 -5.816758
0.192539 -9.085930 -3.440753
0.223549 -9.760998 4.635419
4.632193 -8.496289 2.478956
1.881585 -12.765196 3.973256
3.980538 -9.838703 1.755927
6.972626 -9.503242 0.959914
6.726864 -6.893256 -1.818262
7.440986 -6.422094 -4.062770
8.142126 -5.176734 -2.645609
6.366634 -4.193202 -1.416592
4.305604 -1.634857 -0.536969
4.100406 -1.995732 0.093199
3.566017 -2.100558 0.250813
3.159796 -2.907179 0.006425
4.358364 -1.618040 0.208537
4.312405 -1.814890 -1.626636
-0.630931 -2.130929 -3.656745
1.218893 -2.993543 -2.181022
3.213142 -2.772304 -2.800765
3.112326 -3.220240 -3.869155
2.239002 -2.644958 -5.495409
3.688532 -5.076840 -6.657885
4.641073 -5.407904 -7.381819
6.666119 -3.253995 -5.852405
4.191427 -2.774070 -2.749065
4.454353 -3.280210 -2.182724
1.529219 -2.826088 -0.688857
3.226043 -2.805280 -2.721271
2.273846 -1.997490 -0.690584
5.538077 -2.914823 -0.739268
4.591600 -3.044186 -1.963782
1.495397 -4.136693 -5.371485
5.683457 -7.542739 -8.618812
7.663194 -6.186736 -3.882308
6.796926 -7.764896 -1.291348
4.844388 -4.046934 -6.130557
6.100636 -5.598725 -4.373926
3.800010 -6.192290 -5.313497
4.924419 -7.671389 -6.730855
5.774888 -7.906249 -5.861778
2.059448 -3.782563 -5.597622
1.780603 -4.467632 -5.276647
6.015534 -3.287689 -5.331092
6.452808 -6.041187 -3.637278
5.764870 -6.713128 -2.508644
5.666416 -6.059877 2.887550
6.235639 -8.523914 1.607204
6.710204 -10.513126 0.996063
5.134676 -13.523806 2.964499
8.803279 -2.512344 0.325591
8.841936 -5.699888 -1.414421
6.355205 -8.182640 2.579364
3.795260 -9.077472 5.650681
0.077480 -9.980056 4.269765
2.755636 -6.932047 5.566906
3.316007 -3.536346 6.412654
3.679482 -5.847494 5.717368
4.238754 -5.969187 7.165277
2.449151 -5.757356 5.118212
4.314439 -4.336785 6.056734
1.619026 -5.937354 5.871006
0.289278 -5.377946 8.194909
0.511402 -2.376429 3.638553
-0.560881 -1.525347 3.604185
0.127856 -1.839159 3.664839
-0.229951 -2.863276 3.132611
0.407347 -3.132817 -2.440126
-0.011851 -2.611424 -0.500964
-0.821806 -2.422840 -2.139711
-0.674806 -2.311306 -1.852728
2.424364 -2.854643 0.189872
3.121347 -2.955608 0.829467
2.250063 -2.652132 -1.003901
-1.460063 -3.047584 -2.112397
-0.065771 -2.903500 -2.495183
2.767393 -2.439078 -3.168730
4.317025 -1.471711 -0.346087
8.088602 -5.819260 -0.697694
6.615647 -5.450669 0.613180
6.640728 -5.317680 -2.024845
6.490191 -4.378840 -3.148031
5.613701 -6.429773 -3.999926
2.695170 -3.135157 -2.053577
4.556921 -2.305290 -4.808315
5.883646 -5.098004 -1.133320
2.667532 -3.009892 -4.471018
1.002074 -2.796209 -4.079002
-1.341000 -2.188946 -3.084798
0.029937 -2.239902 -5.364090
0.458155 -2.956525 -3.135374
-0.625100 -3.052672 -2.612264
1.795208 -2.466360 -1.899348
0.905093 -2.709475 -1.911441
4.530056 -2.412978 -3.307466
3.026399 -0.779047 -4.946916
5.048299 -4.738570 -5.856534
4.889746 -7.046952 -11.290978
4.413070 -1.425416 -3.911148
1.689087 -1.654251 -3.001804
1.522175 -2.550225 -2.868855
-1.550197 -2.389465 -4.275759
-3.107796 -3.247375 -4.304741
-3.223130 -2.660940 -5.575846
-3.078785 -2.802175 -3.998698
-3.629673 -1.965121 -4.005581
-4.336988 -2.590671 -5.286288
-4.966971 -4.328801 -3.193059
-6.368054 -7.451478 -3.066837
-6.595242 -8.335090 4.949817
-4.060945 -10.361829 3.398396
2.349658 -8.910651 -0.367511
4.492545 -15.223485 -1.765324
3.174876 -11.396636 -5.542029
2.146021 -7.983459 -6.477262
-1.329591 -6.074023 -5.863979
-1.716938 -6.040889 -5.972496
0.853135 -6.155452 -6.072961
-0.198971 -6.988482 -8.401179
-0.790649 -2.290799 -4.255103
-2.464481 -2.468923 -4.040932
-1.890788 -1.764782 -2.796310
-0.884867 -2.707021 -2.617548
-2.953193 -1.783827 -2.864342
-2.002722 -3.094951 -2.756306
-2.098461 -1.826196 -3.822592
3.505182 -3.122298 0.563988
3.211535 -3.278905 0.301906
1.559896 -2.879516 0.092435
1.357736 -3.173286 -1.093089
2.250946 -2.810753 -1.838093
3.754950 -1.674315 -5.293219
2.969715 -3.076379 -5.047335
2.381875 -1.885704 1.072165
2.030108 -1.800364 2.811213
3.756980 -2.749050 -1.705155
4.583761 -2.005682 0.740819
8.970856 -2.243259 -1.085790
6.034392 -4.335086 -0.744123
4.111963 -4.399511 -6.840664
0.351130 -2.832314 -4.698043
1.806660 -4.769767 -6.609035
-2.745495 -7.020499 -7.331538
-8.474740 -3.484296 -2.341984
-7.742699 -4.265611 -0.220476
-4.183052 -1.552172 2.842399
-3.638269 -3.303754 0.863348
-3.931835 -1.829313 2.530410
-4.486018 -2.782558 0.062278
-4.960655 -6.520045 0.763464
-4.850691 -4.171536 2.336938
-5.453303 -1.975600 0.572877
-5.886924 -3.059176 -0.610907
-4.972374 -4.524824 0.794331
-5.560209 -4.205808 -3.473826
-4.671492 -3.348863 -3.230223
-4.439246 -4.357577 -2.742642
-4.591947 -8.645918 -2.921503
-2.573554 -10.322241 -2.023056
-2.393955 -6.224568 -5.195283
-0.786932 -8.169789 -7.634551
3.320660 -6.648320 -6.352536
3.862821 -3.834128 -6.527509
2.113078 -1.742784 -5.294230
0.512243 -4.284328 -6.046973
1.510867 -3.298409 -4.920415
0.889980 -2.452491 -5.500066
2.869814 -4.438209 -5.290398
-2.353574 -6.284524 -5.387294
-2.450833 -5.931818 -5.800870
-4.937513 -10.195440 -7.420909
-4.780196 -4.282068 -2.242190
-4.115970 -2.226297 -0.372640
-3.672751 -1.750383 -1.492822
-2.904376 -3.134746 -1.923538
-2.195715 -1.049736 -3.141696
0.457710 -3.239021 -2.701908
-2.335209 -3.304660 -1.940363
-5.071986 -0.891850 -2.017045
-3.426718 -1.448127 -0.568491
-3.045493 -2.824767 -0.465658
-6.057308 -4.757467 0.108229
-8.658624 -5.113497 -0.160569
-4.704701 -4.576204 -0.085445
-5.236220 -9.996138 -2.003610
-9.594989 -9.756691 -1.573868
-4.997273 -5.659260 -4.225914
-7.895296 -7.963096 -0.520626
-6.864707 -10.409412 -2.222074
0.296779 -8.611371 0.427877
5.619206 -11.774562 3.361587
5.581304 -5.724250 -0.151815
6.637587 -4.951382 -0.016468
5.703658 -4.038637 -3.816592
10.503073 -5.312166 -1.185886
9.318441 -4.247237 -2.391947
4.556286 -1.930964 -2.301598
4.015961 -2.555703 -2.858797
2.185911 -2.568277 -2.108680
2.375411 -3.124735 -2.264916
3.162604 -2.399665 -0.972940
2.900175 -2.762009 -4.901492
2.382803 -2.645105 -4.617678
0.559155 -2.110166 -4.344089
1.846118 -2.357623 -5.040778
3.539715 -5.246682 -5.839438
4.314133 -5.852510 -5.956989
9.460782 -8.960702 -8.060237
7.308999 -4.785147 -6.011903
6.014512 -4.016691 -3.884590
5.635345 -5.332167 -3.022508
7.049686 -7.014735 -4.451038
4.618403 -4.800784 -6.960855
3.774384 -2.512313 -6.550869
1.169736 -2.337347 -2.651267
2.237472 -2.370954 -2.255411
3.731047 -2.170858 -2.710705
1.099308 -3.166444 -3.356536
2.440659 -2.635514 -7.837950
2.907714 -3.817073 -5.825705
4.709383 -6.050658 -5.817010
5.577569 -7.527933 -6.047029
4.806473 -8.665487 -4.895613
-2.231219 -8.684565 -4.391986
1.324373 -8.858862 -0.674747
-0.211835 -10.488889 -12.505942
-0.352716 -11.345806 -9.839828
-3.002003 -7.340981 -10.210251
-2.686925 -1.677977 -4.474958
1.816858 -2.956119 -2.256478
0.420322 -2.267256 -5.087990
1.730650 -4.633947 -5.277517
1.055305 -3.776170 -5.839214
-0.225610 -3.138488 -5.838501
1.709150 -2.403772 -1.099663
2.639884 -1.579382 -2.066882
2.777157 -2.433534 -1.884466
4.138645 -3.088413 -3.266653
4.650908 -1.152065 -2.104914
6.506577 -4.310513 -2.741827
4.575972 -0.894723 -3.416152
2.225950 -2.056801 -8.515217
-0.857497 -2.017927 -4.697474
-0.030731 -3.554265 -6.283620
2.558405 -4.862957 -5.381066
0.373177 -2.053442 -5.874104
2.308164 -1.977271 -4.212261
2.966130 -2.543644 -3.768146
2.069120 -1.704658 -3.777809
2.518505 -1.485156 -4.548011
0.922134 -3.997927 -5.299083
1.877932 -7.531493 -5.885625
-1.253973 -7.885731 -7.108187
0.648188 -8.675216 -6.655650
-0.233231 -6.630080 -5.681464
-0.730935 -7.706158 -6.220204
1.131981 -9.889371 -6.134787
-0.301928 -7.673162 -9.369461
