-2.420582 -2.082294 -15.126786
-0.939600 -0.796938 -5.418708
0.381046 4.103965 -4.227525
3.837593 9.941960 -4.952374
6.568644 6.855454 -4.338361
4.336221 5.351062 -3.071501
4.541990 3.321915 -3.753964
4.445986 4.015830 -5.886839
0.381763 5.646206 -4.122353
-2.030720 3.292413 -3.010673
-0.903303 5.297650 -1.605998
-0.360166 4.429529 -1.452607
-0.385413 4.613988 1.886776
-1.852410 4.030829 1.403818
1.024927 4.272679 2.539536
1.718442 6.105913 2.114686
3.024276 6.081985 3.928402
4.598514 6.345548 2.118167
6.347791 6.125444 4.964024
11.719852 12.801600 6.563304
