19.262049 -12.132233 4.249029
10.329111 -5.005005 -0.477911
11.649876 -1.697204 -3.448689
15.906314 -1.735161 0.918029
9.847201 1.404774 -1.676543
6.227149 -1.412218 -2.863974
4.755171 -1.338525 -0.610746
0.923022 -3.080836 0.323179
1.069331 -2.972162 -0.081243
3.906837 -2.865908 1.179414
1.179844 -2.890103 0.373741
3.668072 -2.326259 0.200080
3.980865 -1.449286 1.184575
5.150562 -0.536887 3.405489
6.029321 -2.856893 6.543694
5.543348 0.565120 3.356032
4.057264 0.948021 3.947148
4.779922 2.295586 3.628286
5.909884 1.193119 2.661426
5.284242 1.010387 4.360414
4.136878 3.447676 4.837670
6.175281 3.360919 5.250935
4.578801 3.069111 2.034994
5.564928 5.266558 7.258359
8.751763 4.807093 6.135225
12.743872 4.895030 9.298341
13.679234 5.396321 9.860556
6.505900 4.909083 2.309597
5.257045 4.390010 2.772810
5.287074 2.255234 3.665014
2.467745 -0.086419 6.906387
4.202334 0.154247 4.587513
6.768506 3.901600 7.571555
-3.251385 14.175544 17.066776
-15.532203 18.938997 13.751575
