17.082352 12.231195 7.777633
14.621353 5.369493 7.003050
7.626578 4.866107 7.773941
4.448630 5.024369 5.753976
2.529749 -0.312938 6.071471
6.935486 -1.399647 11.507035
6.031012 -1.011784 10.920302
-0.318058 0.609862 4.741839
4.402626 -0.617061 7.040927
2.539834 1.189199 6.350173
7.236274 -1.291886 8.720474
5.066428 1.675517 6.211712
6.450741 2.072479 4.775017
4.707204 2.587704 3.398924
10.979608 6.058120 9.559176
8.524765 6.544722 5.202567
13.427051 11.801107 10.810605
10.915303 -0.092721 15.354061
7.452002 1.502846 12.290730
6.898696 3.201542 10.681937
5.331686 3.705785 3.723237
5.363559 1.175767 8.192917
3.026693 -0.104853 9.122213
4.778298 -1.372202 5.351900
5.407435 -3.185039 9.173617
6.331631 0.767412 6.850956
4.961103 -1.017836 4.186699
6.308667 -1.303922 4.578443
6.398963 0.497407 3.161098
6.471001 2.806141 5.632536
2.612585 -1.301157 4.933813
4.193106 0.541691 5.334969
3.991408 -1.329400 13.149006
