4.890020 -16.809904 6.832693
-0.209322 -6.195999 6.700661
2.292619 -3.043378 7.231224
-0.601252 -2.331978 4.581481
0.908155 -3.201396 1.757032
-0.572984 -2.627809 1.906756
0.678583 -3.128330 4.217598
-5.981951 12.812213 -5.726222
-7.135798 12.083764 -9.893948
-3.396116 8.781181 -0.852186
-3.941320 6.262345 -5.293141
-1.498204 8.359756 -7.185547
-1.555440 3.387055 -9.515399
-5.552128 3.611521 -8.428029
-2.855453 7.284945 -6.375861
-3.747453 7.824119 -7.455061
-2.690427 7.608737 -8.058974
2.777996 4.569825 -8.266160
0.001708 8.123825 -12.531688
-2.002658 8.206247 -7.647651
-3.150233 11.909507 -7.139313
2.886832 13.917170 -10.422354
0.615355 21.118692 -11.061489
-5.933961 14.537416 -11.002124
