8.981031 11.269473 -6.566969
10.770408 6.709885 -2.072580
6.823970 2.181622 -7.944389
4.349248 2.961566 -4.895217
4.647851 4.058607 -3.380018
2.514780 2.259280 -3.345289
4.164321 2.278319 -3.574037
1.152407 1.697984 -3.361195
-0.892810 6.075523 -4.318546
-2.255474 5.498488 -1.457519
-1.148351 5.345067 -2.462197
4.113957 7.340981 -6.529952
8.734145 8.481377 -6.777229
5.933962 10.473380 -3.700989
3.736883 4.353434 -3.417617
8.763795 4.982405 -4.752701
7.058023 3.594371 -3.700790
4.134314 2.505343 -3.808477
9.961561 4.625000 -3.329544
7.918270 5.696387 -3.873650
7.252116 6.357017 -3.082448
11.255212 6.652212 -3.366151
9.335063 10.150226 0.205724
8.608822 6.221583 2.336048
3.631489 1.585809 2.732360
3.700694 2.757965 2.573767
4.891020 2.452244 2.982389
6.678205 4.679057 3.597754
4.260582 1.033770 2.535737
5.228647 -2.213663 2.253768
6.733995 -5.469623 6.201847
10.020411 -7.799862 9.411151
