16.761368 0.681312 -5.286066
9.685425 0.509533 -3.774020
2.381921 -6.205114 -6.139884
4.295991 -7.796161 -6.557488
1.115678 -8.041964 -8.105206
4.717318 -3.718889 -5.635267
6.191707 -2.715025 -4.946349
3.312841 -7.355931 -9.933117
4.090978 -5.120622 -5.102932
4.408326 -5.407111 -6.278662
7.675345 -2.031277 -3.977249
7.783505 -9.048111 -2.566396
4.143660 -8.825991 -4.362910
5.987952 -10.040551 -3.259152
3.665824 -8.538432 -0.235898
-4.640674 -2.626203 -0.950293
-2.568743 -1.570517 -1.459248
-2.421231 -3.111614 -1.779576
-3.531657 -2.948434 -3.300782
-3.285172 -0.642619 -3.921003
-1.087421 -2.845751 -1.160763
-0.406013 -3.168336 -1.263445
-1.629560 -3.285067 -3.818097
0.121825 -2.780219 -2.880834
-1.558646 -4.246145 -5.404743
-4.535515 -6.491197 -3.191341
-5.334241 -6.429102 -5.101371
-4.468340 -4.625788 2.709417
-7.581836 -5.432140 3.096834
-5.057309 -2.691992 2.729959
-3.637898 -3.276847 3.028112
-5.080559 -4.235995 1.375235
-5.476135 -7.549767 0.518554
-4.634151 -7.010357 3.945619
-4.515877 -7.822898 4.908724
-8.051059 -14.631579 3.056612
-3.156962 -9.924954 8.300792
0.393462 -12.458827 4.990335
1.600312 -2.867835 -2.081727
0.922138 -3.149952 -4.714363
7.072403 -6.859136 -6.713224
7.761878 -8.086819 -3.668979
7.164063 -6.436947 -6.746883
2.649792 -4.310469 -6.846765
2.094846 -5.261656 -7.792144
3.817660 -2.552831 -3.715242
1.851353 -2.539412 -1.584544
0.348932 -3.018904 -1.736261
-7.661331 -3.187476 5.362946
-5.204360 -1.541669 3.370404
-3.317388 -2.573874 4.996836
-2.160187 -12.269501 -4.337811
-4.529888 -13.967599 -5.725355
-3.676268 -3.300182 -2.616683
-6.407272 -2.240837 -0.252840
-5.697499 -2.869322 -1.595231
-0.549518 -8.550647 4.569610
-6.028369 -18.582499 5.744988
-4.949614 -7.527761 4.441202
-5.576460 -8.149829 4.074491
-1.596092 -10.896249 3.236698
-1.233949 -9.639517 -4.421465
-0.206148 -11.849262 -2.552241
0.511975 -9.230023 -5.420226
0.815535 -6.342324 -5.519079
-1.766122 -5.169311 -5.846128
-0.546216 -6.546333 -5.823846
-0.273175 -5.079404 -5.086810
0.685920 -5.424308 -5.763754
-2.092718 -5.035965 -6.248069
1.466215 -2.649048 -4.699262
3.121393 -3.200413 -3.830710
1.040964 -2.905224 -2.203764
0.318123 -2.503454 -2.042527
1.531692 -3.059048 -0.154355
0.873754 -3.211294 0.600412
2.408618 -2.876147 0.344301
4.080604 -1.899148 6.441377
2.818030 -3.113720 2.735970
4.830780 -3.124331 2.562182
3.144409 -1.692121 3.122717
5.949105 -3.460405 1.746390
5.653728 -4.677647 0.798573
6.355115 -6.403401 -3.514995
5.727808 -3.768367 -3.618762
5.134421 -1.385384 -3.172934
4.068830 -2.420663 -3.090220
2.466071 -3.368328 -6.604845
2.034493 -2.191869 -5.620007
2.882162 -2.828624 -4.986742
0.579756 -1.606182 -3.355563
0.926097 -3.530335 -6.000107
4.449796 -9.313206 -5.310497
8.313559 -10.076783 -3.524218
5.585896 -6.195935 -0.083879
5.969039 -9.820650 -2.225823
3.304905 -8.417814 -1.393327
9.395730 -11.154664 5.756885
19.120865 -12.369197 14.430890
