-9.367090 -16.634378 13.837696
-6.733093 -9.584681 13.752324
-5.354315 -1.932762 14.271131
-2.804336 -0.920040 7.023420
-4.895046 -1.120061 5.882536
-3.352135 -1.674218 8.549047
-6.660233 -3.733530 -0.808229
-5.838015 -3.153879 1.270983
-2.485368 -3.188255 2.662365
-6.095239 -2.922634 -0.240660
-5.256078 -2.964194 0.565962
-4.528744 -4.041105 1.742517
-5.658936 -9.874065 -4.372227
-6.690487 -3.289693 -1.902090
-7.842759 -4.156271 -2.589763
-7.371104 -3.525471 -1.670974
-4.708529 -4.044320 -1.252489
-5.065726 -4.903011 -1.183066
-5.671679 -3.756438 0.124120
-4.230176 -2.753939 0.251686
-8.332303 -4.720925 0.519900
-7.649497 -3.178591 -0.347155
-2.455974 -2.848192 -1.303872
-4.944083 -1.933094 0.140817
-3.881001 -1.484432 -0.179590
-6.118662 -5.758400 4.032254
-5.124403 -6.967680 2.202013
-6.132661 -9.747253 5.548052
-4.600637 -7.689993 3.534297
-4.444283 -3.640422 0.521658
-5.623156 -2.767378 0.059883
-3.659019 -2.340787 0.318965
-2.517140 -2.254278 -0.326645
-3.387001 -2.534612 -0.310633
-3.429739 -2.173938 2.735890
-2.271714 -3.048954 5.004954
-4.038941 -3.044937 4.514086
-5.884324 -2.203559 6.319829
-5.081954 -4.358831 0.692483
-3.433039 -0.626208 -3.213803
-4.203378 -2.060906 -1.841147
-2.968031 -3.290218 -0.815700
-2.805695 -2.755542 1.341015
-7.088108 -3.585541 0.490795
-7.183864 -5.641584 0.333809
-4.430290 -5.513998 0.755783
-5.256445 -4.717340 0.709548
-4.843947 -4.761093 -1.785712
-5.276532 -2.562903 -1.813226
-3.401649 -2.015236 -0.782250
-3.043908 -3.112188 -1.328591
-2.126799 -2.631420 3.756968
-2.780750 -2.022732 3.393253
-0.881503 -2.360803 4.250338
-2.527279 -2.021675 6.856841
-1.782929 -3.739773 4.938476
-1.426618 -5.132224 5.064112
-2.769346 -12.305845 11.451889
-2.649622 -8.322000 6.975328
-3.245695 -10.293991 3.376875
-2.644822 -11.613297 5.623075
10.824295 -15.932446 4.922978
7.748610 -15.706417 6.786880
