10.022246 -7.915961 9.906583
6.560686 -6.211316 5.942131
6.924065 -6.847301 0.234728
6.426978 -7.917062 -2.279544
4.041292 -9.187503 1.513376
4.353250 -9.921372 3.478367
-2.105310 -8.788354 -4.311370
-2.502235 -9.229356 -5.085147
-5.772011 -14.143644 -2.939236
-5.534276 -6.553116 -0.585283
-4.454905 -2.046422 -0.822867
-4.945047 -2.768275 -2.290756
-2.654027 -2.933248 1.727967
-4.878243 -2.103160 -0.219335
-1.672655 -1.608735 -1.254384
-5.500632 -2.565660 -1.980186
-8.967232 -5.800647 -0.360932
-5.150935 -4.484678 -0.886493
-7.926480 -4.973181 -4.678776
-6.338995 -3.250671 -3.731491
0.177719 -2.953956 -2.514063
-0.060845 -3.095599 -3.476963
-1.087241 -2.777697 -3.416981
-0.768700 -2.300532 -5.129337
-3.405157 -4.639410 -5.300235
-3.266622 -4.985244 -5.715565
-0.518194 -7.080540 -7.189639
-3.768923 -6.397608 -6.223479
-2.555017 -6.077641 -9.313766
-4.156194 -6.466989 -5.890150
-3.712964 -7.661438 -8.333807
-4.303277 -10.680795 -7.427507
-5.580175 -5.820815 -3.108616
-5.416586 -4.568752 -6.449257
-3.369069 -5.370371 -5.430893
-1.155575 -3.329754 -5.195794
-3.114947 -1.234911 -1.947148
-3.874345 -2.591482 -2.100215
-5.647124 -1.451599 -0.607845
-4.476018 -4.996862 -0.769967
-5.967155 -3.571300 2.418653
-4.722745 -10.109797 2.619818
-3.140791 -9.029908 2.400464
0.696524 -10.075976 2.289320
3.269744 -9.952510 1.508007
2.359615 -12.303232 3.067822
-1.580367 -9.695698 4.532393
-4.570929 -6.418080 0.048134
-6.694817 -8.621994 1.327472
-4.887069 -7.113466 2.031863
-6.972697 -2.830909 2.950108
-4.485297 -2.704943 2.175332
-5.069524 -4.391315 2.677042
-6.377904 -3.909099 4.427853
-5.682029 -5.147812 4.257191
-6.312824 -6.145885 2.118206
-5.357458 -6.656457 3.546562
-5.244496 -6.732185 3.491465
-4.487214 -5.187119 1.103275
-4.633809 -3.399754 0.705505
-2.279988 -1.815142 4.101284
-1.928250 -2.465553 7.545991
0.937333 -2.284322 -0.676810
2.591796 -2.294991 -2.859123
2.359027 -2.360602 -4.176449
2.588284 -2.257228 -1.316231
2.195675 -2.544357 -3.262335
-1.416442 -3.075457 -4.021215
-3.408216 -2.402660 -5.178935
-1.356918 -4.450568 -5.139724
-1.582167 -7.316710 -6.012853
3.306933 -5.585796 -7.025545
1.386070 -4.596026 -5.146486
-1.667700 -4.169796 -7.460386
0.596049 -2.227429 -5.771641
0.858637 -2.593148 -3.244978
-1.521951 -2.553513 -2.582211
-5.145456 -3.388884 -2.377590
-4.845998 -4.967650 -2.043391
-4.446450 -6.169670 -1.619256
-4.755373 -8.541774 -2.369123
-6.453570 -8.702873 0.327262
-5.254848 -8.781013 -1.282203
-2.840120 -3.028198 -1.417226
-3.021622 -2.722594 -0.896625
-2.537410 -2.889970 -0.959957
-2.489790 -1.985956 -2.034734
-2.381215 -2.091628 -1.606376
-2.912489 -2.419409 -4.101312
-1.607710 -1.673750 -5.469283
-3.103343 -3.411168 -5.089590
-1.451752 -5.741300 -6.075412
-3.444531 -6.685173 -6.461135
-4.359919 -6.619646 -5.486494
-3.372559 -4.274840 -5.715041
-4.498400 -2.342768 -7.056849
-3.864678 -1.787798 -3.938078
-2.203636 -2.670803 -3.513613
-3.170722 -1.095663 -4.448394
-0.666633 -1.991441 -3.647435
-3.002505 -2.326669 -2.262913
-3.715083 -2.706546 -1.525835
-1.807718 -1.347341 -1.724493
-4.364038 -3.143042 -1.037413
-5.177955 -4.063503 -3.068371
-4.608584 -5.885973 -5.446763
-2.445292 -6.372527 -6.276506
-3.601735 -5.777534 -5.386099
-3.155970 -5.286181 -5.223382
-4.429788 -5.894268 -4.645812
-6.376571 -4.091642 -5.466696
-5.043914 -4.391096 -2.730259
-6.401765 -4.805389 -2.303635
-4.861646 -3.317880 -0.733464
-2.825483 -2.722312 -2.645391
-6.708677 -3.205543 1.269560
-6.703264 -3.104130 -2.448885
-5.286086 -5.238439 -1.526449
-5.629190 -6.533540 -3.482883
-5.759435 -5.838215 -2.553488
-4.760228 -8.573436 -3.431032
-3.814739 -8.540478 -2.523005
-4.067356 -8.321784 -3.244440
-1.504220 -10.206509 -3.557173
-1.863577 -10.082395 -2.677917
-9.624977 -15.619289 -4.332912
-15.454597 -13.286464 -9.975199
