-16.819921 6.072637 4.182505
-6.717664 3.719822 2.130891
-1.958472 2.892130 0.502716
-1.479696 2.867040 -2.362427
0.661470 4.011267 -3.687643
-0.506679 3.126702 -3.272091
-0.656309 4.407972 -2.028177
-0.787923 6.191966 -1.871574
-0.379932 6.247188 -2.783412
-0.170508 5.431034 -4.456337
1.295885 7.554308 -6.368562
1.831890 7.963841 -4.365632
2.818115 7.488833 -3.364156
-1.642836 6.750544 -4.225301
-3.233822 5.812441 -2.391170
-1.341306 3.183537 -0.335277
-1.182440 2.727595 0.211000
-1.476420 1.934912 0.784623
-0.476307 3.691867 0.616909
-0.995552 5.779453 0.691770
-0.161234 7.158010 3.389276
3.062020 8.362680 2.657722
-0.088011 6.965304 4.376206
0.613770 8.956647 2.508335
-1.649552 8.204398 1.860205
-0.409785 5.100685 -0.617899
-1.142733 2.721774 -4.695812
1.932474 4.101691 -4.954889
2.965975 3.579357 -5.084656
-0.314240 4.059190 -3.457515
1.989489 5.334717 -4.466949
3.411525 5.332199 -3.806235
2.621799 3.972256 -3.764495
3.402449 1.336756 -3.957894
2.520391 1.864464 -3.105597
2.054035 2.767362 -3.179328
3.439535 6.144082 -5.266690
2.999298 6.854719 -3.555412
0.809259 3.617514 -4.444312
1.459812 1.955709 -3.483744
4.624095 5.872455 2.348712
4.351012 8.973328 2.877073
6.499305 10.758368 1.527105
3.880126 6.387060 3.060233
3.301425 6.116900 2.388669
6.401381 14.675447 -1.402386
3.501363 9.210664 -0.368261
4.615211 9.855882 -1.335941
4.899484 14.308410 0.073119
1.077113 12.309607 -0.133574
5.013844 9.208340 -2.227404
0.868337 6.490774 -3.029966
0.871342 6.198746 -3.808818
3.404877 6.400116 -4.600199
-0.473693 9.498216 -0.794534
-0.373578 5.688446 1.172792
-2.252142 7.065520 3.918852
0.435217 5.050718 2.491205
-0.381242 6.291180 -1.908349
-0.143923 3.163302 -3.173857
4.379273 5.560232 -4.882955
3.849486 7.242608 -3.936152
6.534343 5.655852 -5.814274
3.399590 6.517238 -3.057852
3.401732 6.917525 -4.079185
3.448975 4.033524 -3.814579
4.827662 2.620537 -3.592551
4.282933 2.051769 -3.851259
2.384796 5.008426 -5.465488
3.195912 4.578023 -4.987314
4.440516 6.857854 -4.458490
1.700795 5.223539 -3.032193
0.600157 6.212841 -3.871725
2.065777 5.849147 -6.721244
-0.916910 5.006980 -2.424341
-1.400146 7.832238 -4.083872
12.454271 -3.046166 -5.776162
18.613171 -6.544973 -6.126427
