-0.242668 -12.331814 11.068988
2.665622 -8.666957 9.198383
3.024776 -2.036466 5.240012
1.740490 -2.012778 3.106443
2.726336 -1.706465 1.464876
4.122403 -2.939179 2.747279
3.576665 -2.825896 3.248003
5.551929 -2.616080 0.991026
8.635110 -7.169111 1.047601
5.253637 2.113316 -5.157032
7.179830 -0.096547 -10.162690
8.066277 1.786752 -8.817213
9.949410 -0.929122 -11.920303
7.789177 -2.968592 -7.024582
6.417680 3.450814 -11.510574
9.796028 -4.037856 -8.413723
10.033423 -0.481838 -7.685660
9.676460 2.610364 -8.258137
6.760897 0.868434 -3.950895
6.001344 1.429549 -9.136336
8.122849 0.795486 -7.069444
8.554284 1.528626 -6.093220
7.809460 2.303814 -7.013414
6.636291 2.373041 -6.856540
4.339850 0.967288 -8.147245
5.337949 2.467676 -17.203457
12.795033 3.988453 -14.071295
