-0.242668 -12.331814 11.068988
-2.204758 -6.122037 6.550645
-2.190866 -11.365095 6.915991
-5.669437 -9.577435 5.593420
-7.138751 -10.935619 3.082170
-6.481533 -5.521239 3.749631
-5.669808 -3.657153 1.251032
-5.419374 -3.834540 2.326905
-6.581501 -5.724721 1.331562
-4.774203 -4.487906 2.018226
-4.775190 -4.200345 2.512755
-7.897543 -3.286838 6.697231
-4.180261 -3.163548 2.758214
-5.303300 -2.371148 2.194165
-6.447045 -2.726427 3.237546
-9.143294 -0.582118 6.564083
-8.352701 -4.460318 6.388621
-8.558445 -6.783391 3.370925
-5.201077 -3.869676 0.241821
-4.673290 -4.915197 1.400236
-4.442301 -7.335252 2.298047
-4.931402 -6.770575 1.136088
-5.699667 -4.506942 3.962279
-2.295073 -1.062964 1.451506
-4.883662 -1.107656 2.872834
-2.236280 -1.910366 6.322735
-2.052240 -4.071527 5.002642
-1.322634 -6.935555 6.134828
-2.827829 -7.165890 6.859726
-0.781279 -4.375667 6.763495
-3.379651 -2.857373 5.084784
-2.013503 -2.904731 3.180629
-2.520171 -2.890685 4.210344
-1.136372 -1.974302 3.975424
-0.148753 -3.278761 2.612721
1.225751 -1.640974 2.763017
1.709418 -3.246610 3.261603
0.484755 -2.846010 4.732755
1.327686 -5.417768 6.426004
-4.479128 -0.960648 8.132624
-4.818434 -0.130820 4.895669
-4.976504 -3.200670 3.422218
-6.706468 -3.920779 8.303537
-3.741009 -2.982972 4.026962
-1.284047 -3.182655 3.520151
-2.409154 -3.053296 2.609130
-2.006145 -0.423124 0.710670
-0.517541 2.087341 -1.676837
-1.815910 3.376184 -0.546741
-0.599297 2.376820 -0.151516
-0.562241 1.728954 -0.555062
-1.583282 3.009979 -2.855610
0.236622 4.519742 -3.493734
0.935161 2.907739 -3.817167
-0.074830 2.251397 -3.957745
0.736537 4.899925 -3.946509
1.210262 0.639236 -3.486582
2.329106 1.759040 -6.229374
5.902411 2.884775 -8.044964
7.972299 3.044331 -7.736301
3.958235 3.596750 -6.113077
5.418616 1.801523 -6.995007
15.472447 1.864404 -10.691910
9.504836 2.409909 -9.959924
6.384315 1.711407 -6.342098
5.268815 3.675050 -7.500329
12.694329 9.384283 -7.826481
12.057056 7.615630 -12.234977
9.531232 8.244882 -10.980054
14.640748 12.440787 -8.842167
18.634705 5.547639 -10.965673
16.261345 -0.319903 -14.415053
8.780190 2.266964 -9.604248
3.759621 2.817878 -7.183820
11.635283 4.872557 -7.963067
12.588268 -0.540272 -5.397567
6.635177 2.687615 -10.880961
5.936316 1.009950 -7.152553
10.547721 2.612807 -5.570045
8.337630 4.984539 -7.197852
11.855354 2.416873 -7.949245
12.713886 4.223876 -6.015586
10.752536 5.261393 -6.540062
5.815955 -0.838856 -10.483864
11.950339 5.689680 -18.282681
7.742667 3.853108 -14.671681
12.795033 3.988453 -14.071295
