4.890020 -16.809904 6.832693
3.561266 -10.285397 0.136855
1.561359 -8.689016 -3.858655
2.491996 -9.435637 -4.380740
8.071473 -16.569412 -7.089397
7.298626 -5.668858 -5.119296
10.532754 -4.704286 -6.512579
5.082800 -1.627992 -5.391176
4.105875 -3.328240 -6.258135
2.830795 -3.254294 -2.468128
2.296693 -2.501408 -3.541015
-4.281209 -2.483640 1.039804
-6.548756 -3.805787 2.968792
-0.506958 -2.246241 1.754941
-2.198814 -3.302908 -1.551570
-1.327095 -3.136095 -2.731711
1.537989 -2.856626 -0.014287
3.687543 -3.200894 0.253089
2.449816 -2.500561 -3.403610
2.275742 -1.743339 -3.067207
2.129692 -3.115200 -3.352294
3.002385 -2.656529 -5.233148
6.962766 -7.413882 -5.646476
7.031620 -5.506694 -5.952034
5.981204 -6.691049 -3.457797
6.563126 -6.226036 -0.132675
2.049494 -3.277265 -1.966802
1.942814 -3.288910 -0.603661
0.834977 -2.523554 -1.939392
-3.861269 -3.074888 -5.944092
-3.890888 -2.246345 -3.975772
-5.807456 -3.373071 -2.057772
-5.019673 -3.024808 -2.120847
-4.646208 -4.509250 -0.829202
-4.572504 -4.317582 -0.529187
-5.422739 -6.538124 -0.071570
-7.652796 -7.186192 1.559076
-4.691547 -6.172811 4.582623
-4.833052 -5.740963 1.676811
-6.756167 -2.297199 1.346539
-4.214609 -9.412768 1.231596
-2.467835 -9.355469 1.502434
-1.207095 -9.263757 4.168883
-4.755913 -11.824065 3.737148
-5.910966 -9.505830 2.176355
-6.469432 -6.409105 1.095131
-5.743205 -4.064954 -2.298718
-1.490916 -3.059242 0.244335
-2.025463 -3.283132 2.620502
-6.031187 -6.365144 0.280927
-7.014974 -5.990584 -0.484798
-5.814765 -6.051793 -1.938907
-5.641757 -7.144272 -2.071033
-5.525758 -3.703453 0.045577
-4.107975 -2.896733 0.298536
-3.605882 -3.223450 1.890223
-8.273082 -1.250580 3.774951
-7.395544 -1.727938 3.648769
-1.438371 -7.535801 5.862779
-0.021823 -5.473903 6.172454
-1.474929 -5.490911 6.301248
-1.998155 -5.549462 5.129662
-0.405159 -5.562687 5.120011
-0.869205 -5.449569 6.854958
-0.920801 -2.562948 5.252934
-2.334200 -3.277465 4.399916
-2.104184 -2.977032 3.813597
-2.397580 -3.273366 5.835961
-1.237959 -4.291803 6.373737
-0.528029 -4.638423 4.999352
5.200684 -4.971578 5.701896
3.783210 -4.167781 7.365669
1.503929 -7.260559 4.954504
2.775381 -4.355923 6.109995
1.235155 -7.556737 7.923973
0.622423 -9.415008 4.993321
4.258481 -10.675775 -0.774423
2.838823 -8.391472 -3.875679
2.838333 -8.581485 -3.927693
7.412405 -8.535803 -3.217922
6.740408 -7.120025 -3.871237
5.755566 -7.968605 -4.198585
2.375155 -3.033670 -4.854872
0.213159 -3.076875 -3.788930
0.026987 -4.915602 -5.223497
2.205363 -5.974740 -5.277754
-1.075743 -5.535089 -5.947587
1.757749 -4.137047 -5.284330
-2.502582 -5.160587 -5.482758
-1.696486 -8.713572 -5.852358
-1.176676 -8.547189 -5.473302
-3.980007 -2.693026 -6.762677
0.070910 -3.238174 -4.994098
0.299690 -2.852352 -4.145161
0.602669 -2.975386 -4.862442
0.807370 -2.460458 -5.571409
3.300137 -2.093625 -3.815456
1.461767 -2.714422 -6.950553
2.665818 -7.045815 -6.168367
0.992991 -7.745212 -8.516234
1.506803 -7.805242 -5.136212
0.610535 -5.524236 -5.945462
0.084618 -9.610694 -6.667389
2.743824 -7.994230 -5.989598
5.380234 -11.050969 -2.104150
2.623951 -8.609219 -0.013816
-6.212752 -2.813504 -3.639587
-5.608711 -5.817528 -3.294976
-5.268723 -3.882871 -2.052191
-4.690777 -3.883357 -1.718435
-2.190291 -3.111671 -2.471189
-3.694751 -2.442538 0.332779
-4.489509 -2.629127 -2.501158
-0.939184 -3.021906 -4.408459
-0.285830 -2.806098 -1.658421
2.130310 -3.295315 -0.680621
0.640992 -2.582685 -2.059706
0.049962 -2.881575 -2.812283
1.455823 -2.914945 -2.951661
1.775013 -2.254724 -4.607026
-2.111219 -1.317108 -4.232807
-0.506713 -2.736462 -5.423842
-2.746199 -3.682996 -5.640041
-4.023701 -8.672381 -4.970517
-7.508146 -10.169630 -4.157937
-3.660347 -9.664816 -0.107089
-0.885116 -10.035169 -2.367699
1.224016 -10.085432 -0.093620
-2.476717 -10.740784 -2.037741
2.611361 -8.972602 -1.773257
-0.059832 -10.635955 0.967806
11.737910 -9.797998 -5.904912
8.270384 -5.131106 -5.832177
6.738318 -6.167806 -5.968090
4.642389 -10.790056 -4.471363
2.303037 -7.999413 -7.605934
5.038937 -9.039681 -9.347735
3.679027 -3.889371 -5.485664
0.955308 -7.196399 -5.256878
3.737173 -7.794796 -6.983232
2.887580 -2.216897 -2.566652
2.259666 -2.659746 -4.058924
2.800497 -3.237191 -3.890205
0.710918 -1.985056 -3.775558
-0.620132 -2.443752 -3.088699
2.129277 -2.913028 -4.087405
2.655381 -3.033317 -5.215378
3.866092 -2.860560 -3.276545
3.885190 -3.151728 -3.577798
-2.639674 -2.960815 -6.465122
-1.334407 -3.536043 -5.255541
-0.032541 -4.339046 -5.568487
0.066802 -3.792046 -5.136190
0.021352 -7.001034 -5.681267
-0.125025 -4.950433 -7.420930
0.553353 -3.954573 -6.819839
-1.503836 -2.665238 -4.014492
-0.635003 -2.638482 -3.226399
-2.501223 -2.271491 -5.086541
-3.097993 -3.291348 -5.181810
-3.047089 -3.068521 -3.925657
-1.382966 -2.409545 -4.478615
-0.835965 -4.243724 -5.861313
-3.912786 -5.736830 -6.011983
-5.300468 -10.774147 -7.376441
-6.591428 -6.416697 -3.104625
-6.905558 -4.413578 -0.251469
-8.415926 -1.710784 -0.708519
-3.469568 -3.114900 -1.696812
-2.602221 -2.920936 -1.446215
-2.295074 -1.379210 -3.269437
-6.076806 -2.669212 -3.991317
-2.885584 -1.725552 -6.323478
-1.874283 -5.215112 -5.149476
1.449233 -5.897994 -5.380972
-0.421539 -4.187091 -5.789384
1.178420 -5.389390 -5.272991
0.322656 -2.158788 -6.058269
-0.366445 -1.809000 -4.311761
0.420591 -2.897213 -4.600015
0.131093 -1.473123 -3.449176
1.005981 0.469390 -5.096954
0.377468 5.707553 -7.271902
0.805561 6.458133 -5.486434
-4.429982 13.303553 -7.650706
-7.190672 12.463522 -5.078631
-0.155806 9.470391 -6.054977
3.043379 10.441340 -8.923043
-4.856599 8.249801 -6.234612
-2.295959 11.190372 -5.939860
0.405394 13.218728 -4.128196
-2.105190 8.526062 -4.967843
-1.815944 2.563411 -4.430076
-1.893789 8.739952 -1.859419
1.903482 9.169617 -7.843341
-2.050892 5.328201 -5.872515
-0.851357 10.246023 -10.285650
1.357440 5.068299 -7.673708
0.173784 14.563850 -7.093577
-3.586278 17.473949 -13.424655
-5.933961 14.537416 -11.002124
