3.649321 -1.781258 13.140222
5.133557 0.657451 6.601030
4.582935 1.346182 2.663448
6.973590 -2.814998 1.898602
7.087961 -3.137831 -0.429235
3.896492 -1.551603 -1.237433
5.182387 -1.022652 -0.527165
1.254582 -1.775759 0.366459
0.821256 -0.757902 -3.941262
0.947747 0.041181 -3.483549
2.453213 1.791426 -3.829428
3.523908 1.316325 -5.652081
3.111058 3.146264 -3.914125
0.476301 4.092135 -3.932708
3.209676 1.926498 -3.216488
3.939770 1.473638 -3.179150
2.661257 3.335133 -3.670553
5.739476 2.786033 -3.382440
5.625527 0.819867 -3.578591
4.518133 1.747136 -6.119888
3.612173 1.845978 -3.264644
3.898619 4.628173 -6.121557
9.782997 1.208295 -5.435348
12.375994 1.056129 -12.801398
13.852629 9.106025 -17.629662
