10.511008 -11.252098 2.125756
8.331413 -8.585033 2.226789
6.754481 -4.258481 3.454949
6.120484 -4.390300 6.315240
1.311962 -3.036326 5.135834
1.666150 -3.029483 4.215041
3.429410 -3.035209 2.651585
2.776877 -1.131750 4.551687
2.588514 -1.167121 4.439673
2.091663 -3.548773 5.541731
4.034097 -1.783327 4.661286
2.967810 -2.415952 5.651365
3.042765 -4.580780 5.399000
4.326711 -4.431794 6.376926
0.929599 -4.047010 6.777610
0.522500 -7.651531 5.927656
-2.007765 -1.666393 4.963711
-6.854602 6.445646 1.526060
-9.440547 12.895318 3.095968
