18.273302 19.492516 -9.355934
10.207636 12.567922 -14.067634
4.576412 5.217671 -12.801203
1.035791 1.374674 -6.698785
-1.581580 -0.272614 -3.959602
-3.257595 -3.063184 0.483674
-3.831700 -2.839909 2.019326
-6.691453 -4.798573 2.239769
-6.166995 -7.758604 1.865321
-4.483911 -6.399659 1.120118
-5.131349 -8.783671 -2.155571
-4.315263 -9.556487 -1.931889
-1.516970 -9.379554 -3.923324
-4.063593 -9.123687 2.477830
-7.750072 -3.695327 -0.011537
-6.369164 -2.887778 3.120313
-5.419186 -5.094064 1.051326
-4.853990 -4.454285 2.943288
-5.508430 -3.888930 4.481128
-6.936253 -1.695100 4.522353
-6.150575 -4.223578 1.902447
-4.299607 -1.890111 1.027043
-5.099148 -5.645072 2.495626
-5.689090 -3.460118 0.861485
-4.302279 -1.057514 -1.604944
-2.801660 -2.774300 1.880347
-3.511797 -3.161637 3.195612
-2.259797 -1.752647 3.676487
-5.568452 -0.947567 5.545062
-4.361337 -3.597402 4.996319
-4.749557 -3.598482 4.634471
-6.668698 -3.924729 5.375981
-4.182168 -3.158619 4.331433
-2.904547 -1.330280 3.713350
-4.738544 -3.786733 6.391018
-1.430180 -1.238541 4.768893
-2.329448 -4.814925 5.430639
-3.962282 -2.246664 5.057395
-2.800483 -2.032578 4.272827
-2.414669 -2.359633 2.686018
-4.228060 -3.043702 0.709540
-5.691715 -4.026215 1.336410
-3.344739 -2.351460 0.423466
-4.099218 -0.415058 5.184985
-5.649533 -2.675663 4.396801
-7.070299 -4.020853 4.097671
-5.831166 -3.829857 2.974854
-7.325411 -3.252532 3.383829
-4.853557 -2.804560 5.428520
-6.079860 -1.330029 9.758142
-4.695473 -0.096593 9.666919
-3.441073 -1.952296 11.792915
-3.870432 -4.880437 12.586188
-3.047105 -3.011138 4.804883
-4.673941 -3.475256 5.208499
-1.748597 -8.885139 6.053074
-3.276916 -9.804452 3.084126
-4.908650 -8.545974 4.103587
-8.976586 -9.349306 2.815539
-4.648573 -10.492701 6.985946
-2.697488 -7.333622 5.660194
-2.715122 -6.603154 5.087895
-2.362222 -6.125602 6.668133
-3.740444 -0.998730 6.181172
-6.948761 -2.283477 6.923355
-10.271585 -2.609687 7.352571
-12.786598 -9.814285 8.704632
-11.708465 -1.405933 4.922369
-7.119990 -6.306819 4.410720
-5.014999 -3.905523 3.807101
-2.983250 -2.220743 2.550453
-3.077956 -3.700647 6.042800
-7.837933 -1.439838 9.507647
-4.355718 -1.629873 3.111290
-6.313518 -4.834251 4.645350
-4.581914 -4.993446 1.883027
-4.985853 -5.291253 1.303996
-5.342052 -4.514043 2.179406
-6.699035 -6.234942 1.702397
-6.437449 -5.911808 1.585966
-5.747790 -6.326369 3.213810
-2.809936 -2.583804 2.006771
-2.594353 -2.198835 1.136183
-1.542644 -2.230820 2.618422
-5.725887 -3.203572 1.315941
-6.048843 -3.686800 1.036056
-3.080599 -2.285704 4.149283
-2.861699 -2.937945 4.917319
-0.846368 -4.301784 5.473027
-1.751963 -1.641613 6.541584
1.845297 -2.879339 4.241561
2.808331 -4.697318 7.392722
2.952205 -1.719763 3.439153
3.010118 -2.399867 2.779011
3.209360 -2.637683 2.456380
3.342870 -2.453956 3.632650
0.987939 -2.572857 0.815205
-2.264020 -3.067542 1.305723
-3.556999 -3.036982 2.654819
-3.503144 -3.040470 3.025645
-5.189674 -5.221466 0.423905
-6.022566 -4.547873 0.678714
-1.906602 -2.967098 1.055595
-5.457041 -5.734140 0.555971
-4.526100 -5.797164 2.305871
-6.666914 -6.294666 3.712090
-4.477979 -3.652240 -0.366702
-5.366406 -5.291820 0.433993
-6.380331 -4.667679 1.233187
-12.210998 -12.621831 3.798474
-5.561382 -7.711497 1.741130
-7.718318 -7.388613 1.773268
-2.218416 -2.988314 -0.509269
0.123356 -3.099941 -1.067112
-0.508862 -2.359165 -1.459203
-1.374125 -3.151841 -0.644870
6.920158 -5.069673 -5.225227
5.116776 -8.840475 -6.581268
6.794152 -10.102934 -2.143748
7.888666 -8.406269 -3.841197
6.314944 -5.837190 0.438625
6.259627 -4.929288 2.806023
5.365767 -6.408619 5.607833
4.172111 -11.465713 7.158446
1.752676 -12.552223 9.831022
3.911420 -8.406381 3.312184
2.814132 -1.974346 2.293402
1.633207 -2.500656 3.806566
2.518172 -5.054914 5.265802
3.684443 -3.015239 -1.969822
1.820617 -2.268329 -1.375408
4.125562 -2.931837 -0.662312
3.562335 -2.930968 -4.548994
3.710889 -2.871149 -3.992094
1.719622 -3.356288 -5.087571
4.741944 -2.801162 -5.378270
4.536689 -5.653249 -6.241492
2.400513 -3.201049 -5.869905
5.011136 -1.409934 -5.941022
5.637178 -2.368429 -2.907725
5.615207 -7.293308 -2.089951
3.373239 -4.422106 5.141294
3.724813 -6.045262 7.233401
1.746334 -3.323381 6.953541
0.555228 -3.176274 5.157566
2.032191 -3.216015 4.893520
2.144342 -2.983366 -0.828818
0.948968 -2.613486 -0.170928
2.401878 -3.248266 0.573241
2.613936 -2.256469 2.479392
3.761124 -2.425447 1.730979
3.079193 -2.563682 2.727284
2.623727 -2.497322 2.774858
-2.121103 -2.873573 0.940951
-6.155198 -7.279313 1.219377
-5.265038 -4.902466 0.793627
-5.289788 -7.419456 2.646511
-6.348144 -12.745298 6.176683
-7.135625 -6.542129 3.909381
-5.426821 -3.715214 0.491688
-4.954292 -3.582633 -0.042093
-6.089992 -4.129589 1.367683
-4.485892 -7.374974 3.246084
-4.912905 -4.657043 4.403494
-5.464798 -6.160373 3.853898
-3.380435 -0.057424 4.607813
-3.848717 -0.558631 6.391349
-1.720020 -6.039595 4.919127
-0.902750 -7.091578 5.097420
2.214175 -5.052507 6.610147
3.612359 -6.389811 5.350711
0.619972 -4.179258 5.338983
0.645571 -6.801737 8.944614
1.340469 -2.254294 4.962396
1.840478 -3.215339 2.264436
2.709163 -2.759423 3.283028
3.427190 -1.779693 2.919547
-0.980712 -1.735244 3.590222
0.692020 -2.185228 5.238430
5.926831 -7.441849 5.992668
-1.364834 -7.264131 6.846049
-3.756019 -9.839136 6.156139
-2.006923 -8.583835 6.529189
-1.918561 -8.811128 9.251084
2.601448 -3.280416 3.303754
3.386969 -2.184447 1.544630
4.840551 -2.104836 -0.451542
5.110367 -3.170405 0.296175
6.066668 -6.351198 0.095664
6.441714 -6.593544 1.664982
5.947556 -5.774675 4.002436
8.429398 -5.554762 6.703126
3.211510 -5.057394 7.008825
4.407616 -3.624492 5.442734
4.336168 -2.926008 4.896675
5.079751 -2.885919 5.524651
3.268180 -1.126336 6.664964
1.348372 -3.245327 4.558725
-0.183978 -2.745369 4.888394
-0.064790 -3.788379 4.986510
0.940923 -2.997980 6.443834
-2.532231 -8.583549 6.526125
-2.503593 -4.294200 7.165492
-2.764359 -7.390294 6.568567
-0.705971 -3.088973 6.331105
-0.244103 -1.888982 3.383838
-0.459968 -3.226529 3.759808
2.052064 -2.896746 2.292766
5.200793 -2.500042 2.445013
5.471742 -2.400764 3.086889
5.599262 -4.014370 0.847124
5.626235 -6.715672 4.137871
6.469427 -7.065526 7.609097
5.471153 -12.131545 6.542464
4.287097 -11.040182 7.495076
6.321958 -5.216888 4.157741
4.904945 -1.983231 1.425420
3.274267 -2.029446 1.179338
3.076792 -2.435209 1.489261
7.645728 -9.642618 -3.714700
6.061832 -9.040790 -3.119430
5.660162 -4.072866 0.542259
6.585752 -4.736147 3.136696
6.389076 -4.524647 3.789178
6.572151 -2.601285 3.381592
2.453243 0.685063 2.171508
-0.785492 9.091792 0.478816
1.037813 6.434125 2.090957
1.643882 8.022009 3.060658
3.628375 4.794909 -3.166553
4.247935 4.555744 -4.104958
6.105092 4.796484 -3.567911
3.058266 6.156039 -3.527353
4.123906 5.193090 -4.406167
8.925156 7.332446 -4.912716
6.607442 0.567421 4.095123
4.214227 -0.213007 3.430808
4.730711 -0.517078 3.186256
6.739434 -2.757215 3.674143
5.964040 -2.922496 1.262205
4.620646 -1.091416 2.076713
5.228754 -3.098184 4.980755
3.674616 -3.671960 4.979818
2.360373 -3.858806 5.289249
2.045420 -5.844981 6.932053
0.407383 -2.998123 7.478745
2.094725 -6.464315 5.506041
3.843478 -3.299539 4.689042
5.004510 -2.770211 8.769205
1.282285 -9.302407 4.391799
1.687493 -11.423846 7.431199
-0.721403 -9.108417 5.946481
2.185609 -8.435940 -2.824882
3.875435 -6.751667 -6.093916
3.916305 -6.339979 -6.191731
-0.347632 -5.370424 -6.802692
1.397444 -4.165267 -5.433676
2.955043 -15.677953 0.544831
-0.506098 -13.361002 3.251182
-0.746082 -9.012547 3.692842
-3.063427 -8.435892 3.673902
-6.652425 -7.701415 -0.160520
-6.422228 -6.588808 4.337258
-5.323631 -1.825008 3.573162
-5.042231 -3.486965 5.290002
-6.051098 0.261594 4.846040
-5.641788 -0.719186 4.047446
-8.347129 -5.317482 5.222525
-9.917816 -8.427365 0.890830
-7.363221 -3.788883 5.011189
-6.514413 -1.299075 4.425649
-4.611141 -4.577719 4.679211
-5.136016 -3.125989 3.562992
-8.209065 -5.658208 3.973674
-3.616216 -9.645471 7.121150
0.209332 -11.327663 9.130507
3.213690 -5.798863 7.746299
3.317396 -9.303845 9.325659
4.476001 -9.503301 4.126096
3.781078 -8.814363 3.612288
5.248497 -8.052033 6.961187
5.912283 -5.889651 8.288403
4.864690 -6.063328 6.165928
1.005912 -4.457161 5.745495
1.406988 -7.952617 7.674354
0.010255 -2.885796 7.716328
-1.636788 -7.247277 8.085555
-0.320025 -6.169394 10.242275
-9.047547 -15.968072 19.428684
