16.297899 1.042679 -7.691879
14.812768 3.614847 -1.635355
10.703264 1.298882 0.885902
11.365609 8.352784 -2.516606
16.964422 6.363976 -0.782215
9.876573 2.996957 -0.735730
15.047946 2.142740 -5.673653
8.912489 5.076834 -3.041875
8.818700 3.262725 -3.763411
7.307343 2.420261 -4.659909
6.752883 1.647058 -3.901650
6.748530 2.653866 -3.609851
3.221987 -0.542564 -5.643733
3.665468 -1.718584 -4.405005
5.840075 1.348953 -4.516088
4.698765 -0.318711 -3.947332
2.361906 -1.013249 -3.931086
1.012605 -0.124928 -4.236818
3.188083 -1.469495 -3.527133
4.551701 -2.504832 0.256187
3.229326 -2.625517 0.998362
5.188057 -0.598802 2.281664
5.828964 0.361748 2.354262
3.814360 0.903885 3.856346
6.491103 -2.195503 3.737076
6.844185 -1.722380 -0.543605
11.481584 -1.836313 0.720180
13.930139 -2.574110 1.252915
8.829079 -3.666197 0.703313
7.334431 -5.473310 -0.003828
6.829852 -3.883461 4.796607
6.690563 -6.889713 -2.685744
8.845859 -1.600306 1.850529
11.796200 -4.483047 -0.426496
15.920862 -8.651358 7.961013
