16.045717 6.308915 17.370436
13.533669 5.817686 10.944919
11.766446 6.039932 7.586594
8.243948 6.135588 6.963120
5.625824 2.967073 4.120842
4.988832 -1.647274 2.741840
7.106175 0.304353 5.045831
5.884748 -0.538053 4.996838
5.636843 -0.474923 7.562654
6.860179 3.111447 10.662589
4.206973 2.192443 8.618141
3.775766 1.731750 2.412303
5.841149 1.713275 3.395394
5.171277 2.073849 4.775925
4.870960 -0.207556 4.023099
6.180943 3.944802 4.734373
5.732095 2.892017 2.745087
6.518495 4.994422 2.755506
10.466048 5.326894 4.210388
10.977324 6.697424 1.934415
5.524971 4.737527 3.203366
17.206423 7.653598 3.551980
12.488673 5.392625 -7.879030
12.496413 -2.124670 0.395927
15.616731 -0.281808 1.739074
19.547447 -6.919067 -0.291722
18.706306 -6.155518 -7.773949
