4.434356 7.457147 -3.549601
8.827624 11.142678 -3.527205
7.634210 12.081652 6.634752
3.879266 8.596398 3.076494
10.530214 12.639920 0.702180
5.378490 10.786371 -1.823756
6.463231 6.181668 -4.780423
7.673223 4.922818 -3.254481
3.145142 4.191919 2.207205
1.994721 5.564909 2.811587
3.723826 6.323272 3.587235
7.961944 5.931666 2.340428
7.618017 3.364176 2.201297
8.207756 3.601666 -3.980771
4.127835 6.691849 -4.794766
6.847412 5.749038 -4.655046
4.432503 3.540726 -4.066338
4.650452 4.943597 -3.290678
6.501049 7.487220 -5.345082
6.388942 3.236499 -3.293263
3.606067 3.910618 -3.896188
6.168797 3.936452 -4.147200
4.336008 5.946678 -3.618293
1.817167 2.979244 -3.273932
3.292181 3.189773 -5.151145
5.903849 4.814009 -3.934754
2.683372 4.089332 -3.299061
1.525752 3.789060 -3.823751
1.126327 4.764420 -4.321671
-2.070226 3.211617 -3.032630
-0.526737 4.465538 -1.703512
-3.021609 5.407170 -1.345953
-2.190801 7.527003 -4.456959
-2.741275 8.012362 -2.339585
-1.023365 5.631508 1.261688
-0.747522 2.713682 2.473103
1.166412 3.678419 2.254131
-0.954601 3.981786 2.676208
-1.085201 4.328328 2.926467
-2.130339 5.165019 -0.041116
-1.685826 5.370629 -1.244257
-2.301364 5.381499 2.490928
-3.885125 7.332694 3.050001
-10.932123 10.989667 7.396676
