-16.819921 6.072637 4.182505
-6.513253 2.378098 3.268214
-2.225461 2.266201 2.568282
-0.144618 1.008495 -4.217241
-0.509318 1.851531 -4.218902
7.042840 2.789605 -4.809175
6.282452 1.247348 -6.444184
4.208804 4.214096 -5.020470
2.461104 2.582261 -3.977624
2.736929 3.649594 -3.280121
5.642974 2.943964 -3.180416
2.563016 6.427352 -3.422450
6.571675 0.277538 -3.335109
4.259825 0.585534 -3.548892
3.928301 4.290185 -4.625368
5.130071 3.146935 -3.689211
3.762257 1.221265 -5.723537
2.368547 4.301027 -4.321063
4.515775 2.511175 -3.289806
6.472449 -1.093635 -3.082781
6.224338 -0.622193 -4.587046
9.347810 -1.332520 -1.897424
18.613171 -6.544973 -6.126427
