16.713972 -11.728753 -8.022169
5.261002 -11.600820 -2.090443
-0.763492 -10.593496 -7.025433
-5.022714 -15.688954 -11.934962
-3.859382 -15.095079 -8.779138
-1.641925 -6.647662 -7.711358
-5.511885 -4.619417 -5.734176
-4.252459 -3.854523 -5.349259
-5.705949 -3.869706 -5.353387
-6.129396 -5.789468 -6.286253
-4.897193 -5.793030 -3.164537
-4.530392 -4.991049 -3.301474
-6.322836 -5.637455 -4.575596
-5.063155 -2.972911 -4.681909
-2.599657 -1.752270 -3.891955
-2.885941 -2.104997 -2.428785
-2.521154 -1.727574 -3.812559
-2.741144 -2.772128 -2.259824
-2.973858 -2.931950 -3.353243
-2.498303 -2.745206 -0.811574
-3.860743 -3.213104 -1.207580
-4.097316 -1.759996 -1.075171
-4.722282 -4.101636 -0.633916
-8.811304 -5.149964 0.993513
-6.885920 -4.380695 2.005295
-4.006998 -2.951219 0.552727
-5.112567 -2.689975 -4.406257
-2.788034 -1.843288 -3.713419
-2.383819 -3.599382 -6.335464
0.748901 -3.061061 -6.139760
2.143756 -9.611454 -6.829494
2.146979 -10.777840 -4.107794
4.242349 -9.582796 -4.737078
4.010831 -6.244202 -6.279443
-1.563919 -7.339469 -5.325268
-1.133991 -6.006795 -5.255664
-1.453597 -7.274230 -9.378258
0.905099 -9.695782 -6.153310
-3.430524 -10.864866 -2.962781
-2.602048 -9.592940 -0.736530
-4.032147 -8.178001 -8.716054
-3.694266 -4.264235 -5.672726
-3.483719 -2.115237 -6.750258
-4.937083 -3.724834 -6.098193
-4.968022 -3.552004 -4.117878
-4.909180 -5.425103 -1.609506
-5.389032 -3.717777 2.151958
-4.830408 -4.493639 -1.885028
-5.105883 -6.603121 -3.259315
-3.626070 -9.074323 -7.684471
-4.043919 -5.698255 -5.434327
0.138869 -3.008687 -4.168925
0.598011 -2.772963 -1.279640
0.585420 -3.212026 -0.887140
-2.086751 -11.031133 -7.005835
-3.123043 -9.266530 -6.642776
-2.085716 -8.455729 -4.564083
-5.764454 -6.195245 -4.822151
-6.920471 -6.212666 -2.673444
-1.999101 -2.824738 -4.214000
-3.387187 -3.290779 -3.009346
-3.126661 -2.291172 -4.640972
-4.775196 -3.546455 -5.357383
-5.643655 -5.206355 -3.890970
-3.942836 -4.916156 -6.568850
-2.919602 -5.553348 -5.099914
-1.573007 -6.015925 -5.249081
1.902932 -4.333349 -5.929878
-1.655661 -1.845822 -6.517926
-0.540756 -4.852578 -5.187187
-4.794724 -3.792407 -3.072334
-1.330153 -5.147345 -5.400225
-3.255795 -1.477203 -3.706470
-5.682585 -3.515152 -4.080322
-2.264660 -3.268623 -4.860575
-2.280415 -3.240411 -2.934072
-0.788947 -2.873234 -5.695327
-1.071206 -4.654544 -5.110587
-3.936549 -2.669308 -1.573211
-4.364355 -2.873660 0.331226
-1.575910 -10.680543 -2.249632
-0.273354 -10.769375 -4.515848
-0.603299 -9.613472 -2.297195
4.385955 -11.138062 -3.211324
5.014712 -10.077943 -0.750804
3.881860 -9.773520 -5.600884
-3.759772 -8.569242 -0.489243
-8.230155 -13.440039 1.416839
-5.548726 -4.908217 2.598150
-5.033986 -2.504414 -0.287100
-3.774544 -2.750893 -1.258717
-4.875265 -3.006252 -1.725256
-4.500744 -3.399094 -3.923079
-5.122594 -4.896604 -4.905848
-5.722577 -8.023291 -10.485476
-2.558770 -3.250950 -5.094756
-2.540069 -2.694875 -2.043480
-4.631536 -2.440504 -1.781488
-4.420636 -4.031213 1.351517
-5.993319 -5.175617 0.503658
-4.861273 -5.581804 -1.516137
-5.920337 -7.927304 -1.147158
-4.809382 -4.727909 -2.278074
-6.055264 -5.455254 -1.904243
-8.029584 -3.010395 -0.878600
-5.635637 -3.600093 -0.534697
-2.382611 -2.194383 0.042463
-3.086571 -3.193695 1.985527
-5.303723 -2.576211 -4.839836
-2.922648 -3.887432 -9.418635
-2.651017 -4.601697 -7.652132
-5.042012 -5.354246 -6.689905
-5.039044 -6.479215 -0.072615
-4.681948 -5.181262 1.188865
-7.313131 -5.868198 1.979345
-6.160449 -3.417414 2.040305
-4.713841 -2.664331 1.586139
-4.352844 -3.304265 1.006637
-3.245499 -2.288381 1.002864
-3.890227 -2.684258 1.396009
-3.532736 -1.940680 -1.555948
-5.764926 -4.962531 -2.488229
-4.825178 -8.503586 0.270222
-7.323946 -4.693821 1.313323
-3.834119 -1.090478 0.291825
-5.591076 -4.836432 2.146920
-6.863541 -4.385107 3.823187
-6.287574 -3.453022 4.278790
-5.472438 -1.128557 3.514609
-7.281014 -4.868696 4.042300
-5.811805 -3.455157 1.977523
-1.456879 -2.619568 5.840015
-2.095014 -4.728180 5.152263
-1.887248 -4.823029 5.367141
-0.288992 -5.077133 5.831252
-2.712593 -1.545347 4.984967
-1.983861 -2.523952 4.283580
0.489164 -5.174311 6.892195
0.301096 -4.155965 5.545858
1.292859 -5.810676 5.350692
1.618211 -5.917545 5.545691
0.049111 -5.059564 6.239765
1.596866 -0.664840 3.865645
-0.344947 -1.655100 4.145097
-1.687973 -3.468359 6.679121
-1.855354 -3.245364 4.340343
-0.228208 -3.191695 5.521991
0.105589 -5.952517 5.762246
1.722426 -4.615071 5.526963
0.611265 -3.168057 7.970986
-0.620476 -2.628541 3.727461
-2.344678 -2.936170 3.741707
-0.466443 -1.998895 7.355497
0.612750 -2.595062 3.947647
0.417245 -3.104509 0.938142
2.478850 -2.649359 2.294445
3.177641 -1.946334 0.889907
3.837380 -2.771765 3.032174
1.805409 -1.764973 3.115714
-3.711353 -2.474082 2.306521
-5.764243 -3.359740 4.272035
-5.534272 -5.262618 -1.395637
-18.223198 -0.678448 -6.501477
