-5.987547 14.637411 -11.500216
-9.683115 13.602953 -13.279029
-8.023874 20.173765 -7.329858
-6.878487 8.063348 -13.261400
-7.354608 12.988347 -13.096064
-6.721085 8.269695 -11.986852
-7.484812 6.437262 -8.082954
-3.146940 5.819939 -6.145131
-0.505136 12.101861 -10.377346
-7.617915 5.776861 -6.070389
-4.906927 6.439012 -7.525129
0.065044 7.368099 -9.323339
-3.440644 9.601627 -7.625549
-9.118157 10.532434 -7.055373
-6.659767 11.162466 -7.930736
-8.742227 7.556044 -2.957487
-2.695721 10.412639 -7.157539
-0.597054 5.347956 -4.813270
-0.419533 7.713832 -5.435332
-1.835081 8.009335 -7.108803
3.198107 11.484685 -11.372766
1.572944 13.082015 -11.424445
8.491729 11.294770 -7.041275
