13.206601 13.837008 -12.422926
6.207180 7.035494 -4.132624
6.810713 6.568092 -3.506421
5.262593 10.232711 -3.542809
7.151109 6.720507 -5.753732
10.752421 4.740709 -4.438601
9.842797 7.851811 -1.319691
11.979550 8.528382 -6.889948
6.195600 5.868125 -3.571926
3.087164 0.077058 2.161221
2.583052 -0.402543 2.425931
3.819070 -1.663174 1.773205
6.059515 3.645981 2.560102
9.362822 5.144981 4.976965
7.152707 5.590816 3.752867
10.335711 7.015001 2.198534
0.773582 7.066034 -6.187346
2.053099 8.068185 -4.459188
2.644843 3.152588 -3.731446
3.231910 3.261031 -3.016843
7.458546 3.958624 -5.280263
6.631933 3.838644 -3.839230
8.125589 2.892731 -3.557123
4.214870 -0.435066 -3.885504
5.019216 0.245006 -3.927125
5.189317 -1.413910 -1.592294
4.165210 -0.855972 -3.926575
6.213117 0.675140 -3.102176
11.802403 0.621894 -3.096747
9.725655 0.758278 -1.914910
8.164276 0.410780 -3.104517
6.730502 0.745327 -3.524625
6.895475 -0.797810 -4.703092
3.384682 -0.718250 -3.387176
5.748602 -1.169690 -1.433571
7.173931 -3.018765 2.307847
4.849000 1.885798 2.849683
5.321572 4.293372 4.135514
3.022243 2.355731 4.888496
2.976599 1.979862 5.668217
2.621173 1.919501 3.935215
3.033065 0.620635 3.701106
2.627011 3.459331 4.440800
1.833946 7.424566 2.547683
-2.416361 6.329475 -0.188811
-1.671320 6.734861 0.969081
-1.835168 7.088174 0.467756
-3.068941 5.199955 -2.142429
-3.658636 6.401818 2.428041
-2.199299 5.546622 0.941515
-1.945166 6.638345 -2.994588
0.519278 7.171854 -4.015714
-0.478565 5.307650 -4.391370
-1.480930 7.806353 -1.683672
-0.772412 8.216735 -3.273204
-3.182366 8.887659 -0.609010
2.109646 9.549241 2.269882
3.654066 13.218933 1.040595
3.464164 5.882745 4.779530
2.820058 5.770393 2.661877
3.869388 2.415596 2.508869
2.666046 2.849669 2.389501
-1.369267 4.721021 -0.757203
-0.875364 5.870080 0.131459
-0.727288 6.035834 1.711636
-1.051177 6.085189 0.706782
-0.407790 5.180865 1.559153
-0.589149 8.391986 -0.258527
-0.861220 7.045768 -3.572911
0.850677 2.643681 -4.233404
2.541133 2.075382 -3.083980
2.944775 2.812315 -4.376796
1.651924 2.937536 -4.756712
2.145951 2.172248 -3.070318
3.183737 1.706649 -3.545492
3.661899 3.307658 -4.154758
0.820025 3.210581 -3.899632
0.386940 2.605991 -3.382303
2.011899 2.521628 -3.549576
3.233940 0.530939 -3.771287
1.102960 -0.614777 -3.621331
0.315904 -0.651755 -4.356243
1.487508 0.870562 -3.917143
3.001981 3.109025 -3.032941
9.690359 5.615757 -3.503594
10.234037 7.649631 -0.207340
11.455852 8.602868 3.932154
7.159472 7.201442 3.285113
5.928552 4.306736 7.800602
3.262739 -1.333485 8.550401
7.582283 -1.043564 13.230497
7.413582 -5.428576 19.482456
