-10.235838 3.851089 0.900683
-6.971889 -1.352593 -4.577641
-7.151061 -6.971849 -5.226561
-8.275093 -6.309067 -5.121116
-10.319030 -7.899859 -6.734226
-3.354452 -2.360436 -5.416688
-9.829597 -2.098200 -10.381948
-3.772466 -10.318392 -13.168652
-13.040588 -15.150545 -18.717058
-2.767703 -11.909475 -8.947005
-7.393199 -4.796626 -10.344971
-3.210694 -9.743811 -7.093465
-10.112504 -7.931405 -6.184504
-16.578321 -10.910731 -6.749481
-9.898085 -9.867732 -9.270761
-6.521254 -5.934508 -3.689881
-5.976005 -6.248340 -4.781128
-17.702314 -6.891319 -0.476260
-16.553019 -7.123672 -10.946106
-12.655523 -2.372616 -12.308999
-12.676566 0.712365 -6.923354
-14.937411 -8.851810 -21.829861
-12.195144 -11.507751 -17.052208
-4.707689 -7.635511 -9.530319
-6.975683 -7.484679 -15.175071
-6.064152 -6.201697 -16.756004
-6.966020 -8.787804 -12.725334
-7.915072 -4.906628 -8.591308
-8.015605 -5.709580 -18.991951
-7.579503 -9.306123 -16.049126
-3.892620 -5.765289 -11.989219
-7.862039 -2.228092 -11.145955
-6.124722 -5.351130 -8.105911
-12.792455 -6.390230 -6.548715
-5.607872 -5.736653 -4.417009
-6.558297 -10.445003 -10.875405
-14.151601 -11.036128 -14.132662
-13.215693 -11.392020 -11.450714
-11.180520 -10.341216 -10.374179
-17.403990 -18.853148 -19.201384
