15.443518 -12.901048 9.197309
14.545418 -11.688652 8.379725
11.033257 -6.238840 6.280000
7.326915 -6.657245 1.110621
9.171483 -8.607738 4.906098
10.779669 -6.374139 6.194942
6.284975 -5.571127 3.919430
6.541830 -7.347750 1.749562
6.420739 -6.678081 3.372478
6.419610 -8.052408 5.008026
1.971986 -7.195039 9.431050
2.980639 -4.333813 7.029027
2.626320 -3.141797 6.043635
4.383341 -6.182885 5.686687
7.727454 -6.927147 6.526619
5.795994 -4.909700 -1.838969
7.012936 -2.119791 -8.486009
8.305034 -6.772886 -8.984566
6.331539 -6.715309 -8.502061
4.855902 -2.908396 -2.334445
2.427160 -2.691432 -2.783460
2.358976 -3.165434 -3.211189
2.189321 -2.486544 -3.052207
3.058987 -2.568126 -2.352447
3.997912 -3.101921 -2.424525
-2.358849 -1.583261 -4.198845
-1.853599 -2.132770 -3.667480
-3.047743 -3.153370 -5.339109
-0.382659 -5.185152 -5.528964
1.940298 -7.134893 -5.769883
-0.544479 -5.519372 -6.705309
1.460479 -7.034192 -5.705574
1.612416 -12.711968 -6.130367
1.885604 -10.652237 -1.819429
1.154217 -8.740417 -3.309759
-4.040718 -10.179065 -4.219727
-3.905757 -10.302114 -2.690824
0.836338 -8.414097 -2.654258
-1.097471 -3.285328 0.423261
-3.559643 -3.166757 -2.887124
-2.299994 -2.369895 -2.921235
-0.683964 -2.799976 -1.793874
-0.238230 -2.754348 -2.616305
-0.064808 -2.807989 -2.538421
-0.814459 -3.000111 -3.066000
-3.320971 -1.193960 -3.789978
-6.508017 -4.692464 1.237871
-6.419290 -4.968471 1.110392
-4.494861 -6.036256 -0.111495
-5.968759 -6.291780 -1.968125
-4.856301 -8.788765 -6.248093
-1.424190 -8.881422 -6.880731
-0.280183 -8.278733 -5.904563
0.042021 -3.520319 -5.611105
1.086389 -5.074387 -5.402355
1.086000 -7.246004 -6.888608
5.006909 -9.346433 -3.888945
2.436951 -10.549478 -5.628615
3.363700 -13.744502 -4.353649
4.738020 -5.050513 -9.733975
5.085517 -9.025238 -4.958710
5.215263 -8.800298 -2.353664
5.908037 -4.750525 1.543781
5.936753 -3.546929 0.219866
6.441723 -1.526921 1.830477
5.733678 -2.696250 4.352461
1.821426 -2.272239 3.923632
2.094961 -2.677955 -1.457584
3.462752 -3.005257 -0.326183
9.148111 -1.815057 -2.859515
6.235645 -3.662045 -1.124500
7.931541 -3.768898 -2.052360
6.585246 -4.731966 -2.275435
0.877536 -8.599900 -1.898296
-5.013085 -2.534779 -2.455770
-4.360011 -2.039163 -2.807041
-4.420215 -5.313267 -2.287497
-5.170165 -6.032208 -2.739890
-5.551400 -7.109287 0.912093
0.316115 -2.786129 2.196306
2.109616 -2.854518 1.088012
6.171092 -5.231754 6.415043
6.672032 -3.916734 8.611271
6.031335 -4.057687 5.091716
5.599607 -3.496746 5.715773
5.806987 -4.422319 2.326962
7.852398 -2.915341 1.889147
4.566478 -1.613883 3.136805
3.493644 -1.982463 3.274566
3.659249 -2.803457 2.377098
7.248684 -2.168308 4.416446
6.367136 -5.330986 2.342313
7.953572 -6.806945 3.837188
4.972792 -9.002000 0.932201
7.079750 -7.078052 1.051038
6.211932 -6.237418 3.549316
5.333606 -5.779026 5.943150
6.748370 -2.666616 5.274150
4.781269 -2.677308 3.769887
4.014304 -0.830417 3.288105
4.693749 -2.403596 5.956699
4.369344 -2.796178 2.579933
4.467499 -2.365539 0.093708
3.153209 -3.169124 -0.513321
4.125040 -2.087805 -1.086172
8.884093 -0.996042 -0.537796
9.960065 -2.034190 -0.338326
10.398993 3.267651 -0.826663
11.159906 6.661201 -1.367770
10.478742 6.482396 -3.708765
10.663098 8.784605 -0.321260
8.489719 9.685501 -0.575130
5.475236 3.678282 -5.423391
5.423473 3.038176 -3.328003
1.665599 4.182398 -3.905508
0.747435 2.723308 -3.056883
2.610180 2.753393 -4.054087
2.925396 3.458515 -3.582151
3.514174 4.593945 -3.295556
3.629895 2.053195 -3.362784
0.850785 3.505082 -3.434834
1.672402 4.364368 -3.613904
-1.134721 3.473276 -0.567924
-2.916877 4.643710 0.873331
-1.162511 2.712283 -2.428865
-0.519499 2.646567 -2.254445
-0.728808 2.577602 -3.536636
-0.684793 4.604969 0.636822
-2.477631 6.879510 0.447047
-0.755416 5.415508 -2.685462
-1.650292 3.461077 -1.235388
0.032493 5.718860 -3.855321
0.289405 3.632446 -4.387213
2.835948 4.564553 -3.478178
5.446536 4.150043 -5.537437
4.198147 3.312855 -4.094018
3.374614 1.907536 -3.253466
7.127808 2.036819 -3.494393
7.229969 2.045506 -3.846332
5.974165 3.566659 -5.003348
3.323808 7.458037 -4.752872
1.665563 6.752672 -3.026531
1.213181 7.946150 -5.339433
-0.742087 7.850505 -5.033986
-2.266613 4.243980 -2.374883
-2.577833 5.531383 -1.257513
-1.361847 6.244719 0.259053
-0.801829 6.315700 -3.852522
-0.718932 7.164029 -2.119166
-0.442218 4.350983 -1.568477
-1.275092 4.653884 -4.132139
1.004179 3.619262 -3.182814
1.154855 4.606798 -3.525961
3.218346 6.107460 -3.453050
3.613155 4.939550 -3.913635
3.160784 5.838282 -3.314988
-1.719330 4.786122 -0.639796
-2.282350 4.054024 2.409337
-2.010830 4.497092 -1.932374
-1.990116 4.057773 -2.203656
-1.049100 3.885361 -1.542709
-4.094926 6.838793 -0.196845
-2.033820 4.644712 -0.502076
-0.861157 5.064046 -0.584039
-0.440393 4.323405 2.273800
2.243023 6.304012 2.733389
0.711977 3.130023 2.882960
-0.083942 1.746767 4.023639
-0.601102 2.518191 4.234445
1.767497 3.903491 4.329961
-1.671939 3.599011 3.761903
-0.483039 2.973656 0.676331
-2.099636 5.383276 0.673010
-2.479092 2.857298 1.333740
-0.663161 3.861097 1.308248
-0.756616 3.686448 1.736766
0.221740 2.813984 3.111812
1.437997 2.631500 2.060741
0.933399 2.072732 2.440413
2.877292 4.878751 2.605348
2.918648 3.971208 3.401741
4.349831 3.910708 2.959749
2.465309 7.262382 2.675588
5.014616 6.726747 2.522410
2.337125 6.353928 -3.252079
-1.680323 4.787202 1.494357
-2.028796 3.492893 -0.188022
2.642891 2.163407 -3.216656
0.474422 3.708042 -3.516197
1.215730 2.608293 -3.986329
2.051756 3.642186 -3.616776
-0.757419 4.617456 -3.524951
2.274237 4.328434 -4.109312
0.367124 4.142537 -4.076213
0.756072 2.570317 -6.063759
-0.539836 1.910400 -3.566351
-0.464471 3.349868 -2.331515
-0.418104 1.952772 -1.786892
-1.163344 3.927098 -0.586239
-3.221668 4.750110 -1.724319
-4.033690 6.286830 -1.576058
-1.826015 9.378842 -3.426718
-3.826371 8.342632 -4.477274
0.954624 9.138807 -5.885400
1.396753 9.972006 -0.818715
3.732516 9.205841 -1.320127
5.011655 0.569840 -4.195641
3.601779 0.347394 -4.259517
0.946490 7.353282 -3.264969
-1.223096 6.109683 -4.357434
1.619829 7.917689 -4.006909
1.078722 5.197738 -3.554493
-2.794273 5.572444 -2.325161
-1.268305 5.136086 -2.958862
-0.779606 6.012195 4.577703
-1.427620 3.873047 0.339963
-0.701640 3.961365 -2.559134
-1.632845 2.624370 -2.180099
0.832071 5.402616 -5.804317
4.926715 6.999690 -3.629075
