19.262049 -12.132233 4.249029
11.685367 -8.212864 5.252615
5.921425 -5.388518 2.589995
7.590050 -4.936776 0.649956
6.681959 -6.134887 2.555906
6.337317 -6.443860 1.704483
7.355803 -6.269098 1.245374
5.890824 -4.926594 1.791586
7.454302 -9.494990 4.960750
3.952057 -8.347219 1.942262
4.714422 -9.855513 3.015552
3.060842 -9.295276 5.765977
3.817122 -4.610643 5.159092
3.692177 -3.696745 6.716147
0.844489 -3.016470 3.647336
3.154917 -2.256140 1.736235
4.035426 -2.912228 0.644832
3.802881 -1.251835 -0.897119
6.428161 -3.681436 -3.551590
10.486505 -10.188872 -5.529950
3.719894 -8.614050 -5.645671
3.160726 -8.346742 -2.425313
5.224422 -8.355742 0.878875
3.794633 -9.193010 -0.199758
9.075090 -10.440936 6.215236
5.789657 -7.052547 2.594798
7.337810 -5.439363 1.717504
4.936052 -1.355990 5.135797
3.746109 -5.426963 5.020334
1.011878 -5.654026 8.399309
1.415090 -5.376536 7.876113
-0.571514 -3.133234 7.170952
2.030251 -2.312323 2.325451
5.105311 -2.506400 1.123150
6.658548 -2.245636 0.622978
3.182325 -2.030874 -0.006659
3.147510 -1.040875 1.292090
6.067499 -2.090423 4.143582
3.092003 -3.146379 2.635372
4.683950 -2.767797 0.823168
3.554674 -0.555528 4.989940
-0.856791 2.884112 2.387261
-3.613415 12.023116 6.998470
-15.532203 18.938997 13.751575
