-17.215185 7.417989 14.224332
-7.213447 5.311132 8.098931
-2.556755 1.906503 6.556115
0.819807 0.019941 3.819535
3.452792 -1.919707 4.740725
1.988806 -2.324082 2.889027
4.880385 -2.598358 -1.773736
5.084569 -3.280684 -4.425848
4.212507 -2.356240 -5.231381
3.539175 -3.021466 -3.432490
5.787615 -2.405340 -2.644359
5.301029 -1.894440 -3.700477
2.187706 -3.263762 -3.538066
1.739532 -2.728531 -3.107047
5.627703 -5.267583 -1.146968
4.634928 -2.520576 -0.075040
3.226803 -2.955075 0.306964
2.127764 -5.204589 5.666776
0.535447 -5.751689 5.877106
2.942731 -2.614700 4.346181
0.712474 -3.121777 1.511588
1.181911 -2.505755 -0.927550
0.489368 -2.757830 0.899527
1.173615 -3.077375 1.457381
-0.488682 -5.204060 5.165956
1.559496 -3.955663 5.339751
2.448375 -6.770489 6.087078
1.204149 -6.563389 6.961015
1.298374 -4.075391 5.060856
-4.700489 -1.889168 7.012753
-6.246999 -0.856055 4.381763
-4.353990 -1.578739 1.938852
-5.414728 -5.129030 2.180752
-0.766043 -9.195709 3.001190
-1.264661 -5.681051 8.928225
3.388619 -5.001704 7.239004
5.403949 -2.074153 4.720347
3.497316 -3.074890 3.891393
2.366081 -3.210752 4.276133
-1.305085 -6.901409 7.842572
2.232031 -4.446472 5.056979
2.018534 -3.073483 1.611803
1.463309 -8.245960 4.982990
2.426380 -9.287971 4.515610
0.920963 -9.052434 1.621705
-1.138049 -10.045880 -1.337554
-4.856055 -8.858171 -6.122518
-1.304899 -6.084182 -5.296242
1.345295 -7.360534 -5.924901
-0.086735 -7.508156 -7.334968
0.513600 -6.270031 -5.453773
2.463574 -4.647220 -5.684608
-0.647530 -3.970129 -5.572764
-3.268660 -2.891056 -2.462481
-2.035943 -2.679832 -2.361924
-2.778534 -2.122416 -4.253185
-2.678331 -8.474868 -1.292237
2.088841 -8.439621 -1.969285
2.967891 -9.603822 -1.140316
6.664443 -11.187130 -6.468443
-0.874754 -8.464389 -2.817584
-3.388029 -11.383229 -7.274579
-3.828958 -5.656410 -5.636724
-6.645900 -6.316103 -5.663869
-4.258215 -2.687241 -4.343317
-3.420506 -2.573760 -2.102568
-3.527266 -3.046663 -3.660004
-6.304785 -2.327569 -2.717978
-3.354322 -1.743492 -2.135827
-4.688220 -0.721197 -2.742118
-3.546962 -3.192955 -2.039744
-4.833823 -2.378253 -2.289948
-2.442341 -4.848638 -5.352577
-3.067763 -5.034365 -5.460430
-2.952967 -0.520068 -4.949314
-2.940190 -1.998936 -1.916720
-3.768784 -2.954532 -2.858415
-3.392827 -1.887803 -1.826380
-5.041388 -3.465931 -2.714633
-6.006137 -6.165930 -1.437330
-2.370656 -10.424100 -4.049481
-3.988530 -12.635928 -5.440946
-0.303881 -9.925942 -0.651147
-0.574732 -15.092445 0.226834
4.176076 -10.550852 -1.791750
2.477673 -10.141213 -2.975555
4.355329 -8.351713 -6.666407
6.344997 -10.200197 -2.839599
5.762806 -10.193133 -2.476830
5.712349 -4.061432 -4.677552
10.474247 -9.818720 -4.762524
14.752110 -16.653145 -18.318615
