19.136976 5.247604 -11.013306
16.940876 9.177872 2.333322
24.538307 10.600536 -5.855797
25.913813 5.050702 -7.322948
10.470533 2.462721 -5.581908
6.565843 -3.850371 -5.632548
6.183062 -5.828931 -1.041672
6.098382 -4.615952 -0.168282
6.335514 -4.883882 -2.017710
6.066219 -6.679551 -2.445906
6.702244 -7.313521 -3.532687
7.986412 -3.200781 -1.241687
4.507437 -2.981505 -0.748548
4.176364 -2.201822 0.445110
1.831318 -2.971558 2.170566
0.894537 -3.036751 4.339401
1.439012 -1.886215 5.443466
6.765558 -6.951903 5.034325
2.095610 -5.079794 6.601838
0.994633 -6.310046 5.805799
-0.003219 -7.456662 6.660923
0.758270 -10.072196 5.384944
-1.644097 -9.607706 3.449757
-0.577571 -8.426687 4.235993
1.517990 -8.534247 2.551658
4.089505 -8.846923 0.809022
-0.413373 -8.343637 1.263085
0.219387 -8.366639 -1.967688
4.659742 -11.758485 -4.229380
6.013677 -7.378077 1.942644
5.916568 -5.473423 5.429641
6.831787 -4.787745 3.890718
5.851038 -1.639697 5.698983
6.838253 -1.449096 6.046595
5.572990 0.339934 5.304070
4.196223 -2.014092 3.520625
7.606197 -6.039236 8.058787
3.769627 -8.507897 6.235850
0.760246 -9.421433 3.112250
1.425485 -10.858285 2.592096
0.093483 -11.832590 10.586272
