-14.846689 16.090160 -10.480037
-7.598807 5.987014 -1.982071
13.086994 -10.263491 7.284628
13.701736 -13.161445 6.744078
12.093288 -1.930669 4.284170
16.186779 -6.568531 12.857200
12.711846 -8.083085 -2.477317
5.259682 -6.638986 -0.786306
5.419026 -12.369658 1.998438
8.041973 -12.983104 9.797434
7.925132 -7.569128 8.191815
14.883429 -8.044703 14.098645
7.869848 -9.493246 14.230671
10.326775 -7.435189 5.450054
6.845321 -10.692322 7.989654
9.690641 -12.159541 11.774697
9.113360 -8.598987 12.621383
3.728829 -14.018327 13.999163
12.622871 -14.895211 12.163407
18.941620 -13.913948 12.317679
