0.260730 13.688993 18.571859
-0.244774 2.825595 10.724822
1.096593 3.160314 4.622595
0.399138 2.711619 4.575087
1.775834 3.258211 6.192888
2.509083 2.624785 5.234443
3.175977 2.173741 4.622560
2.365550 2.152789 6.428326
0.524013 2.549126 6.324069
5.170124 2.135088 7.389262
2.055866 3.821192 7.740326
3.753228 3.933942 6.756698
4.805765 1.656707 3.708788
4.711393 0.244883 6.465429
4.338211 -0.368339 7.076739
4.653761 0.151794 6.425472
3.452225 -3.065962 5.315981
-1.351548 -3.992951 3.831019
1.577209 -4.190764 6.743764
7.753522 -1.280807 7.580407
4.829090 0.166203 7.161343
4.571541 0.736579 7.803604
1.110970 -3.397445 6.575924
3.400494 -3.184496 5.155122
3.816518 -3.416814 7.945686
1.864585 -3.726087 11.073730
0.675280 -4.145282 8.771003
-1.549987 -2.938969 7.731783
0.113157 -4.350962 6.971890
-1.220376 -3.614612 8.809020
0.631190 -3.023115 6.709782
0.562352 -2.985809 5.653191
2.360794 -5.358065 7.414898
8.076955 0.400765 4.722452
5.760205 -2.198361 4.535138
5.378636 -2.090556 4.362733
4.475371 1.938871 6.484613
5.230236 2.990804 4.525230
2.312350 3.814938 5.422647
3.309934 2.512235 7.348312
5.929327 3.423133 7.230493
8.186344 -0.416889 4.952055
6.090752 -3.788929 7.769024
1.615733 -0.942634 8.244874
1.258205 -1.954882 10.847277
5.024284 2.658460 11.234309
4.744020 3.242095 6.212252
1.963271 2.723010 5.345041
1.138756 4.477117 4.181128
0.845734 1.956567 2.979470
-0.343889 1.152826 3.150358
2.450048 1.152269 2.691716
3.059741 1.641371 2.767587
0.096389 1.082411 2.870374
-2.006159 0.053180 2.263065
-5.446201 -0.223949 2.975234
-7.407213 -3.232405 0.416770
-11.017299 -8.953403 -3.147257
-14.472402 -17.300762 -14.675509
