18.540569 2.559423 -9.689128
10.624329 0.665632 -5.148851
-7.359110 4.692801 12.994003
-5.036792 3.702692 9.190422
-4.049353 1.612705 9.331410
-4.518260 3.151077 7.861275
-0.606973 3.997778 5.958014
-3.194883 2.267303 6.440250
-1.617819 3.589196 4.803097
-2.417785 1.916430 1.935004
-2.237096 -1.676280 2.953757
-4.525875 -4.386918 3.325004
-3.872596 -3.763477 5.007455
3.020672 -3.484810 3.713168
2.524825 -3.372684 4.496916
3.654052 -3.009512 10.677424
5.814836 -4.440162 3.715448
-1.526603 -1.221714 2.960471
-3.617045 1.102186 1.521283
-3.218636 3.218248 4.594887
-3.414997 2.863897 3.920463
-6.987450 2.872633 4.687942
-5.307950 4.583066 3.060185
-4.626704 4.405840 3.215685
-3.029847 1.730432 9.627131
-4.108442 1.077972 9.343887
0.679013 1.582146 10.094555
1.183718 1.058629 8.975684
-0.609183 5.340990 6.783519
-0.676752 2.569547 3.179398
-1.513704 2.526209 4.805645
-0.802120 5.014859 7.475253
-5.922570 5.425908 8.925666
-4.520600 -0.955445 9.518481
-4.153448 -0.882093 9.393364
-4.726826 -0.079489 2.504229
-3.277493 -0.967330 3.145963
-1.591444 1.612141 2.398044
-3.705811 0.943577 2.880229
-5.132017 1.338777 1.871484
-5.908607 1.975898 3.131268
-4.397931 1.716964 3.139690
-9.836138 2.469370 9.664731
-5.888496 4.778645 4.409530
-4.336930 3.182487 6.942774
-6.437713 1.982928 8.783820
-5.908801 0.412502 7.782279
-10.607020 0.617924 9.994472
-10.440241 -2.215672 1.048084
-7.588455 3.129644 3.827638
-10.532730 1.684194 8.773722
-17.520288 1.422743 9.480033
-14.639343 3.997054 8.176734
-18.046400 11.383911 13.890524
-14.774784 5.954949 17.359253
