17.447573 16.373777 4.402811
10.255445 7.070365 7.333948
-0.789353 2.251369 7.362289
-2.967714 3.441125 5.845301
-0.598571 2.685827 5.396952
-1.666848 2.595573 4.787486
-1.011939 2.441986 4.216076
-3.512686 2.845340 3.107599
-1.672266 4.788026 3.627288
-1.358104 2.123136 5.302255
-0.579180 3.652596 5.094650
-0.551904 3.010758 3.309574
-2.860037 1.621981 2.324024
-1.848097 0.940316 3.170580
-1.671912 -3.799701 3.023936
-1.330838 -5.277947 6.488823
-2.673089 -5.868904 4.682799
-2.268965 -6.129854 3.018655
-3.049171 -3.793442 3.980276
-2.218014 -5.824525 6.292526
-1.618288 -4.927336 5.925813
-1.740327 -3.103927 3.735926
-3.007743 -3.832925 4.500154
-14.331290 -18.539679 2.331332
