10.747624 -10.773598 16.754663
5.910812 -6.373685 12.439616
5.107091 -3.453826 7.300986
6.693563 0.125369 8.621076
5.446312 0.989203 4.611379
5.735417 1.189115 6.304869
4.331731 -1.398376 6.992645
4.885272 1.170382 5.885639
4.982015 1.187600 4.841433
-1.623987 -1.269235 9.579750
-0.080406 -0.012205 8.702676
1.699541 -3.824335 7.220656
2.286621 -3.269922 7.803581
5.843565 -3.424039 10.527603
0.545686 1.998892 9.972290
0.494785 2.378845 7.438975
2.265295 4.921223 6.462491
3.675540 3.677904 3.549110
1.546710 1.958130 3.122832
2.049657 1.601617 3.205366
4.105548 0.593791 3.193606
4.806466 -0.647124 3.269450
5.139410 0.950900 4.892494
5.462239 -1.068492 5.508018
5.209942 1.166940 6.092259
4.026566 1.074513 9.340354
6.955588 0.959122 8.542067
4.425090 -1.501608 7.404682
5.603255 1.120209 3.342575
3.792458 2.806601 9.425439
1.990786 1.480454 8.953902
1.526418 5.998584 6.905367
4.887709 4.111919 2.401687
2.556665 1.901113 2.804190
2.002473 5.272677 4.305974
5.971878 1.647001 4.517959
4.597069 1.461035 5.145835
4.397282 2.990239 6.438498
2.559071 3.612705 6.985520
2.439082 3.078291 6.018047
2.713518 2.301986 5.037003
3.212890 2.312339 3.289631
5.952130 2.999996 6.239162
7.535275 2.121232 3.945262
3.999831 2.921763 5.110838
2.583227 3.559412 5.035369
1.272248 6.076395 4.912874
3.246230 2.438031 5.525021
0.081401 2.977926 4.688606
-0.889435 3.784892 3.816292
-3.883926 5.796270 1.770568
-6.567015 8.196986 -1.301220
-17.094769 17.317822 -1.401852
