-17.088734 -3.090691 -18.709427
-9.091000 -1.022035 -8.947792
-9.865701 4.528550 -6.083473
-13.179301 11.135113 -4.003659
-18.560074 13.519387 -9.878037
-18.720600 16.445972 -11.415423
-19.465027 4.269330 -8.689221
-15.853992 9.037230 -6.322453
-13.316083 5.905296 -7.781666
-6.181383 2.526803 -7.035358
-7.585511 1.280034 -8.323875
-6.656795 1.203716 -4.715719
-10.027405 5.342599 1.172285
-6.308457 9.030743 -9.649364
-5.734488 5.438097 -5.754674
-8.606050 3.348498 -3.204028
-17.408396 6.269517 -3.206639
-22.052917 19.536680 -13.336635
-29.990370 19.264538 -26.113899
-25.306168 19.897953 -17.273170
-15.651414 15.948403 -14.799881
