-14.790863 -19.022142 2.271562
-4.912801 -9.356139 -0.657429
-2.489123 -6.793158 2.600575
1.833081 -5.268403 5.210351
0.191901 -5.479106 3.594903
1.149141 -4.018585 5.186395
0.846826 -2.598411 2.712496
3.040730 -2.153259 2.704752
2.756128 -2.516115 3.004649
0.828626 -4.266182 1.457814
4.784703 -4.431748 3.555208
4.613120 -3.958965 5.669439
4.654154 -4.054563 4.861769
3.978175 -2.958520 4.837924
4.417401 -3.956298 4.199180
3.122823 -3.822263 3.697664
6.563179 -1.371196 4.533585
5.230937 -1.723455 4.151446
4.725259 -0.898461 5.220021
7.080910 -1.774147 6.387762
5.849656 2.014077 5.985264
4.105095 3.305427 5.911496
8.361333 6.000253 9.833229
7.251935 7.522797 14.618152
10.612894 15.829074 14.976134
