19.032616 -7.824985 -5.186166
12.561868 -7.684895 5.310166
9.817273 -1.508448 10.856398
6.723965 -14.497119 23.717474
7.666644 -18.215294 24.194834
7.173852 -13.223254 14.363061
12.186528 -14.707977 11.838132
21.570950 -14.195424 19.483265
14.250018 -5.156895 11.077317
12.322662 -6.962403 9.511937
5.052905 -4.470650 7.684120
10.058916 -12.472033 14.344520
3.574489 -19.493837 23.171436
6.103220 -16.149712 26.887794
7.591518 -13.343607 22.514706
3.088972 -11.669252 28.569109
9.450974 -7.926585 16.029408
15.600932 -13.199279 18.741425
16.905340 -13.339174 10.625108
6.215710 -19.679131 10.871903
6.758775 -13.002899 9.667070
6.839692 -8.897521 5.511288
10.801473 -6.913140 3.472143
16.389399 -9.414571 1.355530
13.168910 -5.862966 7.445958
7.904755 -1.846268 1.735709
15.821073 -3.836106 11.493896
30.221020 -19.140017 18.722055
3.384954 -10.631312 11.937332
8.129155 -11.431634 11.208520
35.598572 -7.360929 4.461948
11.396460 -1.140123 5.101480
15.188716 -11.071179 17.852409
18.916740 -10.986958 12.481547
7.835998 -1.156203 9.869763
9.916908 -8.904307 7.061767
22.367044 -17.766951 8.914645
25.206375 -17.123009 9.132778
26.154049 -19.713928 18.125633
9.503167 -8.826806 14.074151
11.067458 -3.906157 27.609629
14.141975 1.528180 13.666694
13.456289 -10.688609 18.821844
9.667015 -11.889583 17.214684
10.726720 -9.596029 17.175438
9.546912 -1.335997 19.170902
7.736417 -11.136873 22.783276
2.194295 -4.932724 14.495649
-2.506046 -3.606389 15.860927
