0.154661 -9.155375 11.595440
0.509124 -4.305869 9.502462
0.243656 0.904797 9.467863
0.848065 2.414592 8.641141
-3.375776 2.671649 7.284129
-0.094077 2.927609 2.420009
-1.393119 2.412019 5.098839
-1.993150 4.519876 6.386381
-1.536011 3.046504 7.231989
4.536287 3.600428 7.425439
7.220057 2.772930 6.485167
5.103786 1.043423 7.452341
6.293039 1.160034 5.916482
4.578242 0.705868 6.913511
3.824351 1.073712 11.352628
2.111955 -0.918907 8.267424
0.397420 0.879545 8.356391
-2.129058 -3.766437 9.209682
0.107464 -3.196473 4.382621
-1.633076 -3.972288 5.442629
-1.212279 -8.226370 6.131505
-0.384237 -3.582556 4.824009
0.189569 -4.135960 3.578083
-2.709030 -4.713780 5.853864
-1.399311 -4.547678 6.139089
-3.598245 -3.755666 6.679753
-1.004250 -3.364642 8.201468
-1.842000 -2.457388 8.684709
-3.770130 2.188803 8.860169
0.922021 2.408727 10.191288
2.260926 3.420631 10.526439
2.529657 4.743209 6.125153
0.505465 3.675578 7.436863
-1.648897 0.973511 9.407766
0.014789 0.526380 10.579869
2.145269 3.071712 4.538977
2.900826 3.658878 5.693781
3.849384 3.759625 6.741601
-0.374373 2.444906 6.970729
1.378484 3.238241 6.382185
-1.672845 3.093057 10.709094
-0.243883 1.918439 8.235395
1.870392 1.215859 8.259870
2.109285 0.378709 8.379783
3.229592 -2.308167 8.312421
4.505814 -0.583177 7.362296
5.326300 -2.369563 10.141957
1.600947 2.314174 7.008447
2.736664 -3.748422 7.098831
-0.070368 -3.606421 4.211267
1.579278 -3.843282 6.189507
2.535200 -3.203457 8.140887
4.310925 -3.264344 9.027195
2.900212 0.427702 11.651317
2.974377 1.719560 8.818392
-1.249322 3.148681 3.792181
-0.566143 2.909711 4.055718
1.868926 2.961672 7.454711
2.764557 2.586091 8.535169
1.909675 1.559762 1.995692
3.923378 2.570623 3.893166
2.511803 1.073620 2.372356
5.655861 1.685832 3.864433
4.739380 1.092917 5.900522
5.633922 3.862210 5.836040
2.078004 2.647433 3.564445
3.780709 3.646191 9.084221
0.822429 2.668752 6.041161
1.366831 2.409081 6.535278
4.430881 0.474395 8.577712
0.197095 -1.010470 8.414838
-1.473534 -1.297888 8.491127
1.975480 -7.571260 10.209776
4.394679 -4.522760 8.999359
5.229084 -3.263631 9.401570
2.680074 -5.359538 6.762058
-4.247470 -3.962251 6.523164
-2.210819 -2.952161 5.807409
-4.838205 -5.019900 3.415979
-2.153191 -1.225806 2.425649
-3.407859 -3.115551 6.866799
-2.302596 -3.291157 5.363430
-2.169787 -5.006066 5.381114
-5.266462 -5.951340 8.934381
-1.355172 -3.414595 10.275818
-1.245031 -2.978575 12.122264
-1.072762 -2.954907 6.921722
-0.496903 -3.643562 10.611980
-1.121243 -1.599305 9.669301
3.066818 -0.134147 9.290157
6.324777 -2.243300 8.367626
6.919949 -1.364143 5.206528
5.055242 -3.136475 4.465618
6.282296 2.178563 7.097556
3.235960 1.323725 8.814662
7.481962 5.232440 8.268229
-0.386609 2.153926 5.640697
-0.146920 5.664235 7.525724
0.187564 4.694168 8.152749
-2.137750 3.379829 4.035632
-1.210416 1.679034 2.581406
-1.716591 4.433331 5.688138
0.170701 5.163756 9.741778
-2.613104 3.699413 8.818465
-1.437036 3.814578 6.727555
-1.466524 4.083403 7.479833
-1.302472 2.278518 6.258975
-6.910100 2.581253 3.756653
-7.036978 -0.362102 4.920503
-7.907481 0.718685 5.345233
-6.068657 0.788691 3.620505
-10.039463 -0.853661 3.270139
-5.920310 0.298626 3.166156
-6.879320 1.952464 7.490448
-10.693836 6.117104 5.322189
-16.778786 11.731289 0.689136
