19.377277 -14.351172 12.226275
19.330189 -13.960340 5.125738
13.538487 -9.156287 2.568621
7.578182 -5.334306 4.133708
14.866870 -6.641687 4.101475
12.533000 -7.440269 10.660337
6.478215 -5.640316 8.752172
4.425218 -14.487951 10.348242
5.213320 -16.776495 2.290057
14.008211 -17.018959 8.562838
13.775892 -17.010612 6.594546
11.310990 -14.521811 14.984295
6.579823 -13.765501 6.156084
8.176361 -9.879233 9.360151
5.584819 -5.911902 4.667042
4.395278 -9.281620 2.074636
6.101400 -11.352619 1.328832
8.170558 -13.812292 3.311346
14.184139 -19.896776 4.981146
5.924630 -15.467426 4.046721
7.766627 -8.738111 1.400887
6.470932 -5.548213 0.982988
7.587744 -6.337480 -2.278297
11.292761 -9.119576 -0.662631
5.057088 -4.719926 -1.000323
9.435287 -4.852792 -2.434892
15.554543 -4.079483 -4.742505
21.322042 -18.949766 -5.864373
24.912552 -11.607657 -5.537346
29.226965 -14.958274 -10.801435
11.646021 -13.054789 -5.980549
16.205109 -13.701998 -7.860748
13.452857 -11.854114 -11.361394
6.023389 -5.503734 -3.210520
13.025883 -9.128157 0.642968
19.608574 -14.225229 3.954593
19.291555 -5.373314 -1.111692
10.606851 -4.610875 -2.478278
22.861071 -9.100657 -0.380212
21.386786 -9.082343 4.333666
9.799871 -9.362745 3.822794
12.968177 -7.336513 1.698656
14.943219 -8.766132 4.939672
11.489872 -6.398851 2.194419
6.599411 -4.737988 2.557744
8.482800 -4.831424 3.713689
14.009148 -10.531107 6.217358
9.563856 -6.558075 7.712421
6.999959 -6.603143 8.718635
4.109998 -11.808996 9.523210
7.333975 -14.261815 4.126532
7.724935 -12.275095 11.617446
4.696748 -20.168016 4.808171
12.256761 -14.375569 8.691069
9.816124 -12.971147 5.946407
7.411405 -9.881972 7.508573
9.941913 -12.006907 14.540605
9.129818 -7.037953 6.230121
11.574943 -6.565354 4.366673
16.022991 -9.157484 11.511113
18.148542 -11.722866 16.600889
17.550116 -13.779326 15.662914
15.016974 -11.254201 11.684673
22.272354 -4.942744 0.986798
14.596597 -9.333746 3.045300
5.074416 -5.858354 -0.266993
13.713215 -6.241358 -2.178652
11.015450 -6.334681 1.069096
15.127280 -9.365671 6.127239
9.082253 -15.131521 6.260765
6.771942 -13.718013 8.061399
7.353420 -6.421575 5.604520
11.197070 -9.100745 3.104790
14.217483 -6.722265 5.717787
20.495134 -7.425842 3.814331
24.311783 -2.435595 0.194642
15.751202 -1.468685 -5.965073
