16.562616 -7.120587 12.031174
3.228039 -9.223694 11.360099
3.183514 -11.326716 7.687560
3.215744 -10.861176 5.157343
4.895684 -5.303082 5.798030
9.614576 -9.181548 5.422097
11.417459 -9.367791 -1.925655
7.999518 -9.022488 -3.898135
8.931160 -11.409435 -7.775341
8.212234 -7.963919 -5.917001
13.397565 -9.271353 -3.978664
8.485868 -9.241844 0.291113
15.125718 -6.129902 -1.563715
14.129888 -10.071371 -11.453663
13.282233 -7.675486 -6.481874
7.084452 -14.049528 -7.921678
6.571193 -12.009645 0.543855
6.244133 -8.625107 -2.826906
10.771464 -9.646154 -4.728529
11.241169 -15.538110 -6.043886
12.225002 -18.578547 -8.667524
9.962996 -14.430626 -8.134414
12.080061 -9.700672 -7.385392
8.877025 -7.121396 -0.857932
14.269605 -5.254914 -0.137378
10.020447 -2.847821 4.655376
14.670540 -12.465907 7.383437
22.653351 -19.044275 7.450626
9.280643 -9.886274 6.020991
8.283216 -3.815745 8.893649
17.337505 -4.703430 8.083136
15.394752 -13.795680 9.570978
6.729669 -7.973439 10.100093
4.788770 -11.521816 1.980586
5.598412 -12.169650 -4.412795
9.728547 -16.919268 -4.494089
3.954529 -7.528789 -7.034661
6.895824 -8.297962 -3.502552
8.921651 -6.387749 -0.881048
9.533457 -8.168242 1.367767
11.527353 -6.862628 2.709903
18.857939 -5.616068 1.180709
18.870953 -15.930177 0.387825
19.491388 -9.380453 2.923413
11.769041 -7.626260 3.495924
16.963383 -6.383049 -1.414622
17.162514 -7.939918 -0.195731
17.130741 -7.710611 5.901495
12.783554 -9.234088 4.017320
14.032643 -17.844351 7.532568
24.119551 -18.889137 8.569516
18.723927 -12.450038 1.722296
24.786522 -19.787800 0.132633
29.286989 -19.245991 9.226558
11.375705 -16.875204 7.074309
8.750252 -9.305666 1.379400
4.758716 -8.216137 3.508254
9.910638 -20.006418 -5.205867
15.416609 -19.937538 4.184530
27.630207 -19.483789 0.115494
18.621765 -19.635006 -4.928684
10.793622 -18.620068 -10.629052
12.544632 -15.508998 -7.425993
19.527752 -15.317220 -4.523762
10.125286 -14.477570 -6.132280
8.753056 -4.622393 -3.115894
10.808802 -5.398357 -1.137888
15.986861 -7.660821 -0.960732
12.881271 -6.816238 2.797786
10.687633 -2.248878 0.276881
7.064100 -5.150162 0.842194
11.386129 -5.986597 3.247677
13.285715 -5.659026 -0.447668
10.781862 -6.137466 0.340710
7.968029 -5.024483 -2.004245
9.315824 -8.087918 -4.147097
11.621099 -6.820575 2.228130
12.178398 -4.285626 3.874604
12.666875 -7.362093 -1.692377
12.500160 -8.990800 -1.472697
4.079664 -7.339977 -0.061889
3.769354 -6.363455 -1.578869
4.269834 -15.210265 2.281565
2.041254 -13.877092 3.703195
11.193783 -16.079992 7.185555
10.743294 -17.974363 7.421587
1.856616 -14.641723 1.582533
5.261989 -12.689526 4.879968
10.555454 -29.853024 15.294745
5.928319 -13.577455 13.693465
21.710867 -18.303286 14.759438
15.042012 -21.375233 12.693558
11.501869 -18.506851 6.344139
3.949980 -9.535793 2.561653
3.876623 -11.347176 1.347785
7.969187 -12.624876 -0.751655
13.936029 -19.216192 -17.299850
16.028202 -18.559076 -15.184855
18.595961 -15.511760 -9.456170
12.028780 -12.614196 -4.532557
7.898720 -7.842847 -1.777912
6.846293 -19.486635 7.260647
13.788016 -15.591251 9.448318
16.723541 -15.490432 6.046546
17.548180 -11.480685 9.750240
9.980735 -8.947266 5.148308
9.933042 -8.279271 10.990590
5.618289 -12.973790 9.691554
11.205501 -11.986800 7.720225
5.379471 -7.390019 2.402611
10.395525 -7.633056 0.798961
18.603001 -12.864533 1.879014
6.973962 -3.695136 -1.183488
7.440313 -5.565971 -2.088961
7.289727 -8.129008 0.116661
2.805417 -10.686643 -2.284404
7.474895 -10.902540 -1.522639
6.337877 -5.551195 0.178693
7.653979 -4.040216 -0.520951
11.387815 -9.015905 3.138677
15.517190 -8.957828 0.442820
8.186513 -7.358758 0.741581
5.103727 -7.419668 1.281544
3.296789 -10.750575 -4.182086
31.826920 -46.868656 -6.453137
36.171715 -75.317673 -5.710166
18.320961 -9.764929 -5.252849
19.717331 -23.598572 5.156770
17.964718 -39.965084 -10.332122
19.388514 -30.087860 -4.426383
36.689468 -38.945202 -5.348311
2.814135 -22.513884 -8.201433
3.404661 -23.054968 -8.413074
15.381436 -15.510138 -5.590311
18.861208 -26.464306 -11.012808
19.564177 -26.192623 -10.795136
18.469803 -26.558933 -3.163634
19.475353 -20.163422 2.494246
18.040337 -15.203643 8.383451
16.694828 -15.893106 6.264648
8.238889 -9.231336 7.599855
12.643825 -8.745854 1.134799
13.351301 -7.147910 -1.001580
10.813131 -5.834384 0.833503
14.048628 -8.630830 4.642456
4.465225 -9.004607 -0.832055
6.145586 -7.865209 -1.642327
9.095488 -10.910631 -6.587405
4.687598 -6.635679 -1.714744
5.552036 -6.390554 -1.712505
7.348320 -7.561604 -0.479001
13.714095 -9.084756 -3.287396
8.812280 -7.959255 -0.309697
6.286415 -11.983102 -5.573410
11.278666 -12.359585 -4.317526
6.208981 -11.695478 -5.898946
6.066144 -5.958686 -0.975466
10.094626 -8.126998 -0.222449
10.362645 -7.810480 0.348403
10.941279 -6.435225 6.926189
10.833469 -11.462449 6.099334
6.863114 -8.633248 5.867231
5.939476 -5.679389 2.131582
7.530231 -9.844267 -3.149382
6.473417 -7.157024 -0.828017
8.963382 -8.356377 0.944633
4.491467 -7.643549 1.297107
4.793458 -8.552648 -0.895217
4.868164 -7.245811 -2.799577
9.594724 -15.262410 -5.100065
9.598434 -20.987078 -7.202458
4.332044 -19.752264 -0.412010
6.754958 -9.053968 5.839591
4.673513 -7.629921 3.382821
7.275192 -10.698177 4.069902
2.772259 -4.173241 3.012885
10.523991 -8.794644 1.733114
7.371985 -5.576065 2.273433
12.604217 -8.951235 5.363380
14.409772 -8.302220 6.221681
12.155513 -12.133642 7.553210
10.957940 -6.744477 7.266177
10.650758 -12.300180 7.276174
8.168731 -8.665582 7.777442
7.705964 -8.122308 11.990191
8.958329 -11.140199 13.753146
9.549068 -21.644604 18.301689
12.806966 -14.926859 11.486968
2.416400 -10.940073 2.706843
6.467460 -12.640109 5.016222
9.900428 -5.400056 7.690734
6.778364 -9.187182 10.526552
9.712116 -7.296946 6.054089
9.139729 -7.931005 7.574752
13.587260 -7.590265 15.289404
16.966145 -9.908232 17.343475
16.414829 -13.174742 13.676610
16.825962 -3.775737 13.225462
8.791994 -4.425974 5.038191
9.231960 -8.046915 4.310502
18.430935 -8.172019 -6.110115
16.283796 -10.115684 -10.664165
21.243567 -16.010824 -9.812709
16.635998 -7.256114 -2.683929
24.010178 -12.998696 -11.195096
18.010136 -20.105736 -9.240649
21.126631 -17.613407 -12.384225
19.611959 -17.562712 -5.607033
19.582077 -24.317127 -3.243909
5.952996 -11.091920 3.369408
2.061495 -8.918211 -1.264982
2.585188 -11.886564 -0.433589
6.103400 -8.929848 -1.250324
10.103109 -7.340225 0.607360
8.629371 -6.675014 -2.009322
11.764673 -11.137686 -4.377190
7.168991 -7.065327 -4.593967
8.534180 -24.575277 -11.573323
12.207886 -27.153969 -11.268605
16.881430 -19.541246 -8.178428
15.048982 -19.528908 -12.257518
14.367952 -19.910265 -0.336404
7.466017 -11.897913 4.212996
3.754473 -10.616660 -2.024602
4.588756 -11.061035 0.344591
5.053733 -16.294830 2.004934
6.546778 -5.936648 2.046604
11.414299 -7.747819 4.388587
19.080357 -9.639055 5.359633
17.596910 -25.620834 6.455681
19.743708 -20.769247 -12.021535
17.176987 -21.815701 -12.039536
36.660358 -23.667034 -6.761215
47.827755 -25.152639 -4.565365
29.777945 -17.930908 -7.050166
12.868296 -14.161115 -8.668964
6.574489 -13.183921 -7.062484
5.638350 -17.457317 -1.382494
13.136682 -26.743799 -10.741939
5.076684 -14.892170 -7.044327
3.621278 -21.625944 -3.814945
3.946005 -15.016256 5.133179
6.550498 -20.401064 8.482922
8.006011 -16.993443 4.468253
6.303599 -17.562197 -5.521916
4.460700 -11.354345 2.924195
19.533274 -23.075834 15.983059
19.356174 -28.769169 8.586885
3.695812 -13.269901 6.607128
5.929763 -21.962841 2.126513
5.794775 -14.209191 2.575948
5.960812 -12.339506 0.476343
6.195533 -16.449230 7.761844
4.444100 -16.659201 4.297351
5.064254 -8.176180 2.531077
-1.649404 -12.539383 8.802110
-2.622527 -4.859189 4.367000
-3.078217 -3.445750 4.212696
-5.915810 0.494991 5.636383
-5.836473 2.288335 6.806042
-6.736548 3.186476 5.964586
-6.321629 1.340595 5.584201
-2.947984 -2.290981 10.262631
-2.666572 -2.476683 2.160204
-3.912255 -1.089471 2.923290
-2.588450 -1.087116 2.959762
-0.806695 -0.592293 3.046567
-2.963163 -4.017419 5.202368
-2.102489 -4.116756 7.743870
-1.425198 -3.401223 4.780497
-1.851783 -3.536599 7.441614
0.025824 -5.638869 6.232049
1.541860 -3.539546 5.291175
-2.679301 -6.849043 5.565332
-1.099989 -3.625693 4.914855
-3.450346 -4.431090 9.013045
0.983015 -7.800563 6.625424
-4.292117 -10.191003 16.683031
-8.601529 -10.670816 17.916630
-8.591723 -18.758461 16.033070
-1.215720 -14.950671 16.420012
-2.042515 -37.402660 18.610279
6.979048 -34.762547 20.328951
14.280066 -14.089314 13.511125
21.490858 -19.511784 10.679614
20.226458 -16.891033 7.595083
18.944267 -22.186436 7.245352
19.007408 -19.022266 4.508093
16.319267 -15.651947 9.327796
19.862877 -6.285521 8.709063
16.746502 -22.402355 18.437351
20.801056 -21.701315 16.256872
20.434858 -14.155046 16.175423
17.334368 -6.936131 12.274632
20.399614 -4.156001 9.262870
12.676549 -4.499316 5.113305
9.092475 -6.177950 2.246973
21.408928 -3.938698 8.079468
16.688032 -8.470642 9.538024
8.997296 -1.542387 6.975195
23.531260 -13.776556 18.453201
13.944488 -12.250051 15.875454
19.786751 -3.261420 12.236999
16.490486 -0.360417 -0.419352
21.556185 -4.310203 3.687865
18.027800 -14.416263 5.990236
12.057042 -15.536000 8.011718
13.050959 -12.364607 6.859185
8.855753 -6.825421 5.414839
12.134180 -8.771811 10.068126
7.459676 -6.025521 2.272307
8.266837 -7.445585 3.777773
14.905370 -5.856288 8.762823
14.614203 1.405059 8.455151
23.461739 3.433307 6.662847
19.710749 1.137704 -1.922598
18.190008 -5.283943 1.333217
14.960423 -5.717954 8.234099
10.786389 -3.600949 -2.018007
17.091387 -8.311977 -4.430525
16.616184 -9.192156 12.268544
15.837409 -9.864705 13.610431
12.596538 -9.141838 13.317266
4.225788 -4.755896 4.170927
15.239942 -6.460090 11.326882
14.224809 -5.106606 7.754936
18.624290 -9.603583 7.677959
16.168575 -13.385190 16.319849
4.699047 -3.740576 0.663216
7.875855 -10.165202 6.954522
32.778625 -18.484875 14.460706
21.794271 -4.068449 3.224026
15.177796 -17.979683 8.493447
12.598718 -21.883739 6.671911
3.358607 -15.476757 8.962110
10.132683 -21.185493 5.856213
16.332449 -14.414583 6.385462
13.539414 -3.207085 4.048100
9.703938 -4.736121 7.337075
11.879080 -9.548987 15.121740
15.989820 -13.528331 17.312767
21.227669 -15.565930 15.751991
32.416859 -12.739045 19.446938
34.356808 -24.517403 16.673409
39.211227 -9.678763 17.088352
15.789334 -5.587636 15.991244
15.944692 -13.871728 14.225472
11.217505 -16.181589 6.402125
12.633154 -12.594320 7.959894
4.681357 -12.935982 7.218334
6.564116 -12.395279 10.481201
15.585256 -20.293242 18.230371
16.135733 -13.925209 14.561135
16.551176 -13.229152 11.632252
16.621456 -19.983896 19.654459
22.761377 -18.964668 13.965759
19.591681 -18.802416 13.794424
