19.807953 -19.259615 13.804587
15.315887 -13.277369 7.952491
10.893502 -13.679710 5.757985
19.160315 -12.603568 6.446703
14.588121 -10.092064 6.098327
9.188316 -7.743822 5.893641
6.750585 -6.961493 8.619090
7.843917 -11.287899 9.785612
8.578756 -11.954951 10.728333
12.897290 -21.170288 7.652501
14.008821 -14.171180 8.943749
13.155249 -7.257532 3.699336
7.658423 -10.933223 8.531564
9.521533 -10.345716 6.860706
6.603680 -8.352499 4.941340
7.812845 -3.892090 2.510767
9.258927 -6.107884 0.490672
11.701122 -7.241343 2.005069
18.754780 -7.374944 10.785680
15.574765 -7.085506 4.103344
13.489763 -8.250795 2.575036
8.971018 -9.023662 3.842305
12.487089 -6.474206 -0.201618
7.948923 -9.363395 0.466441
6.423800 -10.860837 7.552953
1.589837 -10.103262 5.073411
