-11.627259 -9.415667 1.940823
-6.308859 -5.047376 -3.159754
-2.801328 -2.110214 0.479814
1.949020 -2.407320 2.994438
3.314596 -2.162635 3.064253
3.821361 -1.946097 1.401211
5.374372 -4.225760 4.186523
5.944343 -4.197002 4.436276
5.712604 -3.166603 6.011086
2.789355 -3.237309 5.706303
1.806163 -3.449742 6.082268
3.230533 -5.856866 6.061478
4.224535 -5.543187 6.877981
5.676434 -1.197493 4.864390
4.183497 -3.155246 4.196346
1.882701 -4.531616 4.189782
0.703483 -4.118773 4.240763
3.942479 -3.390101 4.373194
3.972296 -3.669343 4.833131
2.878488 -4.590865 6.815436
1.697695 -5.138857 5.511150
5.481202 -1.903305 9.038610
4.509157 -1.632764 6.586393
5.709440 -2.636486 5.043159
5.511611 -4.800084 4.429124
3.823803 -2.908437 3.697802
2.479275 -3.970151 6.031839
1.225933 -4.942644 8.578626
2.640868 -1.813625 1.950891
3.033169 -0.978242 2.861947
3.470662 -2.063092 2.861691
1.842496 -4.166427 3.117706
2.934343 -3.005986 1.529479
2.418210 -3.481059 3.682847
2.213251 -3.950665 4.231833
1.469050 -4.478692 4.341049
3.703310 -3.092515 3.813301
3.186115 -4.024703 4.095455
4.859518 -6.500532 5.605675
4.588761 -0.899900 6.106296
4.895846 1.555963 5.294263
5.405641 0.152223 6.233175
9.324904 3.263400 8.834224
15.052161 5.363346 10.076245
