3.346049 3.915394 -12.434024
6.845560 -0.234425 -2.692356
3.546286 -4.792513 -0.621784
-2.720187 -8.240550 -2.593551
-3.430706 -5.899890 -2.251337
-2.266797 -3.822184 -4.004719
-2.998307 -3.315976 -2.890566
-2.604738 -4.326880 -4.129315
-3.014320 -7.411010 -3.450009
-2.756951 -4.941144 -3.511906
-2.212450 -4.575227 -2.184289
-3.614709 -11.837811 -2.298660
-2.229851 -11.193300 -2.599819
1.376145 -12.063890 -5.026448
1.735863 -11.865832 -4.928133
1.811430 -6.441972 -5.194008
-2.120706 -5.480714 -3.475664
-2.816929 -5.600380 -0.494222
-2.800878 -4.212006 0.549373
-2.070030 -3.376655 -1.041388
-2.875560 -7.161891 0.462648
-2.777977 -7.428531 1.723371
1.566400 -14.594647 4.600137
3.478646 -9.272574 -3.798430
4.229633 -6.707623 -3.824452
3.896577 -5.426516 -3.709458
6.303751 -5.380522 -3.453866
1.559577 -3.102968 -5.337032
0.999037 -6.150426 -5.270546
-0.550566 -8.505807 -7.228842
2.401437 -10.215414 -5.126369
2.073366 -6.417912 -5.662803
-0.188781 -2.942698 -5.251614
-1.091419 -3.575322 -6.124118
-3.996751 -0.176675 -5.690268
-3.001016 1.556394 -4.452354
-2.005413 -1.853618 -3.718759
-2.547282 -1.681304 -3.375656
-3.220858 -2.435924 -4.821876
-2.353587 -4.484421 -2.311543
-2.229810 -4.017862 1.079728
-2.209325 -4.333353 1.309625
-2.273836 -6.988106 -1.166604
-3.145475 -6.666057 -2.109436
-2.320082 -5.479719 -1.640821
-2.654244 -2.680228 -3.322735
-3.795689 -0.796249 -4.279596
-4.005138 -2.067657 -5.805557
1.200218 -1.810461 -5.576137
1.688043 -3.848492 -5.495226
2.413445 -6.696419 -7.295060
-2.750413 -5.429780 -5.035334
-2.064326 -5.407438 -1.790594
-2.422929 -1.655121 -4.093715
-2.694510 -1.154333 -3.810485
-0.572333 -2.692206 -5.160886
1.954405 -2.904827 -5.597005
2.490040 -4.396583 -5.449013
0.805402 -5.208299 -5.557151
0.688136 -7.856767 -10.518460
1.928946 -5.958256 -8.261598
2.099038 -5.493817 -6.456160
-0.483383 -7.990672 -7.793184
-2.769624 -7.892771 -6.701311
-0.106603 -6.256144 -5.682847
-2.051466 -7.127738 -7.036330
-1.770061 -4.483446 -5.933374
-0.621129 -4.646600 -6.176658
-4.152530 -3.686585 -3.245688
-4.659593 -4.521623 -4.981013
-1.979435 -5.038163 -3.106317
-4.345787 -6.534973 -3.573824
-3.699393 -2.670509 -5.943959
1.780990 -3.563211 -5.103923
1.596449 -4.507197 -5.431526
2.296930 -6.305822 -6.481865
4.017036 -2.552195 -4.479580
4.593646 -1.466321 -6.164939
3.102665 -5.820560 -0.640549
4.007589 -3.150587 -2.802763
3.211123 -4.136084 -3.537926
4.673799 -4.205218 -3.716973
3.449932 -3.209438 -1.969679
3.549535 -3.578293 -2.610470
11.404448 -6.283543 -0.688026
4.853461 -4.942043 -1.360261
6.452030 -2.944468 -2.160388
8.909742 -5.157319 -2.502197
6.812148 -6.524216 -0.977099
6.123861 -7.689163 -4.818294
4.406163 -4.334163 -2.652881
2.919350 -0.616963 -7.025677
3.763194 -4.586541 -7.928998
1.818125 -4.432099 -5.123978
-1.023404 -2.962243 -5.723801
-0.982185 -1.094530 -6.646780
-2.529875 -0.647825 -4.222079
-2.878062 -1.415995 -4.565352
-2.142357 -3.112134 -3.787970
-2.411934 -1.748341 -3.561216
-2.078072 -1.135624 -4.857354
-2.373551 -2.338135 -3.837460
-4.305033 -3.079327 -3.070125
-2.272106 -5.685205 -4.063137
-2.131086 -6.518187 4.548780
-2.596222 -4.587586 2.775329
-2.705403 -6.917906 6.590656
10.923654 -5.513216 4.737461
7.935871 -5.537646 4.802510
7.846880 -5.991381 6.475470
3.787869 -3.569429 6.252146
7.360599 -8.041827 6.869122
5.366119 -1.198155 5.818891
4.388715 -0.158904 3.820835
5.025870 -2.905251 9.180194
5.852417 -4.552697 8.091206
4.587094 -6.205813 11.515883
3.691894 -8.820590 9.922534
15.275560 -16.009798 19.283670
