-14.994783 -6.180289 11.626253
-14.876610 -1.352017 18.008892
-14.748400 -7.157765 8.964993
-16.433599 1.801328 18.416647
-16.613928 5.807851 20.743084
-18.257938 5.866385 12.941615
-15.120294 -2.241878 8.749153
-5.681787 -6.589214 9.124760
-10.033101 -8.979823 9.904066
-4.083986 -6.436121 8.311412
-8.855265 -6.621935 7.484386
-9.538733 -5.968900 4.870875
-8.971099 0.406505 6.977098
1.944313 -0.927634 12.819582
-3.824097 2.229395 14.332789
-5.870652 -0.967455 19.236828
-2.369156 -1.935247 11.913836
-2.814125 -6.100186 10.728942
-0.908519 -4.630204 5.840997
-0.684139 -3.601074 5.645167
-5.736969 -3.901528 6.255065
-7.521218 -3.810724 3.794225
-7.530628 -0.004077 5.918710
-5.902081 -1.342571 2.543136
-7.446129 -0.194123 4.181133
-0.717050 4.695374 6.617197
-1.757071 3.509557 7.472289
-2.751964 -1.238946 13.881942
6.435432 -1.968693 8.746434
5.746056 -0.869543 6.730743
0.815269 2.331891 9.223665
-1.113023 2.394746 8.654243
-5.241772 4.220404 8.191808
-5.959411 2.871136 2.279959
-2.807097 2.705351 6.674808
-1.252556 -3.715433 4.983082
-2.387316 -5.377510 6.969331
-1.775413 -2.912172 8.706920
-7.517047 0.904446 6.262370
-7.486830 -0.217397 5.278773
-7.896537 -3.154160 5.711438
-14.178420 0.205575 12.986793
-16.689907 0.098855 12.333798
-17.090948 -4.911795 13.068451
-12.503989 -7.851668 7.123456
-11.160910 -9.100089 10.482167
-8.923584 -5.460102 2.601838
-8.554883 -8.351296 5.314196
-3.131436 -3.372286 3.790064
-5.738064 -6.699948 7.043569
-12.254690 -5.733806 6.899294
-7.195911 -1.215696 7.038087
-5.323411 -4.155641 5.649393
-2.990277 -3.118270 5.038853
-3.882936 -5.033541 6.807810
-2.780303 -3.067131 7.049286
-3.423265 -6.374825 10.692820
-3.917063 -5.059927 6.509147
-4.150429 -3.856849 4.151289
-6.183179 -3.819979 4.424817
-8.808552 -2.475278 7.350331
-7.609146 -2.442132 3.165452
-7.528848 3.317815 5.310209
-8.586123 4.627526 8.704141
-11.160784 6.284526 5.970914
-9.464790 3.043921 4.795440
-9.246777 3.403882 2.585014
-13.518667 5.943987 5.178417
-9.353664 -0.263806 7.500539
-11.569763 -2.026139 6.780295
-6.845261 -3.480293 5.895771
-5.560218 -5.189984 2.499915
-7.866124 -1.944368 -1.794931
-4.431208 -0.987302 0.707225
-9.863886 -7.083365 10.070352
-11.512504 -6.923065 6.965069
-7.004246 -5.471774 6.694547
-6.205870 -4.631482 6.803325
-5.804977 -5.935115 7.153213
-7.490980 -4.561289 6.238663
-8.082414 1.041719 6.395591
-8.475594 8.985671 7.582023
-5.735656 5.905269 9.276575
-6.996997 5.805626 12.021839
-13.845746 4.162055 11.143717
-9.245463 6.943696 9.544477
-13.833682 4.475773 6.608739
-13.519960 6.222851 10.878417
-10.311686 13.746916 14.983848
-4.752486 17.682079 15.994370
