-18.631531 12.746771 0.719303
-4.780851 4.088309 5.810889
0.159653 2.216833 5.801492
-1.900439 2.475534 9.194427
-1.911875 2.694871 7.234674
-2.671813 3.453396 4.704870
-7.066633 2.923902 1.029641
-12.655018 3.380644 6.527234
-6.759222 2.711773 4.954682
-4.763695 3.716574 4.439038
-2.408253 0.340358 0.719535
-4.107140 -3.228985 3.018618
-4.068020 -3.755475 1.816989
-3.781423 -3.651425 2.588482
-6.528769 -4.728462 3.960536
-4.513999 -3.582426 6.941182
-3.118867 -4.218692 4.507636
-4.895248 -4.059098 2.265159
-3.502676 -2.810041 0.069592
-4.267271 -4.350559 3.491652
-4.946622 -5.319792 1.567771
-4.025183 -3.966765 2.402854
-2.789373 -4.366694 2.187125
-3.700302 -5.448276 2.867145
-3.479106 -4.923533 4.415148
-4.327981 -3.430498 7.156954
-7.654933 -4.739238 6.940360
-4.997425 -6.766869 5.050723
-5.960637 -6.219131 6.318735
-1.969004 -3.573905 8.060010
-2.812077 -4.031729 9.903207
-1.656746 -3.642470 8.759291
-0.763131 -3.915723 9.768739
-0.427511 -2.959722 5.810768
3.727357 -3.782224 10.240569
7.255850 -6.865358 16.943068
