8.738237 9.865867 -6.338048
6.450528 4.892763 -3.398215
5.156845 1.112845 -3.302529
9.752045 0.860838 -1.555022
3.755882 -2.846925 -3.870570
4.467151 -5.016203 -1.113206
3.222749 -7.024759 -5.418747
1.329488 -2.311983 -7.069829
2.190143 -7.301352 -6.219573
-1.727915 -7.276349 -5.592724
-3.542670 -4.048426 -2.273760
-2.462997 -5.094638 -3.019233
-3.143367 -7.246722 -3.199727
-5.033672 -6.938792 -1.018235
-3.948313 -8.139935 1.368036
-2.259302 -5.458844 3.710671
-3.173241 -5.531834 2.961664
-2.460945 -5.606434 2.170163
-2.005737 -5.406374 2.204984
-2.477468 -3.820846 0.165130
2.892941 -0.799701 -1.669376
4.485668 -3.518290 -3.153165
3.428395 -3.731551 -3.843454
5.563437 -5.971844 -3.322047
4.228126 -4.255084 -4.217093
5.066258 -5.299801 -4.206939
2.602689 -3.260867 -6.667853
3.641481 -3.066887 -5.095391
3.608647 -3.449242 -0.798896
3.337975 -2.783007 -1.798294
3.514236 -3.188321 -4.150064
-1.058534 -5.070735 -5.683372
-3.454376 -3.787291 -3.384047
-3.712463 -2.154298 -3.655322
-2.665377 -3.780503 -1.557129
-3.246891 -3.003585 0.010940
-3.672808 -4.458294 -1.853790
-2.818428 -4.191008 -1.942065
-1.993361 -5.596888 -4.395339
3.123802 -2.310003 -4.724884
3.242025 -2.235086 -4.530851
0.230195 -3.816562 -5.234865
3.489290 -5.677904 -3.269032
3.992444 -3.145501 -2.225370
3.489456 -4.688468 -1.144922
4.840558 -3.436975 -0.669038
6.226389 -5.245376 -1.455391
4.117357 -4.144908 -2.965566
4.755881 0.239521 -1.228315
4.816246 0.372941 2.332673
3.741534 -3.532891 4.529334
3.631155 -3.199077 6.532573
0.746559 -4.029543 9.391212
-1.092972 -4.191193 8.585880
-0.193286 -3.615480 7.579767
-0.289830 -6.378848 6.917922
1.584813 -2.932164 7.145032
2.151250 -2.051036 13.377221
0.776189 0.095822 11.751920
5.318052 -1.201864 8.699973
5.142117 -0.442552 7.067120
5.978983 -4.292032 6.988033
4.871607 -4.208386 4.747647
4.022131 -4.289814 4.649657
0.939054 -9.237218 9.995844
2.946041 -6.443756 5.149070
0.825567 -7.210552 5.598946
2.059857 -5.027339 5.345114
-0.317390 -8.924661 6.903695
2.686821 -5.713332 6.422263
8.233169 -6.887337 6.266650
7.045814 -9.353330 8.458938
3.483492 -3.780070 5.727735
-0.154309 -5.219878 6.113724
2.553259 -3.211086 6.752384
2.513450 -4.129083 5.629780
-1.094746 -3.169909 6.355991
0.914420 -6.139603 6.188868
-0.515220 -5.807346 5.225852
-0.956275 -6.789338 7.287355
-4.915030 -5.554775 3.701431
-3.111986 -6.638386 0.171148
-3.438698 -5.416546 1.382723
-3.780935 -5.118941 0.202271
4.128974 -5.500533 -1.774725
3.883672 -2.463574 -5.018348
6.984986 -8.159193 -2.619386
7.822283 -11.153623 -2.008408
3.380526 -4.993124 -0.893191
4.565551 -11.898717 -5.929988
5.142212 -8.297784 -3.901585
2.966413 -8.893150 -5.642149
0.883725 -5.066216 -5.171384
2.062211 -5.856420 -5.288133
3.352952 -6.559457 -3.352952
3.941558 -8.839350 -1.383931
-3.618143 -13.669248 -6.456191
0.570963 -10.834009 -4.003612
-0.070306 -8.756379 -5.461072
0.488597 -3.626518 -7.052062
2.819059 -6.297113 -5.930670
5.164326 -8.697025 -3.748524
3.924082 -5.873892 -8.538342
3.916384 -5.925215 -6.931213
0.622462 -5.216637 -6.591023
-2.421215 -6.461668 -2.769066
-2.658566 -6.490079 -4.109388
-2.943973 -6.806579 -2.492994
-5.170233 -8.419871 -3.894681
-2.757416 -7.469449 6.114337
-1.813555 -9.147795 6.424509
1.816353 -5.526353 5.890132
3.358508 -4.719922 -0.701140
3.600589 -3.696762 -2.056834
3.941334 -8.245271 -3.563729
5.422824 -5.247013 -2.298247
3.215846 -8.595949 -1.888093
3.810821 -3.071500 -1.744080
7.058597 -4.725885 -0.940845
5.491412 -5.082832 -1.650326
5.294029 -7.423222 -0.605063
10.637526 -8.382382 -1.940254
5.317022 -6.113465 -0.648583
4.116656 -6.368715 -0.797904
4.348412 -5.216873 -0.674005
4.177610 -5.379346 -2.885715
4.169577 -3.567731 -1.001411
4.643984 -11.098665 -3.053201
2.644171 -10.854131 -0.505010
4.191983 -8.649538 7.019966
3.755193 -4.438766 5.292521
3.462555 -9.966760 4.862235
4.469321 -7.449255 -0.569387
0.597260 -5.119737 5.123575
-4.096555 -6.850756 1.421049
-2.501728 -7.779624 -2.215169
-2.972129 -10.560155 -6.908818
1.800466 -11.790367 1.459382
3.681749 -8.610453 5.177299
0.345390 -5.291952 8.421053
-1.798134 -4.982777 7.689466
1.538388 -3.042212 6.056763
-0.972665 -3.906456 7.182298
-4.669801 -3.081887 2.007760
-3.544693 -3.057605 3.876832
0.684295 -6.217664 7.994627
2.263529 -6.539866 7.077680
-0.619279 -6.247440 8.260789
3.365319 -5.412276 5.076138
4.162348 -5.336227 5.176892
4.530777 -6.458518 5.157312
7.433110 -8.360410 5.551442
3.849967 -6.338767 5.033596
2.876644 -5.563496 6.089911
3.810473 -5.651947 6.017752
7.923879 -7.658051 7.460175
7.867105 -10.284540 15.751824
