0.962768 6.878341 -7.825509
1.860139 2.629812 -5.218909
2.415557 1.850877 -3.080260
3.416025 1.529975 -6.764054
2.305097 -0.356620 -0.653972
-2.507918 -5.040642 -2.078517
-3.828083 -5.292728 -4.028840
-0.118452 -10.879167 0.429973
-3.957113 -10.383220 2.628753
-2.956203 -5.412606 2.306540
-6.228918 -7.094050 0.775670
-3.489099 -8.755292 0.446432
-2.368135 -4.641404 0.014029
-2.421984 -6.059199 -5.032078
-2.634836 -7.789146 -2.618883
1.911885 -3.533398 -5.670162
-2.266095 -5.381642 -5.747650
-1.642420 -5.221260 -5.590045
-1.224097 -5.423000 -6.442703
0.929421 -4.684385 -6.425808
1.434634 -3.485745 -6.791384
2.349536 -6.153893 -7.526796
3.843632 -6.674921 -2.356567
-1.942044 -7.460028 -6.003943
-1.372601 -4.655627 -6.306190
6.644336 -11.601944 -5.887523
0.587760 -6.596820 -5.479480
0.216679 -8.097608 -7.061129
1.620166 -8.325035 -6.453731
-2.177693 -10.300653 -6.053870
-3.200617 -11.825820 -0.134634
0.009087 -5.516242 -5.461453
-2.743712 -7.076887 -1.598909
-2.921450 -6.622697 -4.482231
3.876074 -4.254683 -2.890401
4.414996 -3.450520 -1.761392
3.128011 -2.261692 -0.797229
1.126276 -3.971031 -5.307495
3.890893 -2.691332 -5.317237
-1.989931 -5.845606 -4.725475
-2.319889 -7.359848 -3.640441
-2.537031 -6.234944 -2.797441
-2.646041 -7.122927 -4.614706
-3.319456 -5.082945 -1.890754
-2.329512 -3.240550 -3.710521
-2.099110 -4.180378 0.938222
-3.136685 -4.818838 0.788537
-2.615759 -5.572433 -2.002373
-2.296034 -4.828189 0.878055
-1.976538 -4.845328 2.982768
-2.419436 -4.663503 3.032851
-3.458574 -5.764429 5.970610
-2.051183 -6.388597 2.273819
-3.171062 -4.074649 5.728371
-4.258392 -5.866177 4.546669
1.799031 -5.003468 6.824172
0.630598 -3.531393 5.609732
-0.397028 -3.306846 5.391401
3.203740 -4.241245 5.470787
2.512776 -6.754930 9.446947
9.252747 -5.398202 13.502557
