13.432839 11.143635 3.671941
12.472785 7.757766 7.458478
10.203975 8.149855 7.206842
6.039345 6.023785 6.353024
6.269979 3.313982 2.451402
6.745209 0.779729 2.107687
7.201055 0.090166 0.441565
5.798473 0.966370 -0.832120
7.704510 -3.600964 -3.442804
5.204094 -6.684241 -1.087819
7.848197 -11.466995 -1.830657
8.944682 -7.766289 -3.196552
5.099791 -6.301116 -1.706404
5.675909 -11.763642 -3.914730
7.715433 -11.913577 -5.767066
-1.534409 -5.911802 -5.671204
-2.554244 -4.397722 -4.651420
-2.540336 -3.734876 -1.983395
-2.287776 -4.739744 -1.339820
-2.628273 -3.977061 -3.595226
-3.009622 -3.203520 -4.674508
-5.797065 -5.835481 0.213474
-3.739187 -3.821179 1.453340
-1.015023 -2.218483 -5.141739
-1.700279 -0.648077 -6.327943
-1.410484 -0.301354 -3.041644
-0.641664 0.100946 -5.256860
1.099080 -1.017258 -5.607137
3.992405 -5.403905 -5.338462
5.706044 -7.117830 -4.514975
0.583321 -6.932193 -6.505517
0.784601 -8.733815 -6.136848
3.097844 -9.059220 -7.338847
3.103467 -6.789350 -5.050111
0.229586 -3.804806 -11.637082
-0.275586 -4.652939 -5.366561
1.604892 -7.001554 -5.108424
4.970893 -5.551291 -7.094910
3.263498 -7.289871 -3.027922
-5.186987 -6.375370 1.067360
-2.128455 -5.073569 0.602470
-2.363600 -7.443744 1.726798
-2.870037 -6.142962 -5.207572
-2.637667 -4.863028 -2.124855
-3.669295 -5.633184 -2.216335
-2.046111 -6.994426 -1.361378
-1.037998 -11.463864 1.459610
0.767243 -15.808146 1.944623
3.543362 -10.561590 -0.834037
8.554896 -15.435116 1.549970
6.932192 -10.658458 1.071465
-5.918766 0.181137 3.578245
-9.155242 -2.765116 5.920390
-5.932535 -2.573294 4.397834
-3.157093 -3.651206 4.154174
-5.729963 -0.683798 6.807058
-6.320257 -0.776520 4.540402
-8.111087 -1.924695 4.361496
-3.238476 -5.515113 10.240535
-1.438260 -3.582840 8.044048
2.891145 -3.984420 5.636107
4.067220 -3.484448 9.960229
-0.875657 -3.477676 6.090071
3.309312 -6.586359 5.005189
2.544919 -8.387326 5.135522
4.338788 -2.752714 6.106400
4.919257 0.545733 4.352377
0.980610 -6.964767 5.513736
-4.690594 -7.482754 1.249550
-1.935351 -3.891507 -0.970783
-2.764231 -8.470802 0.865675
2.936470 -5.461795 5.409427
1.329657 -4.351749 5.517541
2.924200 -7.258110 6.545254
-1.074565 -11.978625 1.178623
2.655502 -12.875802 -1.984417
3.814856 -10.972815 0.528082
3.172425 -7.050307 -2.314663
5.323206 -5.535885 -2.621644
4.299818 -4.165755 -3.427021
3.508200 -5.924007 -2.479964
3.082244 -5.235651 -1.574492
-1.931191 -3.896925 -3.131207
-3.190288 -3.808129 -3.572370
-2.739037 -4.190908 -4.321999
-2.732801 -4.032572 -5.290300
2.597725 -2.772561 -6.215708
6.094839 -0.034470 -5.798481
2.852597 -0.588906 -4.785990
1.431909 -0.412814 -3.340033
2.811719 -7.571206 -5.192181
2.232729 -5.683852 -5.417038
3.605427 -6.847539 -3.686923
3.172174 -4.465576 -4.406583
4.325498 -3.759014 -3.971240
4.374914 -5.763214 -2.853763
2.837633 -3.457202 -5.590442
-2.389705 -6.621250 0.024287
-2.084464 -5.360094 -1.730096
-3.314977 -6.102987 0.463360
-2.080888 -8.870927 0.150297
-3.946065 -9.342989 -5.678504
-3.836679 -7.625519 -4.035481
-2.382660 -7.842792 -3.862731
-3.364755 -5.004943 -4.624841
3.218465 -9.910557 -1.259323
3.376799 -9.477874 -2.529950
4.667365 -10.713208 -6.082746
1.995467 -12.938534 -2.708325
1.797350 -12.395224 5.645790
1.194835 -4.339352 5.540089
4.911000 -7.085333 4.518056
5.507596 -5.186597 6.114807
4.541704 -9.544289 4.656745
3.466598 -4.592481 6.265253
4.692424 -4.601797 5.699948
4.374096 -6.011834 6.000179
4.870483 -8.290533 6.202925
2.866085 -5.276181 7.345803
-2.552526 -11.702648 19.412933
