7.823573 -7.445835 6.817325
5.777523 -8.918760 5.474654
4.681329 -9.216212 5.128871
-3.633749 -7.889373 2.761829
-2.760022 -8.286470 1.411508
-2.264586 -11.136278 7.775497
0.122846 -6.026123 4.995918
-2.227907 -6.420922 4.603370
-4.119841 -10.626191 4.057544
-2.223289 -5.862736 4.878810
-1.974868 -7.055252 0.327049
2.334139 -11.455734 -6.593637
1.322022 -6.093660 -5.211122
-2.271255 -8.926475 -6.900764
-2.807543 -5.886064 -4.100491
-2.906024 -7.787925 -1.911915
-2.164354 -4.109690 -2.285352
-1.971309 -7.797966 2.539168
-2.421761 -4.853779 2.787790
-2.702214 -5.549134 2.850820
-2.548020 -5.406329 0.611868
-5.520568 -3.739422 2.494014
-4.112751 -4.181064 2.110794
-7.228657 -4.625422 1.956130
-6.695159 -3.080306 0.861344
-5.591697 0.074030 0.610226
-3.877530 -1.545364 0.626563
-5.221255 -2.547423 0.048496
-5.031017 -4.073059 0.282817
-6.214432 -1.606527 -0.841201
-5.752794 -2.002641 2.252938
-6.067117 -2.270639 3.655460
-8.084311 -3.275680 -0.237932
-5.193128 -3.675240 2.241533
-5.119213 -3.779614 1.160326
-4.384521 -3.816177 0.023386
-3.892774 -3.875588 3.498073
-2.328202 -9.022141 3.775691
-3.559377 -6.126763 2.609093
-2.152325 -4.111886 2.522452
2.202832 -3.785622 5.368139
4.564087 -7.007044 7.968614
4.039427 -10.252046 5.508072
3.895039 -9.417835 6.298483
3.683307 -11.118134 5.242969
-3.198229 -2.965756 -3.725902
-2.641398 -5.245758 -4.181028
-3.277609 -4.737873 -4.349399
-3.108270 -6.010705 -3.133492
2.282709 -3.645871 -6.342426
-2.166655 -1.904411 -4.761209
-3.287117 -3.899082 -3.828022
-2.269447 -4.268586 -4.781438
-2.795820 -0.686666 -3.956468
-1.804411 -0.701205 -2.864614
-1.360366 -3.755577 -5.379989
-1.390694 -6.231009 -5.462582
-4.380071 -4.161726 -3.454875
-4.099626 -7.884459 -6.097610
-1.168925 -4.265564 -6.388433
1.552488 -3.853553 -5.594416
3.428281 -9.015269 -3.102449
5.195484 -8.626944 -2.182284
6.372757 -10.132297 -2.599011
6.275155 -11.568361 -2.518955
6.011874 -5.119402 -0.738297
6.253308 -3.706414 -1.438004
8.439116 -2.288074 -1.386063
3.939250 -3.709208 -0.646399
5.407482 -3.457741 -1.096508
4.394624 -3.596944 -2.364948
4.750194 -5.131186 -1.449551
3.166692 -5.291155 -3.436926
3.114110 -7.031521 -4.639398
3.258724 -8.531469 -7.301260
2.045129 -6.271098 -8.299588
2.369186 -5.931530 -5.752646
1.815146 -6.798727 -5.725240
0.131512 -6.378028 -6.821429
-4.565882 -7.281051 -8.444262
-2.754827 -3.053976 -5.456622
-2.217509 -1.921310 -4.615617
-0.125814 -2.516952 -7.000184
-0.038904 -1.800912 -6.453266
1.483913 -1.134720 -8.238316
1.668652 -0.285103 -5.847756
1.679441 -0.777188 -4.439243
8.662884 -4.452098 -6.402455
4.538954 -4.503151 -5.176801
4.675474 -2.619415 -1.960306
3.284516 -1.392745 -2.742247
6.584519 -1.401737 -1.153204
6.029922 -3.737167 -2.874527
4.044153 -4.260451 -1.697561
9.429202 -8.164259 -6.122186
6.772220 -5.260345 -2.745978
5.005770 -3.929261 -0.614860
7.575722 -4.106370 -1.897943
7.458558 -5.265740 -1.904382
8.138999 -2.876540 -2.305901
12.076989 -11.654696 -1.204979
12.189255 -9.311667 3.289737
11.899359 -7.901217 2.573474
3.999113 -3.853835 5.898668
3.723613 -9.196574 7.158317
6.432736 -9.596938 6.941287
3.970039 -8.467639 13.550455
9.933380 -10.121360 5.852086
5.199829 -4.956447 5.695514
4.017785 -3.213463 6.511154
-0.307160 -11.279244 5.031977
-0.614459 -6.081656 5.240192
-0.380607 -5.905341 5.505110
-2.155656 -6.227436 2.108877
-3.375548 -5.103629 1.679650
-2.661155 -4.174070 3.652842
-2.393976 -3.356108 4.382288
-3.407562 -6.110203 3.851994
-2.486417 -4.030680 4.757460
-3.080192 -2.888317 0.565358
-3.115346 -5.405138 -0.103343
-3.965990 -6.300335 0.367424
-3.054773 -4.624266 0.280022
-3.532556 -4.017548 0.871165
-3.780188 -5.346319 -0.997414
-2.445202 -4.070159 -1.171876
-3.254671 -1.090497 -3.361397
-2.354385 -1.313407 -5.713369
1.200203 -1.346156 -6.021426
3.125552 -3.319267 -7.222397
-0.529404 -5.150323 -7.280293
-1.735773 -2.669669 -5.178892
1.133770 -3.402747 -8.020633
0.427774 -2.048512 -6.563657
0.601043 -4.851793 -5.378712
4.030513 -1.738290 -3.568541
2.870005 -0.058531 -4.107534
2.634167 0.367557 -2.675691
3.728464 -1.971554 -1.741607
5.637506 -3.166930 -0.661554
11.341616 -13.263800 -4.208163
5.023878 -9.705465 -2.576734
4.845542 -5.172665 -1.855124
4.563810 -6.210456 -3.974622
5.385505 -5.542373 -2.822770
5.517995 -5.872651 -2.993349
3.606919 -4.792380 -3.221835
3.601393 -3.506028 -3.048221
3.683298 -6.195488 -3.363876
-3.120753 -2.570588 -3.972463
-2.818427 -2.379587 -2.964207
-1.723780 -6.157272 -5.902976
-3.462162 -3.422505 -5.905766
-4.252070 -4.042579 -1.622986
-3.233130 -2.510679 -2.732747
-2.317110 -4.566904 -4.177339
-2.143377 -5.725035 -4.979691
-2.677610 -7.127427 -4.599524
-3.006188 -8.062488 -3.875597
1.385905 -3.244524 -5.405840
0.678022 -5.152896 -6.971870
2.754663 -6.922203 -6.582022
1.638860 -7.165542 -5.700943
-3.090458 -4.146728 -5.133439
-2.996801 -3.441499 0.398404
-5.284185 -5.409094 3.800639
-4.550945 -4.590611 4.612250
-3.236497 -4.094517 1.723900
-5.325275 -10.342706 -0.652133
-2.666487 -6.998954 0.941017
-2.326440 -7.648584 -1.379828
-1.931070 -4.499342 -3.817355
-2.872283 -4.594971 -3.139047
-2.301153 -4.024618 -3.271254
-2.793695 -4.167304 -1.941727
-5.616768 -9.707292 3.103627
-2.665127 -8.755194 2.139648
-2.596703 -7.869009 -1.247267
-4.829437 -10.350323 -1.158506
-2.167853 -8.038720 -0.434644
-2.902697 -9.109403 -0.622404
-2.098895 -6.974831 -1.004114
-0.418290 -5.827631 -7.604574
1.029449 -6.464545 -5.936257
-0.311132 -6.424455 -5.328216
3.506917 -4.391384 -3.095323
3.187100 -4.158084 -0.699169
-2.647565 -4.465564 -4.009033
-2.669207 -3.011087 -1.530666
-4.739749 -3.651231 -2.038505
-3.776916 -6.843365 -0.846867
-2.922448 -7.519763 -3.669065
-4.166639 -5.790946 -4.029987
-2.983875 -12.577179 -11.065884
4.329392 -9.550811 -2.933156
3.593123 -6.846613 -2.412818
6.842524 -9.174632 -0.912435
3.432806 -7.504982 -3.639555
3.408232 -8.762946 -0.701832
3.742819 -8.058195 -2.523320
3.308008 -7.926111 -2.459485
3.740574 -4.575640 -1.398050
4.934597 -5.535804 -0.714771
3.776484 -4.612541 -1.408679
3.377624 -6.237768 -2.931291
3.945389 -2.976844 -3.215113
2.930007 -4.181416 -5.670138
1.551444 -5.887592 -5.334208
1.854129 -10.062879 -5.539926
3.310124 -8.311597 -6.665427
4.001675 -7.136683 -3.644989
3.948040 -3.428705 -4.480848
2.826525 -6.846441 -6.111706
3.356293 -4.677745 -4.772772
3.283266 -4.149806 -5.446477
3.211027 -4.047152 -4.851767
3.654735 -4.740058 -5.237125
1.877934 -2.012709 -5.271737
2.310937 -0.328434 -5.700340
3.381573 3.484542 -12.035356
