17.854004 -2.180328 13.266468
8.140917 -8.541780 15.562802
4.047205 -4.591607 5.331206
-0.980274 -5.488393 7.600112
-0.886303 -1.982482 12.244267
-0.374687 -1.039791 12.371278
-0.239838 4.032006 5.680280
2.282718 2.780557 7.809076
1.495832 4.090527 5.708123
-1.576979 3.395392 5.777245
0.332217 2.370287 7.158072
0.045960 2.437016 9.037385
-0.710379 3.425794 7.241495
-1.671319 2.543102 9.908110
-3.164898 3.639426 8.415883
-0.518659 2.627985 11.963372
-3.266291 3.010145 10.526694
-6.558088 4.334334 9.607553
-7.405525 6.188239 17.856529
-8.663210 9.227470 18.248589
-4.366902 5.014836 8.106078
-6.818484 1.643538 6.435341
-5.854522 -0.699302 4.124454
-7.205968 -0.556682 4.060272
-6.274352 1.522101 3.902637
-5.227588 4.262927 3.398869
-4.096212 2.853327 4.628314
-0.626288 2.552104 8.689727
-0.411113 2.310958 9.050241
-4.168889 3.792505 5.902194
-4.052898 2.781242 3.527856
-2.353146 2.207319 3.336915
0.433242 2.743339 5.330584
-2.010781 -0.636128 10.953444
-3.628944 4.726826 8.172446
-3.863935 3.141427 7.490802
-1.840400 4.415474 10.433996
-4.149982 3.508363 6.924357
-3.364622 4.343062 3.901820
-4.037683 4.491682 6.845291
-7.854989 4.244641 9.548849
-6.771889 5.155388 25.457481
-5.043348 10.597477 7.558344
-4.531671 14.683403 15.876524
-2.735283 7.945382 19.704372
-6.935870 2.964370 18.160503
-3.899668 2.806757 8.577978
-4.551054 2.713009 3.801311
-5.859560 3.311929 4.306965
-5.933971 0.930708 0.884977
-2.910200 -3.320623 10.416332
-2.782265 -3.258659 6.654123
-2.021017 -3.628713 5.584791
-3.384328 -3.795140 7.068628
-2.842522 -3.094408 7.214057
0.738429 -3.045499 8.248157
0.536152 -5.048644 6.262952
-1.122216 -5.330894 7.809844
-0.043742 -3.593186 8.782393
1.395041 -4.479908 10.915476
-1.330126 -2.408380 11.925934
-1.804944 2.299252 10.538513
-3.094153 2.134617 5.870090
-4.472848 3.518912 7.310528
-2.751264 3.658681 5.852850
-7.528652 3.598568 4.271110
-6.126441 1.076627 3.580093
-5.823998 4.327046 1.343359
-2.972036 3.629267 1.474896
-4.988688 3.206242 2.294444
-8.794647 3.396384 2.402166
-4.733442 2.277383 2.169018
-6.172006 1.183540 2.015058
-6.264237 0.700652 6.973030
-8.714095 -0.580027 6.769053
-5.030694 5.855559 4.751525
-1.189729 3.726992 4.932592
-10.537363 3.230834 6.042632
-7.833030 -2.783024 1.536942
-8.096771 -3.407050 2.303804
-5.153564 -2.898872 5.059646
-2.462316 -3.438030 5.636658
4.027497 -3.910708 6.818256
0.497986 -6.094892 9.021091
-0.770563 -4.550653 8.419326
-7.227885 -3.172116 3.920690
-5.685901 1.221502 0.279497
-5.447601 0.110797 -0.122811
-6.057379 -2.246317 4.969942
-8.920549 -1.850570 5.022880
-6.267675 -1.845245 3.813771
-7.426219 -2.261600 4.752662
-6.786641 -3.247019 6.567722
-3.307641 -3.247501 8.439066
-1.453735 -0.784628 11.557312
-3.143564 -1.170721 11.165182
-0.983370 -3.334366 7.033394
-1.991734 -3.061743 6.315804
-5.810747 -3.776742 5.276010
-6.600148 -2.416260 2.064545
-8.803638 -1.468621 6.222525
-8.519862 -1.755999 5.721768
-7.318813 -2.586763 2.790799
-1.824134 -3.354220 4.983184
-4.771585 -4.228952 6.364671
-4.213983 -3.515819 6.936928
-3.779504 -4.606849 5.169372
-3.868861 -2.942441 3.360941
-4.405869 -3.882261 2.187369
-0.931447 -3.121333 6.921934
-1.113847 -3.278468 5.211069
11.683361 -8.502291 6.768679
5.934893 -8.051756 6.033151
5.295563 -5.701238 7.869633
6.069643 -3.701904 5.553954
-2.322816 -8.431678 6.767343
-1.848598 -10.112046 6.197632
2.957819 -3.431743 6.774470
6.303145 -2.749857 7.184632
6.956700 -4.589163 6.201126
4.641268 -1.796679 4.591788
4.357929 0.722001 4.491294
5.038047 -0.264732 6.514835
3.970720 -5.151346 4.931103
3.365076 -4.494024 4.532743
4.864151 -2.538962 5.032346
5.552888 3.272613 7.134963
3.470114 5.388035 6.918912
4.283088 2.527907 7.166894
3.360759 2.578661 3.847352
4.989468 1.872865 2.829619
5.713969 4.058469 3.578586
9.936493 6.641664 4.543565
9.727115 5.557417 9.875654
11.135342 5.760997 4.973557
10.303614 6.931102 8.942889
15.454103 10.889908 14.023836
