16.733278 18.915169 17.232861
11.185334 15.584161 8.913324
19.056250 5.780298 6.786866
18.593090 7.986768 5.357509
14.399364 7.085592 9.415751
13.786790 7.315549 3.193850
9.395026 5.981478 4.722867
7.946441 6.054161 2.849691
4.328030 6.756372 1.646214
5.859681 9.835535 -0.590386
5.208747 8.586818 -1.299978
6.952170 9.075464 -1.550711
3.773290 5.904276 -3.132313
2.094345 3.438859 -3.229680
0.790235 2.995715 -3.335042
1.637484 2.742414 -3.210085
-0.541330 1.327532 -3.346035
1.330743 0.887374 -1.905038
1.578911 1.008109 -2.532226
4.836703 1.116574 -3.584835
5.775719 6.700009 -3.870486
7.949276 7.157158 -1.369145
9.382588 12.592244 -1.857548
6.028504 9.914865 -4.688238
2.957442 7.110689 -0.510041
3.557516 6.266119 4.241049
2.475856 6.571980 2.898574
5.570142 5.233241 2.533527
3.930813 6.401429 10.051704
2.189928 9.217229 10.799786
1.287646 4.156589 9.063976
5.051413 9.718623 8.095582
4.223256 13.049917 1.247001
5.131884 6.262866 6.940059
-2.916964 4.329998 7.556571
-15.146728 13.429179 0.458540
