-0.683908 -12.414833 0.279253
1.312868 -10.917315 -3.367054
4.780556 -8.190092 -5.695931
3.668441 -6.481545 -5.786138
-1.010463 -8.089543 -5.460786
-4.745611 -7.927379 -9.347639
-2.019596 -6.234031 -11.639914
3.936359 -5.444462 -5.143113
3.134304 -4.991441 -2.025232
3.974339 -5.700645 -2.938272
3.690631 -9.541990 -1.947405
3.885262 -9.853269 -4.065663
3.280876 -6.252189 -6.915759
1.496382 -9.380338 -6.431594
1.109539 -8.644557 -6.836544
3.768522 -5.397346 -4.703112
3.835653 -7.545794 -2.053107
3.554998 -6.346683 -1.204442
3.158219 -4.343718 -3.609654
3.890240 -7.081596 -4.367742
3.451409 -6.418382 -1.785194
4.918444 -7.657164 -3.690335
2.877662 -2.799817 -6.603495
0.768443 -7.931627 -5.475096
-0.729448 -13.852695 -4.785331
4.725227 -11.022649 -4.199282
5.271314 -8.039967 -1.747298
3.282490 -5.057700 -2.662808
3.571789 -5.807510 -4.558726
2.168058 -8.556446 -7.262554
1.494807 -6.178220 -5.788320
2.832261 -6.329283 -5.103230
-2.360350 -6.166380 -5.331921
-2.452371 -3.289606 -3.401002
-2.025379 -4.392672 -4.243750
-2.334017 -3.257093 -2.870987
-3.239021 -1.720722 -4.792793
-1.448709 -2.575547 -5.198828
-1.801452 -3.498710 -5.199492
-2.995394 -3.819477 -5.112305
2.725891 -6.602503 -6.364557
4.735811 -9.883654 -5.452429
3.445631 -6.531712 -4.337291
3.264026 -8.085852 -1.551371
3.575546 -6.671595 -0.714134
-2.104715 -2.899635 -2.320650
-2.100095 -5.484575 -1.976746
-3.425547 -3.865901 -1.696676
-2.526936 -3.393893 0.642317
-2.295166 -8.137872 -1.617562
-4.399771 -6.406316 -1.168940
-2.428618 -5.213915 2.981935
-2.623416 -6.671091 0.860933
-1.955630 -6.602047 -3.742868
-4.222578 -6.326772 -2.391389
-4.357915 -4.845339 -1.863525
-2.454875 -9.661901 -6.025661
-0.398062 -5.948562 -5.404250
-0.905890 -6.880864 -5.756961
-0.913059 -7.079232 -5.386825
-2.246150 -7.668606 -7.846428
-2.712526 -5.053788 -3.688238
-2.665587 -5.258152 0.121457
-6.314794 -6.890801 1.150231
-2.772251 -5.523296 5.683189
-3.061120 -4.290784 1.191237
-2.381140 -4.627061 -3.418800
-1.963223 -4.642349 -4.298099
-3.303996 -2.844596 -3.351070
-3.249645 -4.522236 -3.284609
-2.352102 -8.946846 -3.911227
-3.195471 -4.662701 2.162105
-3.642597 -3.457621 3.146719
-5.282166 -3.285445 2.479552
4.295333 -7.614607 5.663597
5.841090 -6.901149 4.766081
-1.792029 -4.786760 -5.433808
0.821525 -7.836940 -6.631799
0.460484 -5.181893 -5.547610
4.963314 -9.520475 -2.031436
6.917864 -9.105700 -3.768710
4.316754 -7.632430 -1.797665
7.682575 -3.960588 -1.527915
5.707464 -6.014468 5.234659
2.992765 -4.843551 6.637340
3.204367 -6.749954 8.818665
4.271129 -5.688623 5.411733
4.242672 -3.601409 5.659131
3.185964 -6.620761 5.958508
3.435756 -6.047698 4.717312
6.101259 -4.490024 5.156182
1.541405 -5.406179 -5.362189
3.539263 -8.247285 -5.233958
1.531166 -7.199325 -5.612989
-1.979487 -4.520615 -3.870185
-2.428321 -2.435575 -5.619370
-0.721886 -7.314378 -6.419662
-0.248094 -5.503383 -6.580956
-1.184501 -6.560772 -5.523958
-2.591935 -4.678820 -0.922961
-3.725582 -7.419476 -3.460160
-2.792274 -5.850441 -2.865698
-2.313006 -6.110219 0.010379
-2.533725 -8.552282 0.226684
3.229990 -6.513155 -1.754728
-1.206458 -1.756350 11.609934
-0.830913 3.055607 6.968361
1.128253 3.030118 6.197478
2.301337 4.166855 7.309984
0.893704 -2.935117 5.970206
3.233581 -5.066293 7.187265
0.593499 -3.034979 5.878400
-1.383696 -4.608281 5.305480
-1.004671 -5.167576 6.429873
1.463614 -5.752147 5.709805
-1.044173 -7.921256 5.186033
6.029340 -11.990647 0.244212
1.477261 -9.087199 -6.825639
3.413986 -5.702370 -9.028495
3.218399 -5.560881 -3.940538
3.503157 -6.659772 -6.636474
3.321446 -3.646315 -2.992523
3.434033 -4.278662 -0.520320
5.410862 -5.684902 -1.421207
3.812395 -6.767396 -2.454186
4.001858 -9.616737 -1.804777
6.181851 -12.181363 0.300177
4.391790 -16.568447 -2.714646
3.488818 -7.139698 -0.824476
5.008114 -5.671502 -0.745479
3.971253 -4.381630 -1.532615
3.485795 -3.326392 -0.621434
4.857317 -3.745054 -0.535356
3.764689 -11.078985 -2.029569
1.038442 -13.019470 -1.452329
-0.618465 -11.745792 -1.816412
-2.962185 -12.250093 -4.706311
-3.249810 -5.596411 2.164618
-3.409738 -5.728289 4.690416
-2.276270 -5.191517 5.246284
2.027247 -7.188259 5.179085
2.283369 -5.773854 5.590302
3.809458 -5.162204 5.041711
3.339001 -5.071068 5.259425
4.425785 -5.425366 7.059109
3.887460 -5.086553 5.506911
5.899574 -1.617767 5.505345
5.996765 -0.479544 6.603865
4.435771 0.670549 8.567498
0.237608 3.592801 6.004374
2.049684 5.925549 8.473146
-0.620651 2.738566 7.711110
-3.593097 3.258030 7.268255
-1.493394 3.485316 5.535354
1.659839 5.498015 7.988275
6.091868 5.156705 9.063532
4.129611 -2.720953 13.397125
0.146820 2.144413 11.891836
-0.034598 -2.035819 15.425481
0.537039 -3.957554 6.919020
2.072194 -3.900086 6.648041
4.239806 -2.938479 6.623404
2.519693 -5.933594 10.397706
3.354206 -5.065762 10.718772
1.567342 -2.847858 11.388345
2.212632 -5.009018 7.713914
1.220128 -4.017975 8.708370
-1.338039 -5.097010 9.461572
1.044546 -3.427679 5.608667
-3.408361 -4.950690 6.737465
-0.739693 -4.971370 6.486737
-4.040820 -7.604332 3.468244
-2.399913 -3.565314 4.050880
-3.470651 -3.411515 2.287816
-5.495777 -2.735782 0.090083
-2.659651 -3.522956 0.974122
-3.021859 -4.815689 3.003417
-3.642868 -4.781299 3.372234
-4.880259 -9.430778 5.929220
-0.150323 -4.941221 5.947587
-6.952590 -2.541040 2.544259
-6.730123 -1.567404 0.477052
-7.030003 1.283222 2.967408
-2.959314 4.106989 4.306516
-1.553037 4.517662 6.621899
-2.085791 3.179051 5.917115
-1.743233 2.835290 7.013194
-5.896087 6.227934 5.692937
-1.400138 2.489785 4.612927
3.764852 2.197511 6.770630
-3.542020 2.456274 8.632674
-2.010166 2.293540 6.249469
-4.392390 2.573033 7.362912
-4.927518 2.755901 4.429858
-2.855751 -3.395548 5.919363
-3.593126 -4.418596 7.111172
-5.967927 1.065736 4.338808
-5.842107 -2.389745 4.597678
-6.838153 -5.974926 4.184941
-5.225880 -2.956908 3.030072
-4.269568 -3.195047 7.202115
-3.409051 3.548448 3.142818
-5.529943 2.632346 4.958652
-2.777922 3.731665 4.769121
-3.390701 2.336040 5.029953
-3.479619 2.539158 4.733477
0.807068 -5.230859 7.751179
-2.778168 -5.845712 8.607285
2.485824 -4.621563 13.434872
-0.960461 -3.499097 8.315028
-3.904777 -3.670222 2.115279
-4.804493 -6.250443 0.794889
-1.255169 -3.402603 6.238514
-2.207338 -2.977112 8.965302
1.991484 -3.634762 8.005402
2.603277 -2.961175 8.879998
1.766739 -3.395445 5.342522
2.722418 -2.938646 4.950471
3.186433 -4.105746 6.660420
4.205525 -4.413698 6.671755
5.401824 -3.062041 6.708067
4.299804 1.494617 6.062224
4.970645 -1.143792 6.723310
6.021545 1.820298 6.017963
6.427326 0.131299 9.668857
5.415142 -2.551779 4.716388
5.343994 -4.347513 6.634718
2.348318 -3.333358 5.071483
-0.499547 -5.367116 5.131623
-1.182566 -6.748580 5.640010
-4.989730 -5.204772 1.546316
-2.245732 -3.762792 3.496908
-2.334259 -9.943362 3.493248
-6.054159 -17.177509 6.403393
-5.565917 -4.886174 2.386990
7.639628 -6.188176 5.551140
12.139355 -6.492721 4.966527
5.321301 -4.273072 -0.904735
6.075796 -5.558430 -0.511540
5.288209 -1.384713 -0.739742
3.850643 -5.639201 -0.773262
4.392401 -4.006171 -0.677620
1.673912 -8.470131 6.374445
-2.428334 -4.958072 4.750517
-2.644448 -5.935989 4.272760
-2.617243 -6.249378 4.055221
-2.177055 -5.444181 3.807802
0.641965 -4.847802 -5.948451
-2.422916 -3.632302 -5.362670
-4.977766 -4.657200 -2.149657
4.189768 -3.508631 -4.941539
3.320467 -4.645039 -4.168226
3.296040 -4.730396 -5.604867
4.123259 -4.935361 -3.906260
6.166368 -2.129160 -1.039149
6.081763 -1.933839 -1.815356
4.305243 -5.477612 -1.877063
3.669610 -5.918668 -2.027395
3.348553 -5.872434 -2.231127
4.086644 -2.450562 -1.510490
7.215066 -2.243876 -1.424523
5.259912 -2.461638 -2.057153
3.594432 -1.449218 -2.519978
1.592756 0.762852 0.702537
4.539231 0.941908 -0.933757
2.150171 -3.234752 5.227789
0.845690 -3.077381 5.570720
4.150800 -3.722453 5.176761
4.833127 -4.141096 9.987357
6.583470 1.174507 2.620029
0.060615 2.636910 6.783662
-3.170558 0.371448 12.978078
-1.915831 6.125924 17.278713
-1.949530 2.605553 6.381349
4.560936 3.055536 7.563836
6.638647 1.281938 9.580279
6.766239 0.796355 8.890765
5.677050 -2.744887 4.659827
3.665627 -5.940930 5.315268
3.885905 -4.419962 5.891392
6.536419 -7.259432 6.742660
4.827845 -4.838534 8.106980
2.299301 -4.896673 4.962006
3.157792 -2.947915 6.531816
2.097081 -3.147915 8.100041
-0.196960 -3.440881 6.610762
4.337378 -4.813127 -0.872806
4.848189 -6.816007 -1.336629
4.076128 -3.563058 -1.870541
3.869028 -3.079725 -1.277867
6.253573 -3.936426 -2.947051
7.941672 -7.196614 -3.923302
5.370417 -2.515936 -0.971041
6.047158 -2.959643 -0.629802
4.445712 -4.848146 -0.643710
3.235700 -2.140557 -1.010062
5.088221 -0.462276 -0.386551
3.099505 1.061026 0.510189
3.053353 5.215884 3.711419
1.657526 5.925727 3.322844
2.219521 7.800622 2.996363
6.337602 8.648218 2.853986
6.903022 5.943630 2.747240
5.201787 4.717243 2.755578
5.238916 4.824004 2.452491
4.162299 3.580495 2.805864
2.831973 2.906972 2.312689
-0.147596 3.702367 2.628500
1.770774 3.861113 2.818954
-1.493608 4.296611 1.152001
-1.826146 1.971403 0.442099
-2.726852 2.630264 -0.233885
-1.357508 3.404610 0.459958
-0.575745 4.933924 0.224023
2.694813 1.123107 -0.765575
5.083194 2.329815 2.073462
6.363760 -0.045054 3.707717
6.024949 -0.521404 2.246227
4.965613 0.737683 1.781562
6.984324 3.212413 4.253507
5.168044 0.670562 1.172803
4.151564 -0.605468 -0.299563
5.043932 -0.520794 2.797668
6.836865 3.217338 3.370686
7.098598 6.161714 7.651597
9.755712 4.716728 7.342193
18.466314 11.056064 6.037062
