0.104109 3.691997 14.105747
-2.125387 -1.486797 13.129015
-0.419416 -7.551353 14.645500
-0.685746 -5.589954 10.814650
-3.264961 -3.297143 5.356788
0.991786 -2.996021 5.306285
5.086986 -4.247900 8.195853
2.095787 -3.708990 11.625419
0.640299 -1.383073 11.804979
-3.460744 -2.810110 12.910102
-2.267972 -4.105275 7.201115
-2.154566 -2.892613 7.053605
-2.678958 -3.335746 5.573478
1.125351 -3.666996 6.948085
-0.575599 -4.544189 4.995232
-1.220558 -3.511303 7.499519
-0.813788 -2.949033 7.301497
-12.711129 -2.964023 5.631174
-10.778130 -6.231745 7.036246
-7.992089 -1.776433 6.713160
-7.950176 -1.003964 7.153481
-6.356652 0.087388 6.294703
-6.208890 -1.439931 5.305681
-6.162145 -1.200129 6.099915
-5.839930 -0.551735 5.299224
-7.541579 -3.009809 4.477977
-8.577546 -7.819818 8.790160
-10.308856 -8.932737 15.097674
-9.224551 -9.943656 9.361217
-8.276270 -6.418730 6.318809
-4.703965 -3.348390 7.442455
2.708705 -9.316732 7.524206
-0.389599 -4.299200 6.261516
-1.946142 -4.188838 2.316881
-2.914592 -5.714863 4.219666
4.575273 1.600248 5.947985
3.362897 3.906247 9.418143
4.941494 3.592367 8.419997
3.619198 2.894611 7.229798
4.229116 2.800707 4.989913
-1.922515 4.881780 10.507470
2.143894 3.180693 11.307500
-3.003723 -2.092763 11.828906
-7.791996 -3.144244 6.466381
-8.110806 -1.595233 3.274522
-4.658642 -4.588934 6.086190
-8.531597 -0.853331 6.780726
-3.628466 -3.346223 4.170707
-2.225759 -2.963676 4.500432
-2.392165 -4.308790 4.957860
1.199410 -4.156753 7.259443
1.188049 -5.011817 6.428647
0.186963 -4.119810 6.141566
4.065856 -3.170245 5.719492
5.475874 -3.220752 8.242683
0.585513 -3.853075 9.800310
5.967280 -1.981423 -1.321647
4.137404 -2.240874 -0.538881
6.102069 -0.455410 1.255344
-1.175266 2.207954 3.690015
-3.822095 3.510392 4.024293
-3.054288 2.558104 6.989518
0.159296 4.531427 6.547812
-1.656008 2.568000 5.671244
0.954130 2.493273 8.131522
2.094260 2.707769 5.292931
3.302455 3.429134 4.200082
4.953809 2.611533 6.719543
4.416840 0.614410 6.482268
7.172423 -1.730556 8.282489
4.064193 -4.262407 5.956673
4.775497 -3.935393 4.976991
3.793532 -4.609973 7.305781
5.076867 -0.992168 10.755178
4.734675 -3.433259 7.776304
3.279376 -4.761208 10.512730
2.082465 -3.838890 8.353442
2.362047 -6.494664 7.169461
3.146011 -4.971310 8.239039
1.694598 -5.282259 8.536045
2.301825 -6.830415 7.935675
2.609617 -7.412711 7.966658
2.679672 -6.432024 6.061401
4.002424 -7.781363 9.867442
4.478485 -3.632754 11.073098
3.200596 -1.652358 10.919306
1.202212 -6.811208 11.599825
2.490998 -5.152878 9.774254
2.020032 -5.072637 9.767929
-1.134367 -3.419079 7.976450
-1.233686 -3.100082 7.162975
4.236698 -6.284109 8.492116
1.646327 -4.056692 6.858093
0.460493 -3.354815 8.836570
-1.223998 -3.835530 9.083467
-3.326904 -4.067614 7.089629
3.059462 -4.189079 6.252755
4.915424 -2.345695 8.821331
7.077449 -6.195239 10.259671
4.381978 0.293033 9.388433
-5.699297 -2.935365 3.499584
-6.951916 -1.648500 5.481505
-6.177143 -3.238398 3.771176
-3.935369 -4.075999 6.127642
-6.291828 -0.273859 4.001754
-5.826536 1.550846 4.386559
-8.323590 1.198558 3.047180
-7.404141 2.711390 1.843969
-6.828526 1.727688 1.211142
-6.082022 0.392164 0.869763
-6.297888 -0.155361 0.677872
-6.188136 -0.813830 2.683547
-6.408871 -2.812720 2.141584
-7.024704 -1.036714 1.380024
-6.738005 0.298036 3.972332
-4.313273 5.549303 7.406849
-4.343990 2.961879 3.292769
0.620409 2.814825 5.502574
-2.079486 2.164604 8.561891
-4.815706 4.226853 5.711310
-6.280229 1.849535 4.794384
-6.758207 1.245757 1.678806
-5.740771 0.384695 0.826587
-6.050035 0.046225 4.463919
-6.594461 0.663765 5.748483
-6.156895 0.399025 5.592698
-6.003654 0.759098 4.863619
-9.342763 -3.675956 5.701071
-12.547185 -7.084631 -4.873914
-10.778399 -5.229429 -6.342636
