-15.056241 18.220243 -12.562857
-6.032014 8.051940 -0.213417
-1.158750 4.995646 -0.255403
-0.491800 5.394974 0.627622
-4.212054 5.884347 1.911383
2.926018 2.279850 7.311790
1.208510 2.218956 5.945949
3.375574 3.718829 8.676832
4.799159 4.090665 7.695106
4.353368 1.312328 5.269532
4.750775 -1.908072 5.995809
2.338759 -9.126955 6.937419
4.969811 -6.607682 10.139627
-0.244012 -4.234208 10.480573
-0.082664 -3.231744 9.549023
-1.996151 -3.937080 4.894390
-4.183437 -8.127942 6.794008
-3.330377 -7.127824 7.136458
-1.895544 -2.073172 12.213328
-0.612185 -4.621611 9.526834
-1.867086 -4.508412 8.635973
1.169389 -8.045683 5.020373
-0.055562 -4.149932 6.597410
-1.431498 -4.557981 8.284452
-1.363930 -3.361278 7.411043
-1.960060 -3.019464 6.951435
-2.662066 -4.796284 9.354405
-5.725011 0.043737 2.388067
-7.164350 -0.213227 2.257842
-7.210893 1.577842 4.336414
-4.628505 2.889535 6.133010
-5.338346 5.420274 5.708927
-4.072536 4.952133 13.941520
0.514670 5.876680 10.291671
-0.970588 2.305359 7.638043
1.071174 -4.420256 8.280051
0.233301 -4.362751 6.499030
1.183601 -3.764580 5.816273
4.647022 -4.404725 6.871650
4.396575 -5.268961 8.359582
2.658025 -3.989886 6.817457
1.202248 -8.919993 9.505684
2.221251 -2.399126 11.272415
-3.707909 1.482148 11.041259
-4.459976 5.014613 5.148284
-6.737274 3.722684 4.263997
-5.754964 2.854902 4.145295
-1.262721 2.265164 5.413622
-1.013697 2.667585 4.231040
2.874223 3.879142 4.600914
1.894231 3.661134 7.195571
2.462299 3.030245 7.520380
1.274900 2.739496 7.635120
3.048435 3.781980 5.023184
5.384378 3.514616 7.334715
1.915907 3.473350 8.471282
0.693629 2.249459 5.715919
2.723321 2.382448 9.140519
-7.166353 2.112350 6.265445
-6.608506 3.598431 4.985077
-1.360385 3.593607 7.414913
2.046119 1.201345 12.783858
-1.347571 -3.137916 11.068151
1.463226 -2.981004 8.549901
5.091898 -4.387295 14.547992
4.375455 -1.792920 10.219123
4.444190 1.751063 5.935743
7.355308 -7.383904 7.182075
