5.619182 3.695038 12.973433
4.526605 2.088880 7.478342
5.205080 4.519513 7.001329
4.594622 2.423886 3.977617
6.577492 0.407988 -0.437534
8.664587 0.451106 -2.500425
8.844576 -1.767811 -5.068314
13.337054 -3.514937 1.509923
11.172206 -0.349139 1.731578
7.968146 0.950972 2.018603
7.360357 1.259906 2.092536
4.749605 0.616499 3.315954
4.797901 -0.283601 0.374091
3.096021 -4.318031 5.268268
1.206796 -11.012980 6.325589
-0.781748 -11.262851 0.875212
-2.426883 -7.932861 2.454075
-4.608322 -11.758613 0.554728
-2.274195 -6.020374 -1.872943
-0.111137 -7.956634 5.281248
-0.668623 -3.898031 7.720899
-2.961539 -4.308136 6.973630
2.746368 -9.307012 5.248683
2.536746 -7.675272 7.269444
4.144111 -8.062045 5.292931
5.838385 -10.932787 3.974483
6.961786 -11.897500 0.191653
5.379907 -11.527446 2.364897
4.685152 -11.566647 -1.374954
4.307858 -7.603119 -1.970542
5.771585 -6.843060 -1.263628
1.902184 -11.290439 8.150545
3.632259 -6.773252 4.743020
6.508542 -8.774448 5.362528
-3.125652 -6.357221 0.037334
-2.128086 -6.269601 -0.890772
-1.998693 -6.183417 0.934195
-3.597065 -4.220140 0.214119
-2.026343 -2.927145 -1.094306
-5.250169 -4.958313 -6.200471
-4.793611 -7.602466 -5.630702
-3.123622 -8.784068 -3.121634
-3.738265 -6.566826 -0.539567
-3.451651 -4.098203 -2.835667
-2.054724 -3.308059 -3.346337
3.838098 -1.121427 -2.266306
4.441096 -1.773012 -4.657590
2.150823 -2.715847 -6.258677
2.851778 -3.240257 -5.849984
4.479653 -4.200785 -4.323064
0.094847 -6.012185 -7.785307
-2.924012 -5.879890 -1.928137
-1.956920 -9.636365 -5.713915
-0.315129 -13.496796 -5.135875
-0.111359 -13.113724 -1.294435
1.053023 -11.823064 2.741494
3.317387 -13.101451 -4.481480
4.409440 -12.435959 0.294427
4.361178 -4.325213 -3.282449
5.053279 -2.181847 -1.021579
4.798763 -6.829096 -0.719446
5.401681 -7.603243 -1.410058
7.849654 -7.196155 5.532834
3.912612 -3.982144 6.725657
2.020127 -4.876911 7.586142
3.559636 -3.303641 6.496152
0.651166 -3.353748 5.592669
-4.522861 -7.023758 5.017309
-2.077611 -4.982579 4.322618
-1.807687 -7.214361 8.603178
-0.282103 -2.947312 6.876228
2.080556 -3.213443 6.021033
2.537192 -5.825350 5.741863
1.007454 -6.416916 5.431149
7.537654 -7.967151 5.210191
-1.518878 -6.660155 5.160148
-5.003259 -7.488346 -1.006842
-2.334906 -3.506201 -1.305986
-1.918142 -11.990100 4.429318
-1.276379 -11.576607 -0.336626
-0.666304 -11.423479 4.051239
-3.804257 -4.918626 0.793559
-3.515587 -2.013932 -3.329301
-1.026634 -5.034851 -5.121349
-0.276439 -5.691402 -5.343750
4.150390 -7.030993 -3.465162
3.760715 -6.357754 -1.340556
5.664631 -6.072114 -2.838488
5.576033 -5.953036 -1.065122
5.766937 -2.482299 -2.930270
3.608307 -1.574347 -4.962219
5.184771 1.268130 1.591664
6.600212 1.538541 5.298825
6.512032 3.899089 5.334003
7.425597 0.056527 0.748964
5.575939 -0.226800 2.807651
5.337029 -2.300384 -2.622161
3.465116 -4.292216 -3.579821
5.072166 -3.243813 -6.409206
3.273623 -3.731272 -1.742864
6.425721 -9.223061 5.487714
8.983635 -6.175426 6.658487
6.121412 -4.016263 5.705155
5.205290 -2.153384 6.961833
4.628706 1.967458 4.472562
5.106787 -2.269811 6.780705
5.596104 -2.587297 5.031983
-0.235953 -6.773950 7.073386
0.523003 -8.468085 5.578890
3.661220 -6.768844 -2.779675
-4.351020 -4.391192 -0.967326
-2.366019 -6.713461 -2.456530
7.575622 -5.810056 -2.621472
6.839954 -5.097624 -0.925421
4.609668 -4.720080 -0.641111
3.397439 -6.484603 -5.219833
3.736738 -5.577587 -4.037597
-3.452580 -5.233631 -2.585369
-2.746868 -3.615392 -2.795300
-1.851072 -2.179600 -6.588352
-2.834614 -1.378854 -5.313109
-1.175408 -3.312117 -6.232705
1.420881 -2.008034 -5.105791
1.808590 -2.644397 -5.418672
2.309574 -13.032955 7.436814
5.257026 -11.568588 1.894601
5.266508 -10.785188 0.024162
-0.007525 -4.731926 5.768943
-2.325366 -3.777692 5.763512
0.292433 -4.443500 7.875228
4.509064 -7.085160 7.696860
3.859596 -3.111004 4.694613
3.371413 -9.614748 6.338228
2.650981 -8.959763 9.004840
4.392831 -9.959561 5.659812
5.914338 -6.141300 -1.108453
6.085095 -11.475554 -2.290160
3.801332 -5.803275 -0.807210
5.246559 -6.126237 -0.634167
4.008759 -9.305728 -4.032042
1.270797 -3.683566 5.416374
1.827347 -5.310617 6.977132
1.298825 -3.789034 5.479741
1.618721 -11.019188 3.538920
-2.903967 -7.947706 5.678258
-3.608325 -7.096909 4.833229
-0.757803 -2.933500 5.604220
-0.182165 -4.797356 5.222377
2.876149 -2.955074 6.953812
5.914903 -5.011253 5.679544
6.250790 -5.442577 5.040431
6.077987 -4.967293 4.600430
4.673921 -5.768220 5.360146
8.828408 -7.993460 8.007329
10.511965 -12.710110 5.231569
12.396099 -8.735903 0.796374
16.282106 -7.086046 -1.032675
5.793797 -11.257565 -1.850604
5.903201 -4.883373 -0.706551
6.236238 -1.966340 -0.849464
4.194369 -1.710180 -0.621903
2.867404 -0.522898 -1.418967
6.435124 -3.191957 -1.095840
6.459590 -2.601087 -0.903603
9.726604 -3.452649 -1.232627
12.231971 -1.029185 -8.962242
13.678637 -8.746062 -18.582706
