-2.694629 15.142555 -2.268283
-1.296140 6.275897 1.372854
-5.460160 2.125198 1.888908
-9.116715 2.484843 0.373837
-5.701097 1.890671 -1.571480
-4.967783 1.646626 -2.029101
-5.831614 -0.463521 -0.026713
-6.599991 0.906726 -0.299103
-6.534471 1.280533 2.049371
-8.711541 3.313431 3.211813
-3.930271 1.788633 -0.564538
-4.835594 1.237417 -1.692908
-3.313091 0.157330 -0.041026
-2.723355 -0.148245 -0.785997
-7.086885 -2.188734 0.472285
-5.673084 -0.958120 -1.194449
-5.916953 -0.789670 -0.405637
-5.899269 -2.082487 -1.776406
-4.199070 -3.100523 1.373533
-5.688724 -4.008610 1.830509
-6.642036 -4.782211 2.499684
-6.074047 0.303934 1.376669
-5.901754 -0.979931 2.468497
-6.366653 -1.072347 2.947386
-6.098296 -0.298817 1.810658
-6.382638 -2.983777 1.665880
-2.840249 -4.697124 2.405342
-2.777883 -4.016453 3.427901
-3.280017 -3.409461 3.693552
-3.497365 -3.274646 2.590878
-2.560469 -4.330912 4.176851
-0.616282 -4.100191 7.649780
-0.401566 -3.906207 5.488373
4.983732 -13.459858 7.471747
