-4.722973 -14.258904 -12.809012
-1.231777 -5.237535 -5.324441
-1.874929 -4.771259 -6.490468
-3.384582 -4.061877 -3.303924
-1.932677 -3.332731 0.181696
-3.599162 -7.745403 1.060660
-2.617515 -5.353394 0.442073
-3.139280 -3.396613 2.699721
-4.814765 -3.366143 3.846325
-6.746907 -3.365767 3.584140
-6.155069 -2.422767 1.110570
-5.425399 -3.386313 -0.093848
-5.875926 -2.145675 -0.419346
-4.419903 -1.091136 0.610329
-4.451818 -3.236950 0.255386
-4.476779 -4.851861 3.577606
-4.750465 -2.994443 1.139272
-5.481334 -2.973915 2.433728
-2.908584 -2.975342 3.595517
-3.396171 -3.239611 4.992618
-0.871439 -3.415237 5.381349
-0.712502 -7.191860 6.359999
0.987744 -9.647841 5.539907
-0.365144 -4.960566 8.301169
2.066840 -3.115104 5.075005
1.340529 -2.983515 4.999133
3.113687 -6.903728 6.864577
-0.308440 -3.072311 5.470403
-2.747003 -3.794439 7.703370
-2.860146 -3.350136 5.646018
-0.196156 -4.098339 7.691186
-1.594997 -2.941298 6.094270
-3.961550 -3.277541 4.683061
-5.187799 -4.877843 2.383926
-7.316684 0.807981 4.151793
-6.328812 3.451733 6.616465
0.213775 3.353133 2.482657
-4.852440 4.464441 8.991196
-3.054515 3.482461 6.547429
-3.950772 4.501495 3.394828
1.563800 4.127593 7.273506
4.353734 14.571531 11.637613
