7.804522 -10.742967 16.077084
2.008669 -7.112356 12.849773
4.281811 -9.744880 4.642044
-0.131083 -10.243531 7.182076
-1.453407 -5.451124 5.024359
-5.722644 -9.224050 2.407676
-4.201831 -7.411326 3.251795
-3.951537 -4.822147 2.281993
-4.812861 -7.189161 3.841218
-3.031689 -4.839377 3.206123
-4.709575 -3.410200 3.491988
-3.302991 -8.099565 3.408711
-3.590552 -8.439938 1.861439
-2.931259 -7.382159 -0.850533
-3.031316 -8.958924 -6.739750
-3.192909 -9.328501 -3.268968
-2.901022 -6.487625 -1.037085
-2.188509 -6.725101 6.922954
-0.285680 -8.250801 7.099885
-1.940221 -8.802227 6.759141
1.955312 -11.277173 5.992479
4.290774 -15.142065 8.735599
1.810204 -10.816200 1.805354
3.530883 -4.612277 -3.296067
0.746977 -8.958077 -5.279521
1.608844 -11.083790 -6.167837
2.530746 -11.191420 1.297344
3.226840 -8.430752 -0.530105
-2.932778 -5.450809 2.959414
-3.599550 -5.837715 6.306900
-2.467966 -5.122326 3.051746
2.310748 -8.636898 6.022519
5.692308 -12.555155 3.831275
0.604263 -8.073408 6.133319
0.290892 -8.330021 6.470624
3.452523 -10.673959 5.637403
4.046173 -12.809495 0.929839
5.623521 -16.531931 0.516683
1.738490 -11.359036 3.874251
4.502192 -12.407191 -2.443252
3.141175 -10.144156 -5.114656
4.379671 -14.984769 -4.164369
0.219681 -13.347206 0.996750
-0.257599 -12.457020 0.594595
