1.274437 -14.120475 7.564451
5.508519 -14.434977 8.311976
3.350976 -5.312537 4.982183
2.647605 -4.835604 6.694776
3.844440 -6.542562 4.817885
4.433585 -6.431108 5.137742
8.638282 -8.527054 5.731808
5.732828 -3.884839 4.620067
4.608671 -8.126104 7.578020
5.800138 -5.377552 5.087368
6.921141 -10.251629 5.813015
4.220993 -6.840378 -1.300852
4.723653 -6.750530 -4.663671
3.203270 -5.200954 -0.947148
3.095142 -6.297207 -0.753908
4.296570 -6.522524 -2.012664
-3.988675 -3.166095 1.259513
-4.708323 -6.376021 1.070237
2.005599 -9.086168 5.134541
9.183679 -8.174825 9.895586
2.724992 -7.199719 5.198723
3.805576 -10.856682 0.591648
6.074063 -10.861012 0.104997
10.172059 -11.743304 1.814310
4.034165 -8.094577 -2.331965
5.021957 -7.450065 -1.719618
8.589893 -5.279202 -1.635566
5.853299 -7.760580 -2.053998
4.187035 -9.453988 -0.977636
8.335325 -12.314581 4.050927
11.911037 -13.957768 9.307652
5.366815 -10.504358 5.151299
2.064283 -11.060897 4.693561
4.605192 -15.815334 7.511757
3.592554 -5.236780 4.748549
1.039428 -7.001066 6.834647
-0.161023 -7.132760 5.103189
-2.549702 -3.854411 1.442471
-2.672978 -4.708611 1.486013
-4.512062 -5.211666 1.355260
-2.085083 -4.827348 2.355315
-4.280321 -5.554110 -0.984424
-2.809594 -5.181285 -1.287312
-2.301302 -6.990988 -2.138597
-2.116428 -5.078333 1.005246
-3.365476 -5.913916 0.910658
-2.601621 -4.534675 1.007941
0.193197 -7.203931 -5.161667
-0.894096 -5.390794 -6.977020
-2.800925 -7.536901 -6.484176
2.608200 -7.216900 -5.895213
2.219829 -11.813945 -0.456743
1.996175 -8.883087 5.362054
1.027728 -12.927121 2.482733
3.370144 -16.475815 0.735090
3.105677 -5.644295 -1.386515
3.324011 -6.822622 -3.234477
-2.214273 -4.571805 -2.762132
-2.631141 -3.900191 -1.954769
-3.738565 -2.318488 -0.847604
-3.603099 -4.560541 -1.964064
-3.331418 -4.848693 -3.217664
-1.211617 -7.219705 -5.729172
0.422861 -7.766639 -6.019455
1.655220 -3.226487 -5.104774
-2.782880 -5.769630 -3.788687
-2.731828 -3.743300 -3.766356
-4.250631 -3.524561 -2.204464
-1.981763 -5.264931 -4.243550
-3.539826 -6.890367 -3.049583
-2.266380 -5.084374 -7.807723
-1.935198 -5.558145 -3.103437
0.300608 -4.290390 -5.125361
2.328871 0.256868 -3.681849
2.266714 0.135044 -4.847328
2.050947 -0.174083 -4.480649
1.078719 -1.044873 -6.511123
2.681116 -3.431703 -5.653310
3.524084 -1.886017 -5.611451
5.764611 -4.570564 -5.029758
3.490808 -3.502523 -1.273926
3.473358 -5.093379 -1.187481
5.033317 -6.118362 -2.976984
3.579356 -7.799433 -1.637783
3.204156 -6.395117 -0.772450
4.848433 -12.825126 -1.798080
2.293187 -10.854673 1.986423
-4.843546 -12.973157 2.163498
-1.618596 -11.617235 1.553005
-3.028339 -11.566698 6.333706
0.688104 -8.584639 5.202042
-3.528351 -5.127268 0.232832
-2.024228 -3.229214 1.865712
-2.552289 -5.321555 2.581131
-2.203755 -4.118833 1.311202
-3.065051 -4.402290 4.378351
-2.842343 -7.615848 1.045101
5.358620 -5.513453 -1.485937
7.354602 -8.029034 -4.516071
4.771196 -11.035254 -1.178907
3.767842 -7.544461 -1.233419
-3.487077 -6.566602 -2.531406
-3.039409 -5.703047 -5.816528
-1.085382 -6.654354 -5.191420
-2.243949 -5.911499 -0.903097
-2.369381 -7.921160 -2.526034
-2.019933 -3.457350 -4.126261
-2.614065 -1.698400 -3.548501
-2.274102 -3.788812 -3.831679
-2.796858 -3.254466 -4.226126
3.963408 -6.553550 -2.989190
3.419480 -6.749075 -3.615434
3.430155 -7.415201 -1.937760
4.491945 -5.511851 -1.810358
4.554844 -3.242122 -1.282312
7.552147 -2.101717 -1.265985
4.698101 -1.998776 -1.351752
7.650760 -1.263618 -2.181501
7.051730 -1.934526 -2.251111
7.264124 1.880169 -3.665446
10.019740 3.529432 -3.360574
6.914590 2.598268 -3.161780
6.477167 1.495476 0.860266
8.157964 0.160307 1.640862
5.884476 2.608943 2.067201
5.788803 -0.174962 0.233478
5.297310 -0.194869 1.114205
6.241401 -0.398602 0.317649
7.796907 0.682462 0.784212
6.529627 -0.208190 1.137757
5.215503 -4.219224 -1.756147
8.560816 -7.098254 -2.594028
5.663063 -6.295740 -2.306460
5.303163 -5.020857 -1.965269
4.578607 -7.734184 -1.129851
5.367304 -4.694253 -2.854237
11.459153 -6.101968 5.387089
8.463395 -7.997892 4.732435
4.343838 -3.458369 -3.456899
5.378857 -0.707573 -3.089769
6.602911 -3.043375 -1.570070
4.988436 -3.990693 -1.254575
6.981570 -0.209672 2.782931
6.873412 -0.241154 3.288616
5.114175 1.025008 4.508101
5.598100 -7.041026 -1.162903
3.394733 -4.633484 -0.714019
5.759214 -5.570308 -2.803917
7.576009 -3.293916 -1.593216
9.484647 -2.747850 -1.591677
4.328712 -1.547597 -1.001597
8.344294 -2.960982 -3.176367
8.950670 -2.504091 -1.714565
5.477424 -0.242453 -3.461717
7.667400 0.587491 -2.199477
5.182716 -0.432151 0.904082
10.032813 -0.341456 1.409281
4.699983 0.602263 -0.445261
4.950463 -0.336292 0.429475
2.014365 -3.615223 6.417639
-0.683699 -5.726943 7.534182
1.788136 -4.287811 7.260454
6.832017 0.777524 3.993562
6.189797 0.287985 4.417418
4.531739 -1.505146 5.481947
4.471821 -4.782282 9.270432
0.484739 -5.644689 8.397102
3.151023 -3.896424 8.089660
4.831414 -5.631427 6.486175
1.804746 -5.367298 9.305667
-0.194579 -4.920447 7.922544
1.592003 -3.853796 5.609365
-1.829495 -2.910429 7.004711
-0.363984 -3.849900 6.441990
0.582891 -4.662215 6.251354
0.756053 -4.119054 5.287349
1.734195 0.907210 -0.419273
4.925309 -0.525396 -3.002605
4.857282 -1.039685 -1.369228
6.053349 -1.934460 -0.908038
6.201766 -0.829106 -1.181315
6.259491 -2.434528 -2.539126
9.384053 -1.846228 -0.676225
7.375118 -0.201087 -0.534435
17.444258 -2.708028 -6.741501
21.664463 -5.517987 5.047924
5.976763 1.190635 3.047792
6.082200 -0.036244 4.245778
4.446694 -2.363254 6.070441
5.697176 1.385669 4.249503
5.208482 1.228413 3.854430
3.045748 -5.529604 5.494202
4.165746 -4.240064 4.536725
3.805975 -5.413630 5.009700
3.327309 -4.530080 5.361374
3.919370 -6.284891 5.813683
5.442309 -5.758408 5.292925
5.751673 -7.096089 6.248634
5.478884 -5.161617 -0.922529
4.056776 -7.665637 -0.583488
5.231164 -7.856217 -1.355243
5.043523 -4.976305 -2.051134
4.068665 -3.292727 -1.983342
3.988364 -2.050302 -1.154655
3.922986 -3.014765 -2.428670
3.604394 -4.087151 -1.211125
7.983315 -5.655501 -0.552012
4.526460 -3.977096 -0.947600
4.462436 -6.377601 -2.138420
3.616323 -5.806539 -2.017911
3.185935 -4.566955 -0.600530
3.623850 -7.810391 -1.571031
4.610140 -5.647197 -3.142003
-2.077596 -6.781701 -1.474894
-2.532705 -3.372740 -1.810576
-2.683738 -1.307557 -1.737972
-3.873349 -5.068631 -1.770832
-3.293327 -4.266905 0.666691
-5.859020 -5.403569 0.746557
-3.127627 -5.695487 -0.084148
-3.905203 -6.973532 3.689373
-3.063250 -4.141554 3.209709
-2.981710 -3.926115 -0.264972
-6.950459 -4.510507 0.234350
-6.204419 -2.516829 5.453563
-5.528105 -3.825003 2.991565
-1.646532 -9.738185 5.597111
3.585723 -4.112293 6.755548
2.113800 -4.367311 6.695930
1.500349 -5.406486 6.636526
1.894399 -7.573656 5.467330
2.420967 -7.168394 5.119793
-0.140908 -8.338307 7.452130
4.518994 -7.257923 -2.666666
4.346714 -7.166229 -1.171904
4.380804 -8.479046 -1.799109
4.735614 -9.777668 -3.986251
3.220982 -8.995862 -2.781725
4.136749 -10.590199 -2.172778
4.560010 -9.855700 -2.218549
3.099708 -5.917279 -1.972976
4.611529 -8.150133 -2.383373
3.765967 -2.744658 -2.335741
3.406010 -5.744090 -1.985811
3.306362 -7.187465 -3.039456
1.903697 -8.735803 -6.062992
-1.449657 -10.118532 -7.818967
-6.071452 -8.434025 -9.286193
2.340566 -5.772606 -5.226355
2.887523 -5.140337 -5.693569
3.909841 -5.330509 -2.966975
3.576851 -4.101799 -1.679878
3.334337 -4.060238 -2.850889
3.265544 -7.515760 -2.350406
3.646041 -6.834067 -3.547453
5.981249 -4.495687 -2.125377
3.488359 -4.758132 -2.719755
3.430149 -6.849193 -2.060852
3.471996 -4.264946 -1.774671
4.815274 -4.750396 -4.300786
4.977556 -4.479066 -3.188980
4.331353 -5.604567 -2.327439
4.275876 -3.631790 -3.758015
2.065701 -5.462702 -8.107255
2.081309 -3.892316 -6.563926
2.466421 -5.629901 -5.493641
-3.157371 -10.371099 -6.998319
-0.158244 -8.200904 -5.396844
-0.232104 -6.739308 -5.122267
-6.002007 -3.288686 -5.338654
-3.082684 -2.726251 -8.627382
-1.661580 -0.411905 -6.069113
-0.072542 0.099230 -5.399243
1.224950 -2.745123 -6.175974
3.756917 -5.223035 -5.832368
3.114033 -5.613125 -4.204644
4.837744 -6.777775 -3.964326
3.105577 -8.738964 -6.383934
3.337646 -6.348470 -1.678931
3.261350 -6.863841 -5.700595
5.149349 -2.756279 -3.667572
3.119842 -5.261489 -0.693034
2.863528 -5.980035 -5.693158
2.421813 -8.278335 -6.540907
1.612359 -7.830416 -6.667652
2.009626 -8.715401 -5.375190
1.225701 -9.911610 -5.204495
-2.539871 -6.549478 -5.541750
1.816676 -4.147025 -5.924721
-3.898318 -3.549561 -3.935706
-4.921505 -5.709240 -2.648697
-2.328458 -4.963703 -2.200451
-2.879882 -3.929779 -4.414038
-6.623922 -8.882987 -0.309505
-4.265268 -6.096018 1.147552
-2.034987 -4.445243 3.513900
-3.172328 -5.731329 2.480737
-5.561521 -3.131017 0.055853
-5.324551 -3.560697 -0.737073
-3.574332 -4.163963 1.828709
-2.603449 -4.719505 1.678450
-2.200836 -4.374289 3.389027
-4.241369 4.077302 8.301882
-5.944128 5.014289 6.508472
-5.584052 2.696608 7.012970
-3.885145 3.806500 9.243198
-1.170336 -5.164979 5.298420
6.025745 -6.073503 5.064287
6.227599 -7.519667 5.427896
2.941101 -5.050354 4.979598
5.306651 -7.281072 11.119534
4.380992 -6.349183 8.923466
5.296942 -4.455445 4.614948
6.941491 -5.231455 4.564802
7.016340 -6.215216 5.356674
2.862724 -4.538403 5.364158
4.219603 -6.120898 -0.809397
4.781100 -4.453208 -1.391374
-0.673202 -4.502701 8.601438
-1.921889 -5.198164 5.141478
-0.221259 -6.670705 7.959256
1.355362 -3.293616 5.436295
1.847675 -6.520947 -6.446004
2.474343 -7.289518 -7.643664
6.407791 -6.699218 -1.588071
5.015733 -7.093093 -1.828146
4.578736 -3.627275 -0.726276
-0.758991 -5.041917 5.131458
5.352550 -4.458726 5.315370
6.048308 -5.220179 6.693832
4.125056 -7.529809 4.650350
-2.939012 -9.058053 1.259906
-1.942074 -8.722358 -1.638188
-2.048618 -6.188709 -0.455568
-3.014884 -6.779170 0.596824
-2.989872 -4.197011 0.181498
-3.050270 -5.140891 0.170854
-2.025806 -5.333471 -2.912969
-2.791142 -5.659620 -2.038678
-3.746676 -1.904664 -3.008556
-0.833614 -4.144143 -5.089491
1.540875 -0.726300 -5.065089
3.691882 -4.559155 -0.889654
5.953072 -4.718189 -1.035712
3.376601 -3.298752 -0.711026
4.893115 -8.138337 4.877473
7.457154 -13.212191 6.429075
2.710919 -11.782380 0.930580
1.065270 -14.698219 0.422865
0.179587 -17.602259 2.779542
5.804206 -18.286182 0.811390
1.368659 -11.117747 -0.784382
-2.460376 -8.620720 3.385098
-3.523606 -9.106663 1.425550
-3.739202 -7.148480 -0.931916
-2.827000 -9.094998 -3.868510
-4.977746 -7.553107 -2.626442
-3.323397 -10.573506 -0.416969
-3.836285 -8.029848 -1.482710
-2.159816 -7.955021 -4.248863
-2.793140 -4.975839 -4.222649
-2.607491 -5.199436 -4.407382
-0.020994 -5.780742 -5.225510
0.255762 -6.473917 -6.859295
-0.297151 -7.186808 -8.884428
-0.269893 -8.544701 -5.200623
1.213921 -5.148674 -5.685991
0.566638 -4.222422 -7.647745
-1.956280 -2.048036 -5.251895
-3.860413 -3.053647 -2.727911
-3.263786 -4.628116 -3.383421
-3.478623 -3.305631 -1.025997
-3.094320 -5.880349 -0.338082
-3.372180 -6.310131 -0.236579
-2.186780 -5.744875 -0.321088
-2.074070 -7.540660 0.891415
-3.730041 -8.511838 2.314305
-3.699832 -7.297708 2.624502
-4.414788 -7.258562 2.938576
-3.173828 -9.089311 3.683808
-15.693005 5.561703 -0.098305
