-2.614029 -12.202415 19.756548
-3.242463 -3.225951 7.381456
-0.030114 -3.471250 6.300778
0.960239 -4.700267 5.678937
1.166874 -3.923531 7.604000
-0.595322 -4.272449 6.253088
-3.435431 -7.093704 4.747318
-2.270728 -4.587624 3.182725
-3.333235 -3.037296 3.614071
0.509325 -4.510829 8.044046
0.779837 -6.663606 7.632525
-1.309650 -4.101195 5.396125
-1.380871 -4.089083 7.405361
-0.231371 -2.995700 6.262146
-4.638965 -6.032182 4.856958
-8.656750 -2.098513 6.698627
-6.058551 2.627343 7.432746
-1.029941 3.788590 3.328190
-3.067255 3.668810 4.701624
-2.720031 4.264668 9.813779
-5.200768 5.770982 8.197872
-2.917699 4.812788 2.872719
-3.745711 2.233244 7.799805
-5.073878 2.505885 6.304180
-4.517577 5.708549 5.322946
-4.324435 3.753032 7.059357
-7.965866 0.353570 6.013970
-6.422301 -0.601393 2.908297
-8.092094 -1.109129 5.288064
-6.809761 -2.025380 3.480828
-5.233849 -3.865571 4.298898
-6.582292 -1.435370 4.860257
-4.965752 -5.656493 3.672304
-5.703853 -3.346723 2.315362
-5.816712 -1.815697 2.488274
-9.170660 -0.847134 3.708653
-6.466224 1.029352 0.123807
-5.131921 1.295516 0.559412
-4.953428 2.808880 1.906978
-3.347241 2.347143 2.239326
-7.150813 2.374729 4.259384
-6.677203 0.857449 7.184017
-6.990786 2.496911 5.351124
-4.192243 3.871045 4.827542
-4.243519 3.887469 3.780319
-4.614121 4.903864 2.019305
-3.669163 3.631130 4.185083
-0.376551 3.451343 7.627576
-2.322106 2.238903 4.945672
-3.799094 4.525605 6.992639
-7.141000 1.857885 6.511024
-7.060928 -1.818791 3.422571
-9.752718 -4.401051 3.869770
-1.508296 -3.257871 5.644311
-4.218708 -3.167458 6.166438
-2.751399 -3.236991 5.924441
-5.577250 -2.940731 6.046415
-8.679016 -4.066146 6.292593
-7.352849 0.979748 5.923748
-5.642718 6.064796 3.797303
-4.204475 2.931719 4.746192
-2.786332 3.571854 1.955667
-3.077511 3.059849 6.533045
-1.358821 3.050846 7.479983
-2.675009 2.395319 6.583528
-0.581992 3.653743 11.407971
-4.068929 3.252876 7.242695
-2.757971 4.111568 4.819749
-2.333821 5.380107 2.226835
