-2.614029 -12.202415 19.756548
-2.380866 -3.884878 9.239240
-2.557370 -5.545142 5.288152
-4.434708 -4.342340 6.537808
-4.067943 -3.010797 6.233711
-3.952741 -3.151056 4.061832
-3.536829 -3.259706 1.814791
-7.277328 -4.323833 2.449652
-6.436358 -1.587197 3.926704
-6.463917 2.939958 6.602070
-3.220837 4.453879 3.721395
-6.735698 5.792130 9.660517
-2.274200 2.128289 4.898496
-4.547522 2.341348 0.531702
-4.066615 3.119812 1.188007
-4.180706 2.211504 -0.078641
-3.194102 1.037021 -1.420184
-2.821577 1.912653 -0.558899
-3.247258 4.088337 2.784197
-3.616972 3.126932 1.032479
-8.090922 2.551180 2.262327
-5.739838 1.928010 3.042257
-6.035348 4.963408 5.370047
-4.221910 3.525837 4.883108
-4.472593 3.789401 5.798625
-2.686040 3.595820 5.235402
-2.333821 5.380107 2.226835
