-14.468212 -2.770217 -16.595051
-2.582872 3.268494 -7.084693
4.206642 1.916896 -4.548906
4.845733 2.786655 -3.969673
3.428618 1.221905 -3.358310
4.566055 0.606736 -3.409822
7.228474 6.265773 -3.661310
1.549046 6.938808 -4.313586
2.510394 6.794451 -4.958771
4.110045 7.872195 -0.981797
3.221811 10.420709 1.458300
3.180581 4.650386 3.027956
3.923017 3.546232 2.494105
6.315201 2.859615 3.732063
5.949433 4.613146 2.511013
4.929506 2.238688 2.660422
4.819594 2.651096 5.648737
5.291798 1.266071 1.189126
8.903122 0.994523 -0.820751
7.698076 0.599432 -3.294634
4.358798 4.268880 -3.443516
4.667902 1.775614 -3.335949
4.056659 1.301690 -2.734311
1.090903 1.406371 -1.235520
-0.562881 3.277091 -0.970901
-0.457136 3.308994 -1.029478
0.527590 2.066559 -3.112864
-0.836228 1.946251 -0.963682
-0.483446 4.879221 -2.976314
1.176108 2.278208 -3.157468
1.992290 2.945813 -3.495023
3.577562 7.466127 -1.547568
8.816861 7.582137 0.511103
5.125523 6.578618 -1.870403
13.191121 7.514823 -0.839827
12.027749 10.406174 -5.561416
3.522377 5.350874 -3.926970
3.871482 7.889316 -1.972804
3.837686 7.608085 1.221377
3.963172 4.849923 4.377506
3.801692 4.236386 2.331623
3.353544 5.206833 2.571507
4.732953 0.349827 -1.889063
6.088470 0.340708 -2.277727
5.503687 0.280342 -0.654639
7.282645 0.217646 0.184762
5.268123 -0.265437 -0.217534
4.866988 0.862332 -0.187662
3.262031 0.796899 0.225020
1.844503 0.689288 -0.122590
2.975940 0.511503 -0.256238
7.569898 6.735635 -1.505802
6.052074 7.118567 -4.535722
5.238192 6.146539 -4.552192
7.734901 3.881831 -4.173481
7.882718 9.556067 -5.301157
8.048092 8.225238 -5.433342
9.717782 6.227863 -1.841250
10.784270 6.146884 -1.627506
14.200465 5.433006 -4.646594
8.081757 0.009740 -3.432005
6.056774 0.890473 -0.455125
10.699565 -0.411819 -1.230208
5.444258 0.270097 -2.606350
6.053397 -0.061953 -2.641996
8.100621 3.524108 -3.511056
6.261721 4.356647 -6.363372
2.187868 3.200445 -3.655993
2.577817 -0.062306 -2.400467
2.856871 0.642698 -2.693798
5.561204 0.959973 -2.071718
6.238586 1.130898 -4.701165
6.547765 0.794852 2.527902
5.495440 0.293880 2.418258
7.090565 0.367509 3.578960
4.565597 0.369681 5.394786
4.581251 1.937979 3.173555
3.988400 3.503147 3.450058
7.578366 7.315671 3.797042
11.347082 6.309002 1.332897
11.418877 4.855545 3.488797
15.562493 5.845269 9.524520
10.141476 5.698050 4.324432
8.353152 5.580169 6.855595
4.179387 4.283646 3.891179
8.149786 8.627788 11.462232
8.233577 5.875471 5.027186
17.955963 13.595006 11.932190
