5.772445 17.012278 -2.341217
1.654283 7.710155 -2.564867
5.003735 6.888580 -5.726089
3.453293 5.468535 -3.363269
3.095719 0.683317 -4.307891
4.191403 1.495102 -2.197561
6.129609 -0.454990 0.540501
5.158075 0.013591 2.648734
4.501406 0.456740 3.048458
4.411883 -0.863639 5.587631
6.569925 -4.073436 5.549318
7.075206 -7.403674 8.067890
3.064730 -8.090207 7.190366
2.751536 -3.340822 9.281461
0.588128 -3.145974 6.075921
3.125249 -3.607556 7.327262
1.926313 -4.327703 5.195874
4.009296 -4.277133 6.785338
3.203856 -3.983884 6.750176
4.677309 1.208987 4.864527
5.638147 1.568755 3.486798
2.841897 2.846657 5.027642
3.376678 3.139627 4.935712
-2.571797 2.725116 2.710915
-5.014536 3.231544 2.010777
-7.581656 4.722419 2.362749
-6.093184 5.684130 2.222254
-5.648940 2.971928 3.501899
-4.869833 3.040937 4.624202
0.827393 2.887612 6.214635
1.917131 2.886792 3.883607
2.639196 2.147682 3.715201
1.446386 2.699128 6.531156
-3.986323 3.942098 8.566878
-0.001236 2.352775 9.962408
-4.596770 2.874254 4.440951
-7.053621 4.427221 1.306838
-6.785207 0.640452 3.492835
-7.089684 -0.291016 5.844807
-6.821226 -0.723593 5.170527
-7.100909 -3.124978 6.446133
-3.356229 -3.000203 6.058169
6.716174 -5.007862 5.782026
4.970084 -4.122968 4.923250
4.409526 -5.322783 4.904082
4.439175 -4.094844 4.733979
4.840898 -4.469448 7.239899
4.948411 -5.352765 4.579052
1.329162 -4.507576 6.901091
2.959982 -3.047922 8.739483
2.914708 -2.970187 5.146307
6.476440 -6.979791 6.199438
9.327960 -11.273133 7.709304
