5.587359 18.700935 0.401243
1.959614 10.449062 0.065568
1.043546 5.983443 2.288893
6.450646 1.402146 3.359645
3.523308 3.688263 4.270893
5.199264 0.347521 5.258951
6.763138 -3.382185 9.681870
3.751884 -3.716113 5.565595
-1.055619 -10.516156 5.310382
2.472089 -5.870009 7.755599
2.374301 -7.260843 5.515685
3.160833 -2.893327 6.187658
4.344909 -4.233305 5.426817
5.308213 -3.157055 5.053729
4.645174 -2.765707 8.199813
-0.221603 -8.220329 9.643888
1.548835 -3.537687 4.937539
4.532722 -8.474643 5.270267
7.304952 -5.555299 4.595021
6.008799 -3.226488 6.786936
7.079963 -7.177438 10.090932
4.417814 -7.729082 8.004218
3.666494 -9.469813 5.577009
7.257259 -6.466992 6.626046
8.074622 -6.179425 5.206560
7.733520 -7.924779 4.824939
5.861709 -7.424232 4.661666
3.827087 -9.122639 7.240079
1.222856 -9.079186 7.230848
5.815035 -11.537343 3.881649
3.777831 -10.916123 -0.963140
6.056376 -7.845935 -2.667424
5.108285 -5.597054 -0.627625
4.380752 -4.822824 -1.563260
6.438643 -7.802937 -1.866651
6.390092 -6.797324 -3.554607
0.312204 -5.490952 -6.784715
2.303301 -2.923752 -5.596959
-0.940297 0.116203 -4.364742
-3.423020 -0.633890 -3.985079
-2.028321 -3.336944 -3.299488
-3.305265 -2.689470 -3.460826
-2.696700 -1.944669 -2.382345
-2.030278 -2.972266 -3.234555
-2.845442 -4.953756 -4.304955
-3.824432 -3.727015 -5.242857
-3.520476 -1.711406 -3.746185
-2.441839 -4.491579 -4.285139
0.120123 -2.039366 -8.274974
1.982583 -4.015143 -9.346786
0.743576 -7.574108 -5.510863
1.009015 -6.892020 -6.009253
0.419711 -17.806437 -4.705226
0.019458 -11.666914 1.049628
0.889113 -19.637669 0.653085
-3.039544 -10.876310 4.168036
-4.356732 -10.560883 2.288691
-5.740672 -5.465933 0.116923
-2.058706 -5.716622 -0.009168
-2.841226 -5.564984 1.281521
-4.453700 -7.851672 0.951054
-2.850249 -4.013988 -1.046844
-3.578051 -2.655611 -0.872784
-4.977170 -4.289245 1.660249
-5.595922 -9.114889 2.178599
-1.744770 -8.712052 5.826913
-1.166001 -7.912867 5.346858
-1.817346 -7.124605 4.947027
-1.382352 -10.072343 5.065785
-7.741038 -13.729761 4.035519
-4.109604 -9.786537 0.807269
-5.220095 -8.883118 0.560843
-2.511432 -6.894443 1.793469
-1.980305 -5.862023 -0.142945
-4.495114 -8.450930 -2.123310
-1.779395 -7.362883 -5.545599
-0.158153 -4.905625 -5.795543
-0.903654 -4.117152 -7.602764
3.207838 -10.775390 -5.614716
1.760160 -11.679911 -4.197381
1.764798 -12.155387 -3.468162
3.770744 -13.000305 -4.395906
0.596920 -13.582628 0.828786
-0.661074 -10.932384 0.062992
0.771938 -11.407402 -0.217882
-0.026352 -10.776542 -6.236435
-5.676913 -8.886210 -5.143530
-1.994865 -10.677530 -3.189578
-9.061252 -11.537729 -1.247198
-4.466084 -10.779706 -2.734020
0.565441 -10.731291 -8.105197
0.889299 -9.596620 -5.378816
2.641873 -4.683817 -6.737563
4.042847 -7.642479 -2.794064
5.241912 -3.937156 -4.941086
3.316941 -4.426186 -5.510155
4.102050 -9.087988 -0.642022
4.742748 -6.074106 -1.252486
6.831823 -7.650110 -1.949926
5.032304 -9.272261 -1.718023
3.113349 -7.121687 -1.718758
4.389449 -6.078565 -4.205656
4.556283 -6.660367 -2.876004
3.124253 -6.411817 -1.693758
3.411554 -5.759433 -5.927738
2.724830 -8.072817 -10.109893
4.438229 -3.726508 -2.635341
3.333749 -4.096101 -2.508483
3.796738 -3.626610 -1.597729
3.187331 -4.636786 -1.478820
4.996136 -5.285531 -2.990346
3.282969 -3.425791 -0.965491
6.484653 -3.920444 -1.058862
5.821555 -4.192040 -1.603201
3.844964 -4.765168 -0.828220
6.742577 -2.605161 -0.896992
6.144761 -1.990778 -1.415279
5.278796 1.229049 0.023613
7.162751 -0.493955 2.088106
5.727614 -0.188680 2.652199
0.814461 -3.255837 7.829159
0.709640 -4.329403 10.086672
4.014106 -4.017393 6.690147
4.504757 -5.254494 5.986568
4.663324 -4.993731 5.414873
2.940978 -5.040232 7.710954
3.039427 -5.374675 5.801331
1.067998 -2.988251 5.325145
1.170523 -4.753261 6.237055
1.280256 -5.229901 5.856518
1.777810 -6.608718 5.250926
2.274848 -4.020610 5.031069
0.428057 -2.917102 7.408976
2.607836 -3.240773 5.985816
-0.537663 -4.721649 5.494755
0.264783 -5.616805 5.611738
1.106284 -4.319555 6.842367
0.330655 -3.665760 6.901706
2.986641 -6.020110 7.870145
0.931812 -4.707173 7.227183
-4.162509 -6.771424 4.354382
-3.428266 -5.851222 1.348895
-3.194525 -5.529547 5.475636
-2.333472 -5.948818 2.827957
-4.516133 -6.696313 4.398076
-0.960941 -6.112332 5.422400
0.485523 -8.434879 7.224818
0.344236 -7.833292 5.273310
-2.594431 -5.118781 7.365636
-3.854942 -10.180419 4.506112
-3.431198 -4.205998 0.728540
-5.487077 -5.933984 1.270895
-4.234263 -5.906399 2.780368
-3.028185 -5.764271 1.106370
-2.337363 -6.279737 0.832316
-2.299465 -5.252036 2.000545
-2.916430 -11.236166 2.454459
-3.869071 -7.148595 0.037941
-1.962416 -4.640110 -0.186115
-2.608948 -4.331289 0.716972
-3.068539 -9.020361 -0.109025
-4.417999 -5.396642 0.496538
-2.370450 -3.251834 -0.317791
-3.921788 -2.388571 -2.136277
-4.014548 0.004102 -4.690220
-1.498698 -3.319807 -5.354460
0.078200 -2.948518 -5.148489
1.778424 -6.088037 -7.075113
1.549769 -6.531726 -5.212615
3.070808 -7.288132 -7.713312
3.645039 -2.939424 -1.687011
3.538089 -4.930246 -0.812065
3.307149 -3.921718 -5.007792
3.093743 -5.644230 -1.533708
4.022823 -6.005600 -0.866803
4.003733 -4.330890 -0.928956
3.347767 -3.976938 -3.483694
4.132368 -11.453790 -0.273134
4.471684 -15.150785 0.023006
6.614113 -15.003747 -5.592384
8.715827 -12.417823 -2.835947
3.547914 -8.484965 -0.582554
5.442117 -5.085602 -1.502705
6.688816 -1.583455 -1.841536
5.328097 -3.229695 -1.092217
8.585303 -2.618000 -1.020479
8.176640 -0.378342 -1.455078
15.681931 0.022762 0.905722
5.605020 -3.806641 -2.699934
4.679370 -0.561695 -1.824592
4.830802 -0.368084 -0.704883
5.510789 1.163366 2.678197
4.100411 -5.226814 5.747305
3.651655 -4.548203 5.454429
3.256416 -7.393517 5.087481
2.504952 -4.646922 7.280021
1.108902 -5.824552 5.712708
6.526512 -7.470471 5.295717
4.679610 -4.496029 5.743773
4.610425 -5.075480 6.527030
6.150158 -6.663624 5.638292
2.271667 -7.015996 7.756681
2.296884 -3.681997 6.039000
-0.232058 -3.236865 7.316857
-3.394943 -10.330362 8.808946
-1.813292 -6.240420 5.197567
0.798057 -4.358162 5.620956
1.456037 -3.258970 5.889365
3.236624 -5.748899 5.213393
-0.852507 -4.918367 -5.731780
0.611409 -4.452706 -6.945955
-2.618889 -5.955000 -7.459439
-2.280938 -3.803562 -5.593517
-3.374981 -4.908603 -8.623160
-1.948123 -5.330935 -4.619130
3.287956 -5.999074 -3.709624
3.540610 -5.129265 -4.183647
6.697263 -1.280868 -3.162026
5.457900 1.018554 3.029883
6.902614 1.694803 4.349954
5.885140 -1.242675 5.835711
5.323272 -1.877683 7.794003
5.953339 -1.652422 4.755133
6.261756 -2.957222 7.673429
5.700378 0.427645 3.822651
5.788547 1.036876 3.461061
6.682065 -0.325807 1.025037
7.952099 0.646745 2.164610
4.826083 -0.269704 0.586873
5.366357 0.307714 2.693298
5.629455 -3.893307 -1.542167
3.568083 -6.637758 -1.054293
3.421788 -5.186465 6.643001
2.490104 -2.969795 5.378764
4.787182 -1.132319 5.442104
5.183004 -0.256403 6.775960
5.343376 -5.307896 4.694305
2.452342 0.188810 -1.067439
3.226443 0.005808 -0.897704
4.687090 -6.121513 -0.986969
4.247313 -4.394592 -4.342557
3.677126 -4.107311 -4.330920
4.263209 -8.339912 -2.649557
-0.738604 -11.751189 -2.550324
-1.217322 -12.542270 2.147228
-2.371125 -5.791636 -5.166829
-1.216779 -2.647711 -5.142038
3.219624 -7.810789 -2.667251
3.888330 -6.159846 -1.118991
3.119797 -6.108316 -3.719295
5.353690 -9.120640 -1.334463
5.397674 -8.567943 5.746955
4.200820 -9.488460 12.444057
2.006395 -6.384305 8.408424
3.926219 -4.129215 4.567522
2.082482 -7.478346 7.877295
4.177554 -7.299414 5.006621
5.218209 -4.644111 4.606105
5.855202 -4.801338 5.049783
-1.669628 -7.078138 6.214039
-0.309608 -6.696897 7.470654
9.121291 -8.390199 7.145439
7.817182 -8.507574 6.062779
7.354676 -7.475923 4.931168
6.549075 -9.427013 7.352744
3.270609 -6.537857 -3.189281
-4.168857 -4.071739 -2.089209
-4.143363 -4.402527 0.867010
6.546242 -7.044328 -1.606961
4.759789 -7.108312 -0.819990
3.525106 -5.051827 -3.920888
4.318815 -8.074032 -4.070585
4.703918 -8.730808 -4.350716
0.272792 -7.535610 -6.004778
-1.053909 -8.200069 -5.320453
-0.162175 -11.619989 -5.284006
1.131617 -6.904163 -5.494728
5.506750 -5.956687 -6.128382
5.911044 -3.604021 -6.689509
4.986536 -4.948053 -6.618164
2.609121 -5.044445 -5.229668
3.088389 -8.537896 -5.579502
3.549947 -5.381256 -2.418879
3.268965 -6.587121 -2.282689
4.601071 -5.854448 -2.938117
7.004475 -8.419272 -5.517783
4.504467 -10.179284 -1.214951
5.762233 -8.167298 -5.191367
0.996135 -10.376921 -6.110704
1.942227 -7.912735 -6.757030
5.413412 -3.060875 -3.155283
3.910429 -5.039605 -6.381742
2.488115 -3.694840 -5.359243
5.283842 -2.336440 -2.047772
4.682355 -1.883844 -0.645277
5.835422 -6.583230 -1.748105
6.047674 -4.383628 -1.931967
4.114845 -4.687206 -2.359456
3.886567 -4.031187 -2.562574
4.846853 -3.473776 -2.875459
4.157408 -6.366677 -3.045649
3.963203 -5.287663 -4.211051
-1.484984 -3.312956 -5.355013
-4.270984 -4.143194 -4.324094
-4.511893 -6.192230 -3.389050
-1.962784 -6.525253 -3.091600
-2.667263 -5.477771 -0.119670
-4.965317 -5.371498 1.285266
-2.686352 -5.840724 2.273369
-1.956126 -5.892917 2.468329
-2.270937 -7.042911 2.460467
-3.445389 -5.966212 5.207699
-1.256431 -4.982289 5.290113
-3.563801 -7.769367 5.163499
-3.120478 -6.764810 3.949237
-3.367545 -5.434804 1.449392
-4.055805 -5.764040 -1.563563
-4.357181 -2.373214 -1.262090
-5.412288 -3.549614 -0.422849
-2.762782 -3.211302 3.254953
-3.265651 -4.077412 2.330675
-3.162063 -3.311562 0.463991
-3.526860 -5.577925 -1.261154
-2.409098 -2.581501 -4.304870
-4.295884 -3.011679 -4.953997
-0.425761 -4.497938 -6.293752
-2.816712 -11.040007 -7.446836
-0.654764 -12.292920 -2.403112
