6.432909 19.159805 19.392065
3.511688 10.376650 10.694136
3.832981 6.185523 4.775938
2.204314 2.511263 3.909745
4.031632 4.849082 5.034239
4.278838 4.890300 5.691768
4.921101 0.522001 3.258061
4.428087 -3.834842 8.919756
2.044854 -3.103980 5.833995
-0.288449 -4.079142 5.684117
0.637990 -5.871673 5.335709
0.040236 -5.225341 6.543026
3.654473 -6.262598 7.099961
3.386236 -3.999292 6.217300
1.054033 -6.128531 5.498157
3.202268 -4.283237 5.332180
0.564785 -3.205722 6.986992
1.772307 -3.642716 5.083669
-2.054721 -4.354411 7.122486
-2.823744 -4.478100 3.908609
-2.216190 -5.994691 5.384324
0.946831 -7.292533 7.508534
3.894968 -4.926894 5.009104
3.393759 -3.924002 4.699740
3.448384 -2.955602 4.684968
6.240580 -3.293117 7.342845
4.906188 -4.629303 8.366079
4.315598 0.455125 5.059545
4.384539 -0.021761 4.418832
4.377584 -3.922170 6.943480
2.600250 -4.457906 5.956765
0.446854 -3.536403 6.132027
0.740509 -4.773085 5.927973
0.204600 -4.593145 5.158190
3.164669 -6.891612 6.832435
5.490040 -11.863184 5.075890
6.470043 -11.132506 1.979576
5.547633 -10.425566 -1.754728
3.637179 -7.427370 -1.568610
3.379095 -4.203281 -3.770781
3.478742 -5.535247 -3.809795
0.068573 -0.505186 -5.775072
3.470638 -0.136968 -4.793125
1.710058 0.306197 -4.378843
-0.690415 -2.534277 -6.748613
-0.009274 -7.774372 -8.252378
0.691311 -11.075892 -7.183600
0.974873 -10.706196 -7.626577
1.199817 -10.350909 -5.329028
1.016801 -5.818450 -5.954763
-0.608787 -2.664372 -8.089359
0.882677 0.375796 -3.987558
3.134280 -1.975270 -3.618802
2.583503 -7.695725 -5.726870
2.464177 -7.560840 -5.276726
-3.715677 -10.255486 -5.263914
-1.371068 -9.069192 -5.945677
0.747164 -5.525958 -5.150266
-3.907130 -1.963294 -3.152950
-2.524353 -2.891890 -4.236439
-3.286878 -3.401260 -3.167955
-3.159349 -2.553555 -4.397072
-3.159468 -1.539719 -4.450749
0.821559 -0.557651 -3.482006
0.795107 1.484554 -1.704925
2.025362 1.114663 -0.884039
4.832446 0.961811 -3.691655
2.245203 2.441317 -3.632143
1.804166 2.753443 -3.280140
0.472502 3.966869 -3.026876
0.317805 2.061064 -3.443251
-0.631123 3.161221 -3.376918
-0.253573 3.712789 -4.135450
-1.277321 3.277308 -1.172604
-1.042411 5.008395 -0.075022
-0.794242 2.909739 -0.599432
-0.328272 4.201658 -3.690405
-0.040373 1.355423 -4.016524
2.281954 1.709295 -4.018004
2.365164 1.795827 -3.322395
2.218961 0.881669 -2.662098
1.952190 0.229954 -1.966006
4.117505 -0.556836 -1.340088
3.798559 0.800467 -3.143930
1.556873 1.087009 -2.530648
5.735703 1.465324 -3.979290
3.042215 3.835102 -4.252758
9.090251 3.803939 -3.431395
7.871183 4.865931 -3.655728
18.571274 -6.463046 -17.194183
