7.816141 3.910967 14.446349
-1.039775 -0.093644 12.264520
-1.786052 -4.100067 11.994174
-0.791973 -3.447663 9.568548
-2.654664 -3.259178 7.720902
-0.898655 -4.309290 7.308717
-6.070388 -5.485739 7.126772
-6.437426 -1.214400 4.976983
-6.181493 2.537268 4.942256
-9.225033 -2.527573 4.511607
-6.558206 -2.039528 6.610367
-5.901391 -3.361508 5.410886
-8.246844 -4.115488 7.588316
-9.369147 -2.205175 7.068193
-8.056496 -0.909970 6.728874
-9.732985 1.271477 4.602119
-10.096675 -1.445329 5.555985
-6.993671 -4.406983 4.204790
-6.005610 -4.591984 4.031243
-3.852318 -3.281225 4.138636
-5.202600 -5.806274 6.575531
-1.672978 -7.555253 9.216144
-8.871462 -6.672241 10.441309
-12.196759 -7.131647 11.146675
-11.506595 -7.655075 20.042374
-10.702332 -6.924250 10.628079
-8.242312 -9.370760 16.810616
-3.591574 -3.967957 20.243126
-3.506442 -11.485357 24.873215
-4.865585 -6.771194 13.924992
-5.626850 -10.716504 9.092283
-8.204212 -4.341685 5.703196
-5.973649 -4.471783 5.558682
-7.463516 -2.568180 6.013116
-5.810722 1.756145 4.687186
-6.403799 -2.674679 3.764585
-6.937895 -2.555843 5.600508
-6.115710 -1.294381 1.668686
-5.958203 -1.574999 2.369140
-3.711575 3.077600 3.471050
-6.376153 1.752699 3.075585
-4.535498 1.667420 -0.723169
-5.271708 0.898086 -1.530982
-3.533807 2.394152 4.288340
-3.167024 2.836127 5.119694
-3.452201 3.544214 5.525733
-4.287436 2.191970 3.221432
-5.180343 5.429334 3.458660
-6.204029 4.980435 5.638616
-5.029129 4.376628 8.779160
-0.328340 4.458247 4.461966
-4.534254 4.100705 9.481184
-5.547836 6.412691 7.888505
-6.271863 1.492220 2.015707
-6.127277 3.703292 3.003232
-3.581995 2.320008 2.485049
-3.444515 3.065597 3.613640
-1.631368 2.166434 7.641037
-1.667977 2.654376 8.697274
-3.323879 3.280851 5.164384
-3.966274 3.405010 2.355383
-6.013607 3.617906 3.461200
-5.957184 1.682756 5.339241
-7.280576 -0.354871 3.671328
-6.395462 -0.747629 6.304393
-5.932570 -1.850669 4.428396
-4.197722 -4.185358 3.423709
-6.686640 -4.807675 3.958998
-2.985308 -3.101625 7.756939
0.533138 -3.480212 5.064743
0.708020 -3.683849 6.445161
0.062455 -6.584331 9.245067
0.239363 -6.211715 6.021748
-0.518499 -5.205090 8.349591
-3.769197 -1.042191 13.148235
-4.858299 -5.304912 6.408882
-6.390175 -1.166860 4.522769
-6.418543 -2.022056 4.877086
-7.473154 -0.171040 6.903635
-7.533942 0.634566 2.230091
-4.854600 3.202788 1.708602
-6.212593 2.099351 5.717985
-4.040014 2.772460 7.288922
-3.480976 4.712059 5.063319
-5.838974 2.780183 5.060977
-6.778951 0.562427 5.683884
-5.146598 3.231316 5.970600
-5.353663 2.269302 -0.295612
-7.803671 0.913317 0.822479
-7.667996 0.346317 2.921601
-6.530678 -0.152122 6.141929
-6.377534 -2.963123 3.463735
-5.646293 -3.568727 3.959475
-7.278785 -2.073930 6.355711
-13.258601 3.815778 4.458173
-9.790369 3.189951 4.400515
-8.349826 -1.077928 4.154551
-2.135546 -5.816402 5.947434
-3.930225 -4.333272 9.095326
-2.787486 -3.123936 6.389971
-2.485550 -3.186022 7.294046
0.749373 -3.747647 5.292239
-1.952974 -3.272476 6.666073
-1.955497 -3.056963 3.742909
-3.522160 -5.009964 4.408555
-2.340533 -4.118744 4.978580
-4.243836 -4.308821 3.663119
-5.533885 -2.941942 3.983187
-3.552551 -4.051648 6.034880
-8.987025 -2.294319 4.651186
-6.816016 -3.129534 5.989861
-6.492831 -4.023345 2.075722
-3.022473 -3.446552 2.665275
-2.476138 -3.404346 5.441458
-3.285893 -3.759691 6.374045
-5.194540 -4.692371 4.718653
-6.370793 -2.750899 4.287420
-7.827636 -1.654422 5.148641
-5.635085 3.631902 7.328413
-7.072874 -0.282503 6.803564
-6.031229 3.566854 3.817867
-7.840063 0.960189 5.922565
-6.389825 4.111452 5.608596
-8.266402 1.205173 3.488672
-9.888295 -2.917213 3.486543
-7.947990 -3.949572 5.993519
-6.474605 -3.289927 6.114374
-2.551403 -3.313481 9.220732
-2.136801 -6.323434 4.814206
-4.643679 -6.544514 2.295446
-4.862296 -5.292553 -0.660389
-4.566459 -3.349151 0.188947
-4.086681 -5.382125 0.412278
-2.158034 -4.615430 -0.297503
-2.288578 -7.033648 -0.645087
-4.081370 -3.616516 1.681100
3.694087 -5.134627 4.976516
6.935081 -6.985535 5.483862
6.596339 -5.439205 5.503234
6.061598 -3.593196 4.763848
2.069324 -3.360580 4.983424
3.153602 -5.272197 5.660118
4.873419 -9.372021 7.707650
2.321635 -3.407036 6.804047
2.504045 -3.527005 5.507131
3.797352 -3.021116 10.504597
4.863246 -2.751700 9.039369
-0.386932 -4.272839 7.678415
-1.539640 -3.356345 8.845938
0.839390 -4.294353 7.877127
0.080147 -4.387449 7.459993
-1.991112 -4.514596 8.900414
-3.322245 -5.923536 5.439164
-4.751483 -4.715674 6.223068
-4.409149 -5.016210 3.750685
-5.605817 -2.971023 3.084058
-6.077711 -0.607101 0.781918
-12.519114 -0.101473 1.215496
-5.766572 -2.323805 4.265759
-5.007060 -5.553112 4.347311
-4.963574 -6.525096 5.912812
-2.892294 -4.438100 3.196236
-2.820268 -1.377022 0.153753
-3.539390 -2.900242 0.566699
-4.211197 2.701550 6.124335
-3.563644 3.911168 7.624711
-0.456251 2.943695 6.822418
-2.285833 2.299500 4.895505
0.659875 3.938886 7.557287
-2.441073 2.546206 7.328056
-1.814821 2.340535 5.671928
-1.060116 3.672788 6.208898
-6.422476 6.707518 11.371573
-10.192508 8.273067 8.249848
-12.028247 6.634823 6.415527
-6.641606 -1.033647 7.454937
-6.215281 -3.917963 6.384820
-6.099880 0.054965 4.604566
-6.278295 -1.062928 6.091481
-6.737433 -0.861258 1.670882
-7.272709 -1.185953 6.341140
-4.576263 -4.683379 5.117935
-3.380862 -4.293175 8.453424
-1.319634 -7.609853 11.801484
-1.661055 -5.678711 9.240594
-2.939938 -4.129478 14.498477
-2.104282 -1.012337 12.293891
-0.935971 3.109486 12.946943
-1.869728 2.264631 5.859449
-1.521601 2.803102 5.909161
-2.046196 3.571338 9.531985
-1.960405 5.521374 15.303479
-8.154943 5.396966 14.105776
-6.793536 4.268637 7.191159
-3.729025 5.822342 5.243742
-2.872804 9.541426 7.556189
-6.480956 8.612679 9.520665
-3.721629 4.280527 3.470829
-3.615972 2.383484 3.194515
-5.759182 2.585761 -0.550111
-6.858294 3.461972 -1.157723
-6.891804 -0.249145 4.505073
-5.771112 -1.155057 5.447087
-8.450850 0.897843 3.211796
-10.049670 -1.555377 2.244727
-6.643683 -3.862990 4.997529
-4.674404 -2.908986 1.734830
-5.246509 -3.197844 1.261959
-5.133748 -2.972337 -1.797485
-6.225030 -0.418152 -1.350542
-4.773102 -1.574644 0.279106
-6.580911 2.712994 2.193816
-6.639900 -1.377117 2.041823
-8.261683 -0.255444 2.470502
-4.741641 3.432494 3.189452
-5.251670 4.252952 5.716483
-7.041685 -1.362120 0.638971
-4.524525 -1.992790 -1.546444
-5.981232 -1.684604 -0.174482
-3.339657 -1.203189 0.393760
-4.749499 -0.943080 0.720528
-4.260735 -0.371921 0.354491
-4.688445 -0.580095 -1.332179
-4.343459 -1.135183 -0.233588
-6.097397 -5.182953 0.943533
-4.591565 -3.730367 1.695252
-2.336977 -3.604486 3.254724
-3.051446 -7.092563 4.184785
-4.272457 -4.724778 2.942190
-3.139068 -3.103223 3.972918
-4.075044 -3.324242 3.244031
-3.529338 -4.538727 8.353112
-1.776278 -3.371917 10.051221
-2.492230 -5.797495 12.286467
-4.449169 -12.177290 19.203613
-6.341024 -7.819213 14.554896
-7.354208 -6.630579 11.160216
-7.180185 -7.491159 11.409942
-6.759587 -6.183423 5.592116
-5.845259 -2.292579 0.681365
-6.312824 -2.408067 0.431056
-6.701155 -3.410173 4.454326
-2.557079 -3.453363 7.153039
-6.351261 -3.986754 1.263807
-3.869821 -4.820651 0.029525
-4.231241 -3.225701 1.894966
-6.000432 0.258330 3.857395
-5.831827 1.268131 7.272140
-3.592676 3.321689 6.486888
-5.218296 3.366260 4.440376
-4.319129 4.851980 6.043401
-11.168532 4.632852 7.695290
-15.785090 5.825129 4.499011
-6.082850 0.462734 6.777604
-2.090899 4.245230 5.529473
-4.791357 2.278317 6.499951
-8.941813 1.504539 6.849514
-6.282688 0.847300 4.822620
-6.330098 0.648258 4.016062
-8.578809 -2.567542 5.528684
-6.522186 -0.672887 2.822710
-7.154820 0.037038 6.499973
-4.131463 2.428765 2.522675
-3.638787 3.974511 5.078753
-1.429853 3.199924 4.129231
-5.549934 3.055996 5.886530
-4.064894 2.677696 4.734471
-3.128812 3.884262 6.289412
-0.077651 4.064222 8.950278
2.006340 -3.613770 6.140981
2.180384 -4.061665 7.459126
-0.341808 -5.883106 5.077291
-0.872088 -3.980144 5.450953
0.745835 -3.363170 8.104350
-1.250200 -3.133377 5.341324
-3.167231 -4.283836 6.760190
-3.040088 -3.381562 9.949245
1.692714 -3.392069 10.526560
-1.108986 -3.576713 5.255721
0.262883 -4.594697 6.197576
3.371379 2.227273 8.636571
-0.167726 0.286693 12.253971
1.554737 2.139348 11.386868
1.651771 2.663804 7.093443
1.209558 2.965816 9.361146
-0.811179 7.891682 15.957717
-1.205437 -0.779262 12.442377
-2.429398 -1.381979 10.932707
-1.417817 2.735649 11.002305
-2.342829 -3.862134 13.142599
-2.952919 -6.197897 8.812737
-2.430951 -4.192004 4.340840
-5.760615 -2.308734 3.773974
-7.588757 -0.748381 3.804273
-3.562316 -1.724400 0.566988
-12.000814 -3.813116 1.651823
-8.152145 -6.552917 1.635098
-5.827767 -4.109215 2.522824
-6.521579 0.105235 2.089093
-5.891086 1.218855 3.273910
-7.837225 -0.438268 5.316238
-4.659287 2.205106 6.105522
-2.927184 2.161149 4.451202
-2.909631 3.236485 7.494691
-0.627178 3.335287 6.774606
-0.756789 3.430260 8.878813
-2.614984 2.122244 4.422674
-7.242195 3.301888 5.637003
-5.748242 -0.859358 4.330956
-10.919141 0.281867 5.754626
-9.034415 -1.146485 4.176314
-10.956003 -1.190133 18.023977
-9.237972 1.439021 19.365202
-9.486950 0.119871 17.662645
-15.361632 3.109881 12.823035
-11.221223 5.942489 6.311082
-4.733412 7.236875 11.660713
-7.763039 4.551421 7.714963
-7.188055 6.656786 8.127700
-5.216234 4.719483 9.259802
-3.660000 3.971052 7.987801
-4.440206 6.637864 10.359109
-1.178221 6.270915 11.758862
0.457350 3.008122 5.220386
-1.619759 2.170345 5.659187
-1.688202 3.132543 5.050879
-0.472377 4.495435 4.116146
1.808715 2.824212 7.187395
-2.350471 -4.620778 7.316531
-2.553632 -4.216044 5.422906
-4.063627 -4.887666 3.505346
-2.182081 -3.479574 1.302033
-4.727033 -2.112746 -1.600968
-6.005058 0.342710 1.374563
-6.877851 -1.151187 3.112054
-6.334754 0.787981 5.079907
-10.839276 1.443946 4.551179
-19.682848 1.642932 7.703944
-15.935856 -2.014145 11.896382
-18.672659 -0.509829 10.038692
-18.597775 -0.537070 16.278204
