-1.215538 -5.213881 -15.850359
4.410421 -1.301139 -7.008477
4.932661 2.266180 -3.805858
3.926504 -0.519551 -3.318560
5.154422 0.195067 -0.487568
7.166945 1.328972 0.346131
9.964531 -1.548879 -1.882196
10.611990 -2.477345 -0.688211
8.984043 0.378101 -3.557951
17.995426 5.460348 -6.866972
15.038375 4.438059 -5.464846
10.328767 7.711792 -2.975790
9.997230 5.419559 0.739621
11.673640 7.854298 4.711834
5.986683 6.637470 2.861352
6.362652 7.083663 2.807096
5.590170 7.502098 3.871586
4.422291 4.064343 2.444231
2.995550 2.635849 3.470452
4.882613 2.887683 3.800364
15.964643 16.392986 6.632436
14.801712 18.749487 18.589365
