16.122587 4.475361 12.368364
6.674428 0.185922 7.259273
6.334024 1.273858 2.126611
6.956348 -0.167743 -2.262506
10.609215 0.906429 -4.181587
10.405497 1.845643 -2.745554
12.992227 4.948756 0.546194
12.894174 4.688982 0.245860
6.544315 0.834018 0.469317
6.366234 0.607462 2.100047
5.999010 0.848355 -0.864909
8.145041 -0.853154 -2.784248
6.189783 -0.494843 -0.692896
6.482597 -0.573409 -0.832267
7.786909 -0.020741 -1.182582
8.861051 0.851783 0.537613
7.708652 1.088754 -2.179810
5.401462 0.383307 1.827412
4.316766 2.425152 4.843033
5.200427 2.509628 5.900723
4.410259 4.747663 5.576762
9.204922 5.005648 5.872077
6.700327 2.760734 6.228236
4.661261 -1.434322 6.048982
4.534872 0.804450 4.057989
5.742651 1.452457 3.064666
6.713679 1.353119 3.946462
5.126009 3.688692 2.312055
4.643269 4.002370 2.638496
5.708049 1.962128 2.172137
8.538961 4.565091 2.184640
3.998766 2.553622 4.172374
2.537765 4.241353 2.861002
4.701454 3.677733 4.713336
5.966349 4.563475 4.699063
7.140541 2.284413 5.279959
4.154383 4.457201 3.328345
2.807961 2.833348 2.541253
2.778623 3.178417 2.786801
4.745692 -0.208312 1.089722
12.332425 3.918672 -0.788332
11.105844 4.390970 -1.154498
15.549273 2.197092 -8.900047
7.636867 1.190991 -3.393678
5.778788 1.457839 1.278334
4.738849 0.911599 -0.356754
5.889925 0.916548 2.379062
6.252007 3.288481 2.020122
6.464699 -5.219259 8.515739
6.198424 -6.865735 5.759011
5.487732 -1.721927 5.865333
3.843168 -8.597690 8.296524
0.695613 -7.281585 5.974608
6.693124 -2.735409 4.592931
9.460948 -5.537223 7.002143
4.423373 -6.807616 5.252296
3.249142 -5.877289 6.186014
6.476667 -7.543486 6.058176
9.063313 -11.049076 5.063418
4.900465 -6.136045 6.421891
4.336630 -11.025697 7.743229
7.459932 -9.226705 6.311009
8.594464 -6.944207 -1.845953
5.522844 -7.549554 -1.327222
5.202247 -5.588732 -1.367613
6.344279 -0.224718 -0.712415
6.665421 0.412169 0.767404
7.267412 3.312525 5.164780
6.653943 2.308197 3.396173
6.143985 0.511980 0.392518
9.855404 1.864430 1.263862
9.555953 1.465034 -1.928082
13.891294 2.310861 -3.957468
12.664868 4.670563 -5.966213
7.382205 -0.162410 -1.213609
7.147659 -2.232752 -1.264509
3.118013 -5.081540 -5.994292
3.731411 -4.242028 -5.230851
3.917744 -2.813673 -3.078459
5.309743 0.898235 0.560871
3.272248 1.041697 0.562600
-0.652849 -4.362630 5.620673
-2.579064 -8.637928 4.689405
1.022622 -9.039580 5.542808
0.531875 -3.790237 5.505773
2.434853 -5.879909 7.229273
1.758830 -4.041111 5.587626
1.303034 -4.416760 5.059289
1.661688 -3.519469 7.591532
4.540895 0.794150 5.256005
4.294008 2.924749 5.619091
1.564291 2.559627 4.078128
5.202739 0.263800 5.198278
4.287651 3.463865 2.367779
3.443166 2.258080 3.710392
7.154815 1.484786 3.296924
6.350240 -0.241255 6.242679
5.803004 0.368689 4.208261
4.677819 0.669839 4.742237
4.589932 0.661888 2.295917
5.161041 0.010538 2.968270
3.969872 -1.338434 -0.763863
3.093934 -5.097847 -0.800351
3.179429 0.113758 -0.058721
2.342943 0.101865 0.398946
8.886893 0.990610 1.399241
12.348911 -0.400119 1.123776
14.480493 -2.565959 0.758119
6.253712 0.854592 4.340801
4.672988 0.061566 3.652950
7.147546 -1.437628 4.549065
6.614064 -3.862023 7.020438
6.199624 -4.849343 9.088546
6.686076 -5.778625 6.456107
3.882504 -4.976459 4.895815
6.269263 -3.898504 10.787679
6.854388 0.461103 3.002410
8.760447 0.919634 1.267496
9.743684 3.161330 1.444361
10.832818 8.042159 4.196325
5.753031 -0.808280 5.830380
10.636674 2.609051 12.973202
5.901360 4.241693 4.332169
6.876251 6.245456 2.637781
10.545443 6.398013 7.794771
7.111873 0.164867 3.501739
5.084480 -0.414941 1.881495
8.510596 0.784444 1.942155
12.708880 -5.922590 4.340022
13.061757 -6.970313 2.088353
12.716117 -4.011535 1.747365
6.834119 0.256539 5.323574
5.464613 1.089910 2.408626
5.856598 0.026363 2.346899
4.358772 1.057727 2.530862
18.316219 1.199746 10.658455
18.848558 3.778751 7.478278
15.287858 5.840392 5.475052
13.845075 4.663394 7.312893
8.916440 5.352349 6.101959
3.908097 3.028063 5.766100
4.012246 2.791123 3.311240
6.221902 3.608180 3.493107
6.729457 3.864202 4.458440
5.718467 2.361581 4.879876
5.094320 -2.990894 5.896814
6.703656 -7.690357 5.640582
5.814761 -4.551985 5.329497
7.123687 -4.167694 4.838381
6.799222 -3.285915 5.548152
5.610493 1.191072 6.405626
6.637679 -5.763804 9.441062
3.950052 -2.944881 8.609029
3.814639 -3.084763 6.657327
9.801273 -11.539662 10.186973
10.207833 -5.527261 5.778856
6.567918 -11.784512 -0.361775
3.561032 -11.138745 1.390254
4.187695 -6.318280 -1.563647
6.134938 -9.949117 -3.954135
5.733543 -6.124721 -2.434021
9.090600 -5.186373 -4.520249
6.868784 -2.083622 -5.819993
6.064858 -4.221737 -3.705637
6.335555 -3.931257 -0.873697
5.972691 -9.226897 -1.076781
7.898552 -6.161979 -0.771793
7.350687 -7.447245 -2.652439
6.932623 -4.810675 -2.651241
7.617938 1.754782 -3.196975
3.812090 -0.896769 -3.723982
4.933103 0.218939 -1.860769
6.016990 0.906309 -6.971521
7.350451 3.561438 -5.412724
6.345097 -0.581984 -1.916042
5.153912 0.680284 -0.359170
10.714138 1.962186 -1.626981
13.407136 3.703614 1.838424
9.724291 5.913793 2.311535
15.595078 18.379742 -10.872090
