18.914848 11.466884 6.265386
11.335966 3.859416 -0.242269
11.555639 4.497406 -1.919963
10.475425 2.687343 -2.378204
8.004272 -2.564841 -1.653687
3.344424 -0.170352 -0.406951
7.022336 -0.191605 -1.786191
6.305573 -0.224310 -1.191657
5.933260 1.389267 0.694528
4.333108 -0.611790 -1.070137
7.828614 -0.442386 -1.611903
7.270970 0.194563 -1.330121
8.820929 0.708186 -4.214695
7.049591 2.645911 -3.311046
4.574562 2.741100 -3.347349
2.599860 3.080019 -3.291691
-1.411613 3.322884 -3.633304
-0.538311 3.967664 -2.909695
0.287415 3.024177 -4.223020
0.301210 4.252482 -3.213685
0.996414 5.661472 -3.661632
2.191981 4.445614 -3.225119
2.118703 2.422006 -3.558976
1.346067 0.186350 -4.691746
-2.083851 4.592378 -1.743109
-3.737764 7.669282 -1.908313
-2.166911 7.582777 -0.350176
-0.012639 5.839659 2.403488
5.806155 2.046691 3.479358
6.267960 3.270185 4.611484
8.465281 6.851055 5.079722
5.788704 6.876730 4.095397
8.337382 4.912982 3.856019
10.193495 4.989337 2.724299
4.704244 4.945803 5.169003
3.452745 7.767376 6.886489
6.081582 1.518187 4.506016
5.984661 1.303116 0.014410
4.240114 -0.376439 -2.861324
8.108006 2.659554 -3.832605
7.070754 1.838066 -3.576142
7.765088 -2.813287 -2.557072
5.702050 -3.737585 -1.036945
4.965783 -1.454453 -1.116891
-5.689654 -5.285222 -6.982024
-1.664608 -3.978019 -6.317150
-1.785668 -3.459133 -5.119364
-2.193808 -5.906545 -5.267079
-3.987126 -4.776206 -6.326226
-1.980471 -7.613970 -2.430264
3.853565 -4.103871 -2.379810
3.999324 -7.422400 -1.589816
3.271581 -7.947909 -2.075379
0.550845 -4.823481 5.463089
-0.922876 -6.069488 5.687304
-0.390092 -4.947607 6.407077
-0.699236 -5.142004 4.943909
0.811183 -5.570447 6.404163
2.152747 -4.579706 6.451828
2.855827 -6.596357 5.985527
0.220765 -4.331189 8.137750
-0.355766 -5.491238 6.857393
-4.461872 -8.625029 3.829068
-2.404009 -5.487331 4.114109
-3.873807 -6.529212 5.417367
1.718353 -3.682302 5.535119
6.004589 -4.171135 5.595766
3.085050 -3.073592 6.286739
3.732917 -4.418816 5.734580
5.804193 0.674220 9.332947
6.083245 1.194528 7.144745
7.075325 -1.555062 5.617805
4.746139 -4.399772 6.208346
7.107389 -2.218494 6.272517
5.803463 -4.509167 4.877122
5.230587 -3.769600 6.527575
6.061930 -7.782792 6.655326
5.035256 -1.927833 4.631549
5.643829 -2.605757 -0.801166
6.719321 -2.024810 -0.691434
9.498279 -2.389395 -0.519875
6.420930 -2.884053 -1.633263
4.004519 -5.484058 5.158985
3.922629 -9.021809 7.616673
5.940147 -8.517390 7.165799
1.788125 -11.062035 4.728827
-2.082765 -17.281996 6.976192
-2.561801 -9.061069 7.255749
0.260394 -6.282622 5.178594
1.875796 -8.219671 6.320744
5.474239 -5.793192 5.819851
2.793999 -5.677772 7.169560
6.479952 -8.398104 6.154283
4.257920 -6.896466 4.661315
2.806642 -4.416104 4.992757
6.540663 -5.134117 5.940095
-1.939643 -4.988999 3.316104
-2.134086 -6.731752 2.111792
-3.220728 -6.453732 2.281667
-5.226285 -8.207446 0.914682
-2.275295 -4.253799 1.330173
-2.831110 -5.709771 -2.732270
-2.971009 -4.794969 -4.693640
-2.706537 -7.175958 -4.162271
-5.965742 -9.623590 -3.598489
-3.719200 -6.212460 -4.280818
-3.024256 -4.979296 -2.719835
-2.962928 -6.992268 -0.893100
-2.585436 -3.112678 0.351863
-0.004174 -6.905217 5.649131
0.827222 -5.655864 5.466912
1.231308 -5.105819 6.184464
0.506344 -3.617552 5.078389
-0.296512 -5.066079 6.211863
-0.741320 -5.147269 5.183837
-1.292336 -3.265707 7.193846
0.290080 -2.907773 9.271964
-7.018159 -0.488924 3.838497
-6.725443 1.405774 2.700664
-2.025127 -3.661295 2.496307
-1.957364 -7.014848 3.966296
4.163650 -7.278247 5.643422
3.500427 -4.056153 5.921169
0.722017 -6.662267 5.472378
2.208502 -3.849012 5.236901
3.365116 -5.952440 5.923618
8.590894 -5.942960 4.887967
7.847488 -6.483088 -1.443589
9.802167 -4.511990 -6.538707
6.013494 -2.947323 -2.233665
10.693853 -10.979501 -2.131973
3.085889 -1.457726 -1.501776
5.847547 0.744005 -1.714408
4.287579 -3.162064 -2.330130
5.744401 -1.358050 -0.664887
6.919470 -6.330408 -3.282307
7.932158 -6.804239 -1.416758
4.824896 -6.459681 -1.455814
-3.556542 -6.298835 -0.547549
-4.643426 -5.469918 1.261350
-7.022385 -8.932808 2.283514
-3.550646 -6.152221 3.976791
-4.182000 -3.935830 2.768756
-3.031864 -9.526770 2.079509
-4.551062 -12.372172 4.680529
5.525944 -10.541745 -0.975110
6.093564 -7.798551 -2.844088
2.530116 -5.722479 -5.594437
2.887056 -5.361444 -5.482648
9.464931 -7.386774 -4.654415
3.400537 -3.834621 -2.578142
3.630130 -5.383449 -1.592435
3.783734 -5.003809 -1.274832
-2.063239 -5.624287 -2.188787
-4.932503 -7.281162 -3.444183
-2.834394 -3.673353 -1.244596
-2.575403 -4.736865 2.118279
-2.823443 -4.276522 3.321017
-2.313082 -6.528821 3.557028
-4.444920 -5.677042 4.022288
-2.954575 -6.842270 3.116685
-3.053927 -6.090632 2.321743
-2.252891 -7.331061 6.745596
-0.782157 -6.021529 5.257078
-3.113708 -6.828028 5.993956
-0.549877 -5.332696 5.490073
6.727077 -7.988759 4.632760
3.885655 -6.289570 6.155650
4.833197 -5.437583 7.948750
15.502372 -6.157485 2.790805
12.780818 -5.843964 1.540839
11.270858 -10.441940 -3.507553
12.409142 -14.487508 0.030033
8.851015 -12.254001 0.346843
12.181053 -11.026322 5.005039
6.707035 -6.117393 -3.312538
8.727341 -3.023140 -1.332359
6.854658 -5.575982 -2.077990
7.071612 -5.077227 -0.515170
8.396760 -1.683233 -2.405612
6.862191 -2.733116 -2.858244
5.382894 -6.232019 -0.856905
3.945745 -8.776872 -1.894848
4.445808 -6.152583 -0.799885
4.657547 -0.033138 2.071970
6.710775 -0.100263 1.542497
6.944603 1.355872 2.055427
6.967968 -0.438523 2.665262
5.409770 -3.667409 -0.645624
5.586737 -10.634768 0.224023
5.294701 -7.685624 -0.514067
3.761073 -5.482123 -0.853224
11.481715 -5.405898 1.791973
5.685999 -8.679988 -3.881434
3.847900 -9.705609 -1.091639
3.718695 -6.234517 -0.590621
4.289208 -7.695132 -2.224295
7.032622 -11.019498 -0.809291
8.837030 -10.988430 0.099867
5.488383 -9.275393 -5.166410
5.577836 -9.862894 -0.719229
7.394602 -6.613159 -1.748975
4.839763 -5.408504 -1.012663
8.127800 -4.910211 -1.614688
7.219923 -6.942788 -1.055135
5.826051 -8.519333 -1.660866
4.974049 -4.555810 4.618622
4.799437 -5.821745 -0.826736
6.005633 -5.371142 -0.610655
3.020816 -5.849198 4.990089
3.270795 -3.352937 6.149776
2.183638 -3.832967 8.392169
-3.206011 -4.604196 7.131855
-6.108362 -3.589961 5.324566
-5.771590 -2.153537 6.847104
-3.682290 -3.770836 4.730152
-4.382391 -2.980927 4.801984
-3.773694 -3.441120 1.736662
-4.515481 -3.021639 -0.845414
-4.062575 -3.227005 1.712188
-7.071584 -5.086058 4.966968
-5.900886 -2.651512 2.409028
-4.613646 -3.865568 1.798424
-6.805565 -4.784673 2.477631
-5.060471 -3.181146 3.274738
-5.842086 -2.800934 3.388598
-6.058804 -1.772420 3.230336
-6.037992 1.946533 3.753165
-3.657845 2.874401 4.028317
-6.196815 3.097955 4.136265
-3.845937 2.303048 3.903267
-2.410650 2.113672 7.683479
0.508714 -3.205440 8.313952
-0.438455 -4.363669 6.024215
4.797180 -2.833218 6.301344
4.787817 -3.533286 8.056892
1.635046 -3.693071 6.039420
4.682327 0.260947 9.587959
4.348015 -0.564478 7.688878
4.405015 -0.674739 7.182283
4.666445 -3.822963 5.829618
5.870526 -5.308561 7.319347
5.008292 -7.550857 9.397170
4.939807 -3.872525 4.840734
4.076423 -5.614478 6.475230
5.683443 -2.339757 5.790595
6.085796 -2.081266 5.420957
4.978073 -1.858697 6.867968
4.891818 2.328825 5.243825
2.642802 2.553529 5.469006
2.250550 2.567233 5.456988
1.685236 3.563013 7.979382
-1.397829 2.654079 10.878899
-0.943075 4.199657 8.511015
-3.336884 3.630774 9.503889
-3.099135 3.898725 5.830641
-2.113150 -3.638207 2.500700
-2.518339 -3.391819 4.311320
-4.725916 -5.007507 6.269930
1.336668 -3.102694 5.945611
-0.317105 -3.112237 7.055390
-1.155794 -6.678842 7.382411
2.439862 -3.705402 6.262202
1.202944 -3.749205 5.983984
1.751009 -4.614979 6.065418
-0.183216 -5.077534 6.675457
4.218776 -3.047687 4.836327
4.663585 -2.913336 4.746403
2.556687 -3.359409 6.233974
-0.363695 -4.661583 6.435792
-4.787339 -5.464710 5.808499
-3.799610 -4.304876 4.878616
-2.192875 -3.671466 6.084373
2.740003 -4.255988 6.527536
5.208473 -3.171485 4.709843
2.457251 -5.213153 5.080027
3.448355 -5.200950 6.610118
4.772397 -1.527979 8.933178
5.742260 -0.475708 6.747574
5.019972 0.121872 6.269273
5.353878 -1.215943 5.451601
6.205574 -1.097170 5.371030
5.936052 -6.387997 8.012300
7.933285 -8.029324 4.711011
14.975585 -6.088756 6.875643
10.725770 -6.101114 6.900031
-2.751045 -7.060317 -1.105573
-2.289771 -2.313074 0.584918
-3.245422 -3.013312 1.262393
-2.318040 -3.220092 0.846288
-2.579401 -6.233747 -0.957726
-3.235150 -7.958114 -1.426437
-2.286613 -3.962640 -2.809691
-2.581551 -8.409745 -1.706421
4.714838 -7.848692 -0.623842
-2.696110 -5.668606 -2.594929
-3.275021 -6.036004 -4.150057
-1.991580 -7.700569 -2.440774
-2.885334 -8.117545 -3.565629
-4.063826 -14.483249 -3.678498
4.331176 -5.852705 -1.838584
3.697670 -5.726989 -1.132120
3.849309 -5.157683 -1.436761
4.154915 -9.568497 -2.707299
4.437294 -6.255920 -3.169274
3.096937 -2.396286 -0.829284
4.668777 -7.750932 -2.129551
4.931027 -3.086338 -1.450031
4.066024 -5.866070 -1.446731
3.812212 -2.884316 -0.806152
4.311753 -5.295130 -1.762271
6.294628 -3.751241 -1.169472
3.108131 -4.633430 -0.591859
4.491380 -0.601038 2.115269
4.424148 0.252652 4.294729
6.585847 0.147154 5.325248
5.776275 1.261142 2.898470
6.212873 0.114860 3.647277
5.210984 -0.999647 5.194877
3.246588 -4.408038 9.772869
2.135709 -3.152350 7.403927
3.329214 -3.554839 8.817050
0.290929 -5.308685 8.683360
-0.341153 -5.902696 6.709230
-1.624360 -4.505651 6.152224
-3.679433 -8.117087 5.145338
-0.726332 -3.398898 5.920621
1.888651 -2.985358 5.814737
2.226865 -3.156167 5.310622
1.518728 -2.966816 5.247841
2.018342 -3.061033 5.868539
2.478566 -4.340523 6.889023
2.716223 -4.483435 5.070203
5.233820 -4.612804 4.745821
0.940784 -4.650665 7.035842
0.635805 -3.041955 5.678057
-0.540852 -3.402138 5.497422
-1.992063 -4.119189 3.014543
-3.100083 -5.135959 -2.678956
-4.035052 -6.937500 -2.932548
-3.061105 -2.714509 -0.482529
-5.636096 -7.405844 -7.546003
-3.598312 -5.763584 -3.569257
-2.269065 -5.716574 -3.158546
3.882915 -2.643912 -0.819150
3.431097 -4.306009 -1.419856
4.216637 -0.147550 -1.861421
8.147987 -3.580975 -1.096475
8.890276 -2.844686 -0.507650
7.269242 -4.939462 -2.198034
5.029703 -2.775133 -5.069760
9.629136 -4.755387 -2.001796
10.409330 -3.376879 -0.738440
16.895504 -8.172077 -0.252551
11.497689 -3.646642 1.712534
16.131289 -6.539335 0.562061
19.348679 -4.253901 6.095310
14.949054 -10.427303 7.694042
14.820583 -8.898003 5.719205
14.571653 -7.136240 2.735654
4.038514 -5.679167 -0.662384
3.210299 -3.875376 -1.436168
5.249473 -2.440390 -2.150307
3.750579 -4.394869 -1.461199
3.499754 -3.843212 -1.917107
7.590400 -4.200705 -1.835636
9.505069 -0.541817 -1.349994
10.439786 -4.017658 -1.376630
14.758418 -3.488184 1.418892
13.579084 -5.405816 1.271915
18.075773 -2.383255 0.853490
11.572814 -2.060518 0.082281
11.437747 -2.970736 0.653033
11.002934 -3.464742 -3.437466
3.229869 -3.970227 -1.609509
-3.914333 -2.992929 -3.079922
-3.353845 -6.095633 -4.324900
-2.789443 -3.589972 -3.041102
1.801247 -2.170074 -6.905939
3.346940 -5.003404 -7.211435
2.165886 -6.611777 -6.200183
5.695723 -2.281425 -3.344434
3.267446 -5.385214 -4.381367
3.476293 -5.411735 -2.988212
0.724852 -1.687507 -5.092577
0.642320 -0.389894 -3.971346
-1.130349 0.245479 -4.319999
-3.734461 -3.368299 -3.031641
-3.812425 -4.105547 -5.701720
-2.312981 -3.049468 -3.914444
-2.037150 -0.429296 -4.670222
-0.172060 -0.659581 -4.478489
-3.608611 -2.422865 -5.500770
-4.329619 -3.703675 -3.299501
-2.827417 -3.124174 -4.147649
-3.518050 -2.221719 -3.629997
-3.349856 -1.480223 -5.831359
-3.540786 -1.097189 -5.616985
-1.782294 -5.302264 -5.336782
-2.371996 -9.073929 -6.611264
-1.850414 -12.072366 -2.798007
-1.148498 -10.918518 -0.635676
-3.226581 -8.332451 -5.973734
-5.192109 -8.247471 -8.282187
-3.884188 -7.316248 -6.718870
-2.656146 -10.001485 -3.627222
-3.793212 -6.474642 -2.179012
-2.298398 -4.611862 0.569294
-1.963135 -2.749842 -1.167335
-2.871253 -3.946989 -4.988413
-2.596240 -4.366330 -2.622221
-4.243413 -4.894977 0.336364
-2.516761 -1.971723 -2.798585
-4.007682 -1.062760 -2.810772
-1.143746 -0.663657 -2.653317
-1.425753 -0.650495 -2.520857
-4.208861 -0.210372 -4.078777
-2.499996 -1.488468 -5.073345
-2.388582 -1.117443 -3.633437
-1.959224 -1.192726 -1.929105
-1.606782 -0.313929 -4.041123
1.006203 0.565156 -3.045530
-0.002473 0.137985 -3.009140
-0.498962 -0.261891 -5.589561
1.592823 -1.291222 -5.091132
-0.263290 0.123890 -6.574787
0.996285 -1.510965 -5.378461
5.542925 -1.022961 -6.550568
3.669199 -1.346940 -4.774353
3.730204 -0.928125 -2.849113
2.590896 -0.603216 -1.280125
4.299042 0.078745 -3.046893
3.443758 -1.631160 -1.984949
7.696043 -6.185644 -1.585413
6.054924 -1.527363 -3.039335
6.851226 -2.020377 -2.774730
7.205992 -1.004666 -4.704394
7.702175 0.866503 -3.272272
10.172060 -0.099404 -3.839949
11.949935 -3.067402 0.317518
13.437781 -6.093669 0.159055
8.282648 -1.450532 -3.106780
5.775325 -4.845148 -0.688480
5.159517 -3.372675 -1.963339
0.168284 -1.490800 -6.634052
-0.237971 -4.210739 -6.222713
5.429826 -3.693462 -4.564174
-2.274822 -4.399555 -3.281322
-3.475519 -4.191167 -1.066747
-2.774472 -6.274377 -4.344007
-6.114807 -5.714675 -1.927993
-5.455986 -4.967055 -2.042672
-3.134632 -6.010056 -0.212211
-2.751091 -6.818014 -1.075330
-2.358806 -9.432345 -0.875889
-2.245507 -13.797817 3.839891
-0.312390 -14.447639 3.315869
-1.756906 -12.754999 4.800406
3.308359 -6.675056 6.379373
4.201879 -8.715178 6.674230
1.852371 -6.892543 5.586510
4.606521 -4.736458 5.816695
7.692585 -5.973863 5.638966
8.751814 -10.166283 7.157353
9.249799 -10.098577 6.424726
13.900845 -7.458906 2.571918
10.350498 -11.940410 2.287821
5.604203 -10.731349 2.847085
4.811698 -5.723747 5.920630
3.060398 -5.308185 5.175516
3.222613 -6.392520 5.729546
2.806223 -6.245870 5.467649
2.794988 -6.159666 5.902005
4.093287 -6.101021 4.604200
2.968963 -5.357141 5.845118
1.868459 -10.385338 5.117041
2.407349 -9.595738 5.731612
0.668593 -9.971208 8.274015
-3.370948 -12.189222 3.960020
-5.180519 -10.588582 -2.200818
-2.887097 -6.236821 -2.508737
-3.321194 -6.260425 -1.228396
-3.433719 -3.794939 -0.123103
-2.554801 -3.011788 -2.887604
-4.127931 -2.666904 -4.683361
-1.987993 -1.673428 -5.377337
0.895576 -1.798397 -5.799531
0.185661 -1.450382 -5.158599
-1.571522 -4.581749 -6.148744
-3.838342 -9.643229 -7.607085
0.534838 -8.024281 -5.650617
5.227497 -8.104355 -5.081577
5.215273 -7.778223 -4.016645
6.013793 -8.516043 -1.247482
3.886804 -6.480240 -1.472828
5.559898 -4.634599 -4.814357
4.629344 -5.059917 -4.909246
5.915549 -6.595906 -2.099087
7.984607 -8.538130 -3.321448
7.360746 -10.239248 -1.880151
4.837847 -11.952690 1.770792
1.331851 -11.220462 4.708632
6.228603 -12.152810 3.972623
7.677519 -12.722015 1.567130
3.444166 -10.041466 -3.918603
3.534187 -6.582597 -2.222248
5.138902 -9.949951 -1.272538
4.043088 -8.941016 -0.691278
4.772091 -5.275206 -1.064892
4.934216 -5.223177 -1.446185
3.884916 -5.527493 -2.865095
6.508109 -4.748358 -1.377246
6.202918 -4.932817 -1.265893
3.966911 -8.664263 -2.385999
4.631680 -5.083536 -1.663678
3.499420 -4.323620 -2.325946
5.349998 -7.288592 -2.273024
6.074823 -6.575973 -2.244071
7.203297 -6.041028 -1.521984
3.301851 -8.576275 4.708838
9.383079 -7.313080 -1.123040
6.833760 -4.823440 -2.224291
5.191930 -13.370252 0.409909
5.102525 -8.995903 6.565060
7.349270 -8.661352 7.145185
8.986221 -7.052152 5.755931
3.314961 -6.110919 6.030511
3.062529 -7.362620 6.961398
3.953427 -3.906075 5.062685
3.116950 -5.844061 7.614335
3.628379 -9.857423 4.994897
9.923823 -8.569360 5.718682
-0.535497 -6.982255 6.014017
-3.972773 -7.479060 4.211855
-3.423053 -3.314510 3.030572
-3.556551 -4.543444 2.494474
-4.721653 -5.253756 1.272793
-2.985644 -7.254173 0.417308
-3.223552 -7.978242 -2.708313
-4.467627 -8.362944 -3.516474
-2.026824 -6.616385 -6.601652
-1.121499 -6.788801 -5.758695
-6.283667 -8.781484 -6.529970
-1.930260 -7.083112 -4.798874
-4.728330 -4.147943 -1.082777
-4.527990 -4.483420 -2.294264
-2.791088 -5.115802 -2.408132
-3.519846 -5.006094 -0.667310
-2.417812 -6.605771 -4.421301
2.219937 -7.485904 -7.552044
1.825722 -6.325469 -6.597868
-0.502216 -7.023462 -6.602041
3.592332 -6.545086 -1.540291
3.324575 -9.193173 -4.660050
4.086413 -4.266290 -2.043462
6.354581 -7.823104 -3.209193
4.289103 -3.970837 -0.930126
7.896591 -5.307002 -1.739736
8.464847 -7.944427 -3.957273
10.752574 -7.064354 -1.440317
7.335462 -5.540935 -2.178193
7.041121 -2.926725 -3.948666
4.799152 -4.415413 -1.479919
7.603932 -9.202857 -1.397113
5.731199 -9.504072 -1.310887
3.100738 -7.876691 -4.577346
3.600836 -4.892344 -3.472179
7.108738 -5.544678 -4.471720
6.182284 -10.349023 -2.946478
3.398820 -19.220835 -8.710318
10.044332 -19.826555 -1.624789
6.216135 -10.473895 5.867254
1.465334 -4.669229 4.947025
1.436369 -3.433221 5.788286
0.450249 -4.667442 5.995027
-1.987680 -4.508683 5.258071
-0.110290 -3.185032 4.963846
1.835600 -3.957492 6.466803
6.433166 -2.240297 5.499958
0.952468 -4.187372 6.587601
3.616946 -7.292553 5.808267
3.407141 -6.367982 7.097941
4.293337 -2.845769 5.319283
5.372387 -6.969349 5.927848
4.709948 -8.705542 9.467020
2.037555 -7.487564 4.929281
5.527275 -3.812084 5.461273
6.434053 -8.165547 4.602506
4.372574 -7.941492 6.293792
-0.918908 -8.690637 5.238562
-4.482512 -8.811152 4.904606
-2.421327 -7.281608 2.671354
-5.718982 -4.501214 2.193394
-6.233558 -2.085773 1.841035
-6.168613 -1.759571 1.340325
-6.330944 -2.888405 1.136062
-3.407705 -3.009887 1.761240
-5.668745 -3.152300 1.885141
-1.674465 -3.602537 5.254157
-3.617227 -5.484658 5.301264
-0.924730 -5.631603 6.816631
-0.658972 -4.261454 5.175368
2.581857 -3.457132 10.166963
-2.799178 -4.481084 7.440538
-5.494778 -4.858214 4.468938
-6.380684 -0.044817 4.100239
-7.729197 0.207488 4.998161
-8.365754 0.338692 2.539576
-6.974222 -0.047200 4.399107
-5.053945 4.376773 4.155578
-6.062824 0.959888 3.448713
-5.993593 -0.909634 3.505459
-7.752223 3.726999 0.347028
-6.462083 0.874845 4.479249
-6.081007 -6.665777 9.191052
-3.578752 -3.119491 4.316148
-2.187078 -4.278106 4.360165
-4.934240 -6.322146 3.056846
-0.820967 -3.519550 6.065188
-1.114374 -5.108004 6.923418
-1.008797 -6.559155 6.093999
1.024211 -2.941507 5.164575
7.258365 -7.447445 5.687181
2.904131 -5.280315 5.257013
6.092501 -7.121655 5.462207
2.250743 -6.284715 5.304375
6.260804 -5.972059 7.193655
3.434662 -4.563941 8.932750
5.297938 -3.814468 5.641957
3.084597 -4.581882 4.570979
6.257501 -0.656400 6.015410
4.959242 -2.375455 6.271062
4.860155 -4.012316 5.151166
4.459558 -5.381297 5.010677
6.686341 -5.792982 5.226412
6.581649 -5.326426 4.878240
6.045514 -5.238222 5.597233
6.129245 -4.306762 7.234665
4.989825 -1.675161 7.994904
4.825065 -4.553997 11.302498
5.323514 -2.956591 5.215912
0.213299 -6.136031 5.689150
2.148493 -9.964121 6.188654
3.499820 -3.562762 4.543904
3.959245 -3.822092 5.320475
3.707265 -5.277811 -1.089332
3.740628 -5.293321 -1.175061
7.302885 -0.343607 1.479902
7.591529 -0.523370 1.481953
6.276221 1.008820 1.512435
6.803923 0.516657 4.692243
3.159390 -4.106265 -6.363255
4.534384 -2.392915 -3.047808
4.005242 -2.804792 -4.020569
3.128361 -3.443276 -1.705516
5.993698 -2.703446 -0.913480
6.589621 -8.131360 -3.202349
6.940266 -7.270145 -1.562364
6.097653 -3.485408 -1.158036
7.046751 -5.948743 -1.985996
12.547252 -7.654697 1.942929
9.332330 -4.253798 -2.731511
7.811025 -4.887065 -3.114549
8.527972 -6.468738 9.020567
7.350896 -9.022930 5.489381
6.510999 -0.574010 5.491300
4.762883 0.086011 -0.753948
5.282019 -0.938442 -1.879612
5.215470 0.349658 0.676128
7.180439 -1.075130 -1.167506
11.351049 -0.159466 0.979409
11.324378 -3.119735 2.167458
11.309882 -2.823738 1.652341
6.136995 -5.249506 4.928204
4.618956 -2.646542 4.560330
1.043903 -6.588526 -6.244863
-4.504684 -4.631554 -2.480559
-2.075513 -2.936692 -2.706636
4.407504 -4.597198 -3.621237
6.022403 -8.929896 5.316740
3.554771 -6.969631 5.416279
-1.683811 -8.310896 4.953253
-1.544715 -10.571751 9.036763
0.666478 -11.953160 8.519844
-0.746181 -11.620188 2.046204
-0.051219 -11.249651 1.641040
-2.756915 -7.547609 2.810803
6.291553 -4.667967 -3.528734
3.474863 -4.620502 -2.971485
3.979458 -3.710786 -1.260730
5.500234 -4.332589 -0.753468
4.053224 -3.364402 -0.643018
7.368292 -3.607401 -2.215793
12.658264 -6.065421 -0.309888
17.653862 -8.810081 2.832102
15.492810 -6.572347 0.947769
9.713372 -2.356140 -2.393141
11.959648 -3.450009 -2.751022
9.398631 -0.285820 0.414500
6.061587 -0.539850 2.627029
9.679111 -0.070800 1.467420
8.405996 1.442177 1.424790
13.328488 -0.862513 0.949466
11.444397 -5.563876 2.116070
14.788580 -5.486077 4.638562
7.356116 -11.048108 -6.106075
4.395556 -10.106940 -1.250518
4.200792 -5.970388 -3.705542
5.996975 -7.721693 -6.303947
2.188082 -7.622717 -5.811757
5.936512 -12.239705 -3.958190
3.475296 -3.737615 -0.553112
6.435147 -1.736942 -0.706497
5.900742 -0.743958 -2.449120
6.716732 -2.401412 -0.973253
6.160111 -1.385532 -3.495022
6.544643 -5.070129 -0.915630
7.122423 -3.521323 -1.803022
9.091355 -2.913671 -0.625958
5.753212 0.537460 -2.133527
9.896770 0.701734 1.403308
7.330729 0.316939 -3.964168
6.266226 -2.284446 -1.456661
4.156233 -6.362452 -3.645669
3.309492 -2.664833 -4.918155
3.238077 -3.138142 -3.545659
3.835732 -9.967488 -4.295288
5.530513 -8.695436 -4.497629
0.676435 -11.514196 -5.133121
-4.449058 -13.164967 -1.365195
-3.263180 -8.127013 -3.686455
-3.436311 -8.858481 -5.432511
-4.083433 -7.749720 -4.541724
-2.190591 -3.442107 -4.093850
-2.089128 -3.776337 -4.063734
-3.072051 -3.018326 -4.103804
-4.785083 -5.213580 -5.262952
0.049868 -4.790656 -5.829497
-0.359210 -5.171107 -6.010100
-1.700361 -3.008671 -5.284189
-2.433913 -2.078870 -3.790904
-2.499519 -4.244967 -3.009241
-3.229233 -2.271447 -3.040996
-2.174745 -1.638598 -3.473068
-0.560741 -0.489851 -4.088182
0.186778 0.961674 -3.064968
0.801341 0.209737 -3.290903
4.183407 1.081358 -1.906878
4.085886 0.745450 -1.437663
4.385515 1.384135 1.614916
4.007048 0.743696 -1.493809
-2.095878 0.971136 -2.755627
-2.244952 1.595971 -2.100474
-3.036222 5.089576 -5.868368
-0.974738 2.522823 -4.673513
1.958016 2.192089 -3.099183
0.664038 3.185613 -3.353874
-3.401481 2.360386 -3.057357
-0.837371 4.273185 -0.423380
-2.044205 5.881483 -0.253868
-0.735110 4.097550 0.969149
5.391627 2.479764 2.953979
6.600861 4.265696 2.243596
5.205937 4.396276 7.089796
1.696608 3.938912 7.295286
1.623524 3.978041 6.564244
1.573018 3.835056 8.985816
2.306314 5.288991 5.851551
-2.776339 1.428470 12.879812
0.475545 3.032404 8.414251
4.270094 3.781292 9.693588
5.422222 -4.357916 4.699293
4.471220 -4.821282 4.506729
3.233378 -6.105436 5.553050
3.642810 -4.321198 7.998024
3.151079 -7.265724 8.336857
5.083017 -4.184303 6.233169
3.651907 -6.679724 7.176448
1.306064 -4.051222 7.793287
0.850219 -5.360641 5.566813
3.864113 -3.052477 5.937545
-3.723287 -5.008596 1.997154
-3.771550 -1.568239 -2.305581
-3.040684 -1.983290 -4.109952
-1.517887 -3.767296 -5.612661
-0.148658 -1.459534 -5.379961
5.122005 -4.779332 -5.842724
3.258079 -6.080497 -2.099783
3.637787 -4.212248 -4.876220
4.097575 -4.891050 -2.408397
3.434181 -7.002676 -5.946169
4.074321 -3.365581 -1.528150
3.152594 -2.966212 -4.123263
3.165775 -3.469536 -2.921946
11.930618 -10.211251 -3.632808
5.221810 -12.239924 -4.040553
2.106810 -11.983256 -6.289977
1.665361 -8.918042 -5.092008
-0.165720 -6.993536 -6.148201
-0.561691 -6.334182 -7.384821
-3.340097 -3.804960 -5.851837
-2.856630 -3.740820 -3.849502
-2.594658 -5.502641 -2.682408
-2.145524 -6.527386 -2.418947
-3.095466 -6.593086 -4.709941
-2.138447 -5.677254 -4.311597
-4.115630 -4.017933 -8.260650
-4.037319 -5.966691 -8.469308
-1.291242 -7.660830 -5.386713
-3.500721 -2.893029 -5.120219
-3.135789 -2.268549 -1.509643
-2.143650 -2.128909 -1.548727
-2.522667 -4.184598 -1.697289
-3.142319 -4.632741 -4.189164
-2.840757 -8.120332 -4.598714
-2.356046 -6.859016 -3.444798
3.323009 -4.815865 -3.053631
3.493979 -4.064240 -2.151994
4.436844 -4.202685 -3.797494
3.779884 -4.145859 -2.469774
0.928451 -10.363526 -5.619202
0.876949 -7.037013 -8.235916
2.094545 -8.365496 -9.063254
0.914601 -6.501997 -7.633172
3.455987 -6.044515 -5.953978
0.708287 -3.906277 -6.720748
3.905219 -5.469993 -7.644074
2.497228 -2.687801 -5.168092
6.795406 -10.729277 -8.203929
3.281172 -5.398141 -5.391704
3.869138 -4.875779 -1.960080
3.541640 -6.250245 -0.534283
4.378179 -3.492508 -0.543147
3.585891 -4.938036 -1.146220
3.389687 -3.358399 -1.340841
3.612453 -4.673337 -1.220529
6.784722 -0.418519 -1.635572
5.444572 0.936802 -0.929198
4.598224 0.519435 2.160316
7.135921 -1.268999 6.554945
1.063293 -4.864526 5.198355
2.011979 -4.111223 8.370032
2.325599 -3.791237 7.131719
1.366032 -3.299335 5.156814
2.420882 -5.868572 7.325364
2.988911 -4.683662 5.905708
2.904198 -4.069603 5.424069
3.849630 -7.812007 5.513135
2.424628 -6.745924 6.365805
3.634151 -5.893069 4.687598
-0.945518 -3.734213 5.511210
-3.516614 -4.030645 -0.056578
-3.317598 -2.752476 -0.823936
-3.762571 -6.094412 1.526000
0.147880 -3.919252 5.266333
-0.754272 -4.421295 7.319565
-5.897526 -5.598766 2.670115
-5.707957 -6.080007 3.625237
-2.406102 -3.083562 2.163494
-3.424848 -3.868065 1.009208
-2.900748 -6.242318 0.976415
-3.013519 -4.842877 3.076765
-4.271046 -3.513671 5.660096
-6.152341 -4.161592 2.235373
-5.895244 -7.086329 2.305830
-7.363046 -8.247849 5.177442
-4.404094 -7.272511 0.651678
-4.355200 -1.693458 0.498751
-3.673097 -5.475836 -0.135410
-5.205183 -3.457662 2.236422
-4.377136 -4.471489 1.480324
-4.485410 -3.164416 2.947810
-3.214169 -3.930628 7.872632
-2.982735 -3.257749 6.647974
-1.304005 -5.424207 6.026173
-1.886220 -6.734307 5.480383
-2.230660 -4.132547 6.319976
-2.487145 -3.957882 8.086719
1.577309 -3.973166 5.091420
0.736455 -3.846911 5.448502
-0.841155 -4.396927 5.888458
2.144388 -3.450616 8.391079
8.424826 -6.394928 5.402817
4.897322 -4.963247 6.424486
6.485049 -7.318429 5.505614
5.194196 -5.805163 6.671289
6.136192 0.150589 4.743464
5.973149 0.912899 4.578152
6.016678 -1.147451 4.797901
5.940671 -4.475309 5.787227
3.893443 -5.317194 4.751250
4.357122 -10.516487 5.339493
5.793088 -7.673882 4.538065
5.692492 -9.571932 4.993105
6.354051 -9.968310 -0.544673
7.813234 -6.597327 -4.887856
3.548753 -8.894617 -2.279526
3.612088 -12.942801 -2.991466
5.658194 -6.942993 -0.783476
4.088879 -10.054042 -0.874459
3.374370 -10.734936 -0.813102
4.448880 -14.467575 2.218338
5.238585 -10.738542 0.268967
6.623912 -10.677119 2.865154
2.425838 -16.089251 5.808843
6.024081 -11.464043 3.518805
6.919625 -12.534024 0.158293
7.272043 -15.264652 -3.045234
6.677258 -10.449576 -0.527691
4.686569 -7.312875 -1.586910
12.507654 -6.976132 -0.326747
6.658927 -4.972886 -1.973536
9.131587 -3.351526 -3.863839
7.677085 -5.197249 -0.729579
4.640664 -3.982345 -1.329839
3.228917 -4.774200 -3.320559
4.787213 -7.597908 -3.583283
2.097127 -6.956736 -5.950281
5.107144 -11.595766 -4.906996
3.188034 -7.116525 -2.846937
3.335299 -5.794208 -6.674298
4.792396 -5.714452 -3.166595
1.647326 -5.680371 -7.648719
0.846745 -3.812937 -6.326407
-3.167761 -3.198354 -5.946718
-3.340495 -3.348848 -4.421240
-2.705375 -4.583603 -5.297433
1.459744 -2.752221 -5.770405
3.160005 -5.949473 -0.996418
5.265831 -13.910244 -0.121443
3.057205 -13.813128 -3.084631
1.561525 -11.527243 1.764017
3.096525 -4.777244 -0.858425
3.153961 -3.832718 -2.329661
3.149312 -3.767388 -1.205244
5.066909 -5.640686 -6.417244
3.516047 -3.052728 -4.843957
3.244766 -5.877635 -2.173428
3.745970 -9.710711 -5.588825
1.773838 -12.191444 -9.851437
0.273485 -9.312551 -5.210080
-4.548991 -8.250997 -5.520801
-2.332853 -6.371075 -5.690494
-2.821494 -4.717624 -9.308187
-3.635396 -2.966961 -6.122184
-1.980252 -4.586260 -4.347023
-1.926683 -4.623971 1.322528
-2.492979 -5.858949 1.570544
-4.364375 -6.307842 4.426618
-2.989969 -6.524158 6.243177
-1.544070 -4.655774 4.948361
-3.373350 -5.527201 5.111693
-2.891825 -4.819701 3.820580
-3.347072 -6.270988 0.920022
-2.032663 -4.524547 -3.480414
-2.232591 -4.708400 -3.891388
-3.952817 -3.931520 -1.299559
-3.391156 -6.167387 -1.072436
-5.041622 -6.822811 -3.032948
-3.344347 -4.066376 -1.876061
-2.691213 -3.175291 -3.713823
-2.245927 -3.164935 -3.321209
-2.106488 -3.658377 -4.395703
-1.843072 -2.523827 -8.331803
-0.607827 -6.268912 -7.351388
1.310775 -4.067289 -8.805713
1.823815 -4.864858 -5.540122
2.709244 -6.689763 -5.775694
0.109118 -6.152673 -8.313117
-2.055411 -5.290038 -7.177527
3.617355 -2.526478 -4.904653
3.297866 -0.666658 -3.816892
3.516144 -3.815863 -3.479200
3.987784 -5.071134 -5.266098
3.337668 -7.459859 -2.818742
3.749868 -6.889311 -0.747900
4.181132 -8.666626 -0.931779
4.348434 -6.701984 -3.452941
4.126407 -8.962334 -2.219418
3.099088 -4.235880 -2.211611
-5.130260 -7.431123 -3.356620
-7.438678 -7.634792 -8.183293
-2.448927 -5.903214 -4.724195
-0.003229 -7.783696 -5.649655
1.634616 -6.172871 -5.723443
-0.076156 -4.917922 -6.645863
-0.560260 -5.994465 -9.072736
1.351036 -2.991906 -6.793621
1.684601 -4.824625 -9.535049
2.801824 -2.617131 -5.840498
4.605930 -7.485429 -0.859154
5.992238 -7.204563 -1.221179
4.315670 -6.377296 -0.842904
5.285454 -5.198633 -1.589249
4.171766 -3.284719 -3.116370
3.205377 -3.834069 -0.821849
3.161719 -2.159630 -1.413517
5.101387 -3.629371 -0.963568
3.422891 -11.053566 1.202644
4.284989 -10.674234 -4.085010
3.250680 -5.113915 -4.205258
3.983365 -5.771865 -1.523379
4.671500 -11.998080 -0.512565
3.299500 -9.274790 -2.284896
3.156962 -6.958327 -1.491203
3.546036 -2.275369 -3.877226
3.471183 -4.008899 -3.094652
1.202154 -3.757220 -5.817289
-0.002425 -5.634252 -5.851793
1.454991 -6.778514 -5.405746
2.261478 -5.080897 -5.362913
-0.140222 -6.993752 -5.890702
-0.566538 -7.111165 -5.095122
1.365790 -6.414765 -7.071851
1.627786 -6.548413 -5.697699
2.792211 -8.129029 -5.579882
3.915191 -11.387954 -5.540959
6.068605 -10.011554 -3.032476
4.783199 -5.630813 -0.709777
4.347371 -7.182859 -1.058971
4.612881 -4.360347 -2.902708
6.177717 -4.818285 -1.447995
4.533298 -3.189378 -1.314701
7.099135 -11.138152 3.631598
4.186548 -8.258546 5.584375
4.077972 -8.820604 5.774067
-2.558874 -4.520449 2.560704
-2.239877 -5.767234 4.184771
6.139215 -7.091819 6.516143
11.435196 -0.499635 0.003409
9.147195 0.654908 0.336097
10.309833 -3.824110 -1.081490
5.381705 -3.764605 -0.892416
13.299889 -6.712450 8.643936
14.557039 -10.106143 6.100186
9.324767 -9.064241 8.079623
3.493747 -6.932103 5.306919
2.375748 -6.985554 7.182188
4.518344 -7.392780 5.406157
2.343427 -8.074604 6.925972
-0.738105 -5.205729 4.974367
-1.406670 -6.256232 5.200452
0.535951 -7.103347 6.610651
5.870126 -5.630775 9.310186
7.197227 -6.217465 6.794008
9.904367 -8.596548 4.692416
12.175462 -10.329989 3.848854
12.452368 -8.054601 -0.373023
9.625262 -5.409529 -0.614182
7.013176 -4.611022 -0.689275
5.842740 -5.578683 -2.472041
1.004650 -4.052995 5.768961
4.068042 -2.989981 4.771863
3.911173 -3.217229 5.818875
7.990586 -9.581908 5.385477
13.505526 -5.645061 -1.051355
4.374383 -4.332354 -0.780730
11.365953 -4.152015 2.020784
6.882233 -8.052306 -0.711717
5.716672 -2.500979 -2.898797
8.457413 -6.709022 -1.692776
8.585369 -10.819706 -0.469966
4.755782 -9.897321 -1.339028
5.429532 -3.861189 -1.085913
7.053939 -5.135369 -0.513319
6.103038 -2.972244 -4.466780
3.758056 -3.430442 -1.295647
6.512033 -8.398963 -2.261466
3.493793 -5.021790 -1.815422
4.566152 -5.670172 -2.147046
5.943542 -5.029752 -0.841235
3.272616 -4.301453 -4.132871
2.596539 -5.991113 -9.322160
7.293110 -15.533601 1.938646
4.012181 -10.725394 0.336134
2.617116 -10.877766 2.957488
5.907979 -15.427954 -1.005539
4.426994 -7.166671 -2.333518
4.890115 -8.151490 -3.179617
6.572803 -3.490041 -3.573380
6.940139 -3.828686 -3.838409
5.745881 -7.165331 -3.253941
3.436618 -10.826550 -3.444692
3.488524 -9.185449 -2.040968
7.200985 -7.119289 -1.284824
15.968806 -4.916371 -1.900231
7.639502 -7.057514 -0.610169
5.404737 -4.043445 -2.886331
3.646393 -4.798047 -0.704118
4.178588 -4.748718 4.681884
5.677599 -3.154103 7.926908
1.591648 -3.154350 7.501221
7.080091 -4.690608 6.049794
5.141949 -6.247173 6.613235
7.268764 -3.649940 4.502861
1.392863 -4.966842 5.146478
2.455330 -8.313840 5.221638
2.816483 -6.914021 5.983503
-1.078441 -3.745810 5.868089
-3.171654 -5.647442 4.038948
-3.059815 -6.378999 8.190860
0.558242 -3.155151 5.547111
-1.105736 -4.206482 5.078297
0.049009 -6.811996 5.747489
5.187140 -2.857247 7.051543
5.950116 -2.226566 4.978596
4.825493 -1.912215 5.583868
4.670031 0.368372 3.888293
0.799424 -4.737488 4.975012
-0.468442 -4.986508 6.355158
0.954044 -5.143987 6.335496
-1.417648 -4.656968 5.335251
0.615012 -5.831470 6.398280
-1.972832 -3.260399 1.051659
3.466085 -4.814373 -0.983861
3.182394 -4.559730 -4.214710
3.279959 -4.627418 -3.228489
3.501357 -3.947238 -3.114526
-2.200503 -5.501217 -4.092930
-2.640625 -2.136978 -2.822228
1.547021 -5.509664 -5.659748
4.707830 -3.180537 -1.522900
8.606981 -3.322818 -1.963371
9.047915 -5.683476 -1.005488
9.232892 -9.499868 4.596782
4.036290 -3.710706 -2.213183
5.036917 -3.921556 -1.729693
4.735004 -3.723710 -2.335129
5.366392 -4.047912 -2.024897
7.891633 -1.688988 -0.817101
6.189004 -1.838507 -1.188210
5.017890 -1.014277 -1.547990
7.448289 0.815639 0.519878
6.094579 0.929386 -3.547781
4.521160 0.357514 -1.467281
5.293386 0.652667 0.135992
5.974292 1.402976 0.073908
7.206450 0.905418 -0.958030
4.788963 -3.697121 -0.828094
5.641298 -4.443828 -1.461660
11.586606 -1.058550 1.236149
16.414515 -1.145688 1.222689
12.553928 0.458387 1.434916
9.818856 0.305543 -1.354505
10.047653 2.092664 -3.594827
10.594948 -0.589979 -3.241047
7.781651 -0.347390 0.162175
6.163241 -0.289657 2.155983
5.472147 1.534474 3.267662
5.663661 -0.939492 4.966683
5.565910 -1.803998 7.295567
1.368153 -5.930295 7.507514
0.515125 -4.106756 8.104000
4.762366 -4.559907 8.842845
5.041317 -2.314806 6.217478
5.005425 -5.273819 7.749722
5.841833 2.532520 5.829962
4.763547 1.087182 1.411623
5.798130 0.101122 3.708200
5.283995 0.370418 7.257979
3.095124 4.289218 8.905580
2.282196 2.849800 4.087772
2.939215 2.881090 4.169061
2.755672 3.842952 8.399919
0.778769 2.398281 5.378226
1.118669 2.589147 3.259787
-6.143724 -0.030788 0.002289
-4.359377 -0.152379 -0.636068
-5.979493 -2.480352 -0.014315
-5.565190 -3.262659 2.468200
-3.306995 -3.430781 5.531003
4.384186 -3.757006 8.272878
3.627202 -4.591553 5.452346
3.947846 -5.520129 5.894365
6.580613 -4.002707 7.240669
6.440749 -7.208439 6.513311
6.701088 -2.558273 4.688821
4.029759 -3.874998 5.927726
6.240809 -2.753484 5.371128
6.069956 -2.269699 6.511961
4.507329 -2.908041 5.968149
7.090957 -3.483444 6.869477
4.677372 -9.786125 14.609674
8.857334 -11.328156 9.040641
6.726313 -10.282255 5.089973
7.873863 -6.569109 6.202725
5.467355 -3.829626 4.720934
7.360831 -6.090394 7.461127
8.864719 -7.659541 4.796413
4.356544 -4.623335 6.518624
6.646626 -4.783672 7.044076
4.060783 -3.083678 4.956786
1.500368 -3.574808 5.508579
0.235668 -4.229141 6.396605
0.748408 2.952318 8.334836
-4.231243 -2.900810 6.348819
-3.857980 -4.806939 6.319324
-2.236062 -5.267937 8.391920
-1.264813 3.147011 8.760021
0.455814 3.065185 8.542716
-0.994511 2.190805 7.826854
-0.155153 3.385775 6.398558
-1.988221 1.348782 15.458567
-0.689801 -3.129870 -7.081995
2.426520 -1.242316 -6.257968
1.602524 -3.823014 -5.867703
3.185294 -10.105635 -6.368176
5.112477 -11.290729 0.603837
0.896733 -7.207787 5.253859
0.433851 -5.177842 6.224214
-1.648979 -2.967465 6.033768
-2.426233 -5.097179 4.650364
-4.542916 -3.419981 2.474791
-6.303404 -3.328244 1.838741
-7.157071 -1.364471 3.288652
-6.973802 -0.101949 1.127025
1.444415 2.346913 6.047037
-4.452968 -3.817888 4.578144
-5.999118 -0.830638 4.945435
-6.746350 -0.759437 4.126513
-3.897199 -3.748550 7.975526
-0.964821 -4.659618 8.311405
-0.580927 -4.398221 5.449539
-2.497639 -2.958459 7.400480
-0.593288 -3.900870 6.602222
-1.323215 -5.018380 6.752771
-0.340206 -3.155316 9.224349
-0.874393 -5.219023 5.638511
0.874524 -6.161441 8.616640
4.666205 -5.646197 9.488786
4.429213 -2.211987 6.901352
5.250965 -6.177114 8.403645
4.441966 -2.970496 5.620581
4.961043 -4.219315 6.722576
4.581153 -2.369060 8.823238
5.085196 -1.389751 5.302067
3.817960 -4.086077 6.498965
3.240789 -3.768384 5.001775
5.540704 -6.263127 4.819257
5.533067 1.334775 0.228619
5.922385 3.157550 4.315130
5.742976 0.517177 3.540211
4.476440 -0.318295 3.676038
-3.286568 -3.744482 9.528255
-3.331356 -6.614635 6.289016
3.636720 -2.937971 4.863605
6.902041 -7.717818 6.477376
5.174303 -5.006757 4.841374
3.605356 -3.240688 5.073313
4.032111 -7.359027 8.315980
3.543327 -4.462520 6.569227
6.467497 -4.115103 -1.508258
6.676035 -7.841159 -1.628918
6.050685 -2.252615 -3.108590
3.083714 -2.971610 -2.596726
3.992109 -4.444477 -2.246302
6.617133 -6.671679 -3.027700
5.237637 -4.046721 -2.247203
3.577947 -4.015010 -0.849128
6.600449 -12.227358 -1.536023
4.095584 -10.850594 -4.913658
-3.172378 -7.271538 -7.618413
-1.744237 -9.466466 -6.062981
-4.398788 -14.597944 0.648283
2.547402 -11.043156 4.086345
7.002028 -13.244962 6.177283
3.051858 -8.287876 4.925176
3.382534 -3.680326 4.817916
6.442162 -4.900662 5.760913
4.415841 -7.558553 5.424050
3.425995 -4.251688 5.017655
4.340114 -4.195986 6.890440
4.609954 -2.106097 5.593604
5.470204 -3.702157 5.776206
2.882078 -3.493514 5.623349
5.766213 -2.683594 6.505150
4.535024 -0.506451 6.808404
5.100208 -1.401598 7.130797
4.036002 -4.797953 6.914895
3.140485 -3.094022 7.344706
2.463820 -4.222785 8.578440
4.136785 -1.825628 14.491393
-1.113330 -6.108322 9.444886
0.709549 -3.060186 5.925950
3.714092 -0.498821 13.131474
3.817736 -1.836141 11.929688
4.983487 -0.893982 7.133689
4.821198 -1.776883 5.740018
8.401263 -5.810507 5.310177
5.983447 -7.993297 6.752894
8.503471 -6.001150 12.602798
5.471269 -2.706743 9.528291
3.186714 -3.920557 4.912605
0.779197 -5.013868 7.532272
-0.324071 -3.770141 5.018479
1.544445 -5.924328 8.235861
3.713013 -10.192994 7.227259
3.264270 -4.386932 4.739964
3.487468 -3.067469 5.912801
0.617564 -4.788761 6.855089
3.639135 -9.732221 8.471409
1.341330 -13.672312 7.773550
