15.474216 11.386764 14.106663
11.995209 14.364598 16.629753
13.709687 3.175056 15.263383
7.287733 7.243478 9.790575
7.276303 5.670716 9.303700
16.885750 9.768147 11.956214
9.295471 6.683502 7.475321
10.652862 11.774403 2.419441
14.622435 9.698515 7.334918
13.871343 11.953701 9.665659
2.384621 8.945688 0.513621
0.934226 6.617398 1.274524
6.942297 8.453568 5.123701
6.171636 6.220895 4.460752
6.257927 11.019502 5.059299
4.150361 7.759747 6.925533
3.176685 7.358883 11.475968
5.043002 6.474961 6.867967
5.397487 6.364091 7.790056
7.424674 6.652543 5.700603
7.885428 5.068233 9.566792
4.154777 3.330376 4.642693
1.248862 5.922831 6.898079
2.421020 3.580255 5.856610
1.977795 3.823421 6.416178
1.423942 2.126176 4.914003
5.892089 3.390135 7.993638
6.116073 9.668516 12.183052
-18.151566 12.655449 1.213419
