-14.468212 -2.770217 -16.595051
-6.763957 -2.161624 -7.375700
-2.909167 1.194002 -5.341138
2.175718 4.925709 -5.519116
3.372591 4.137727 -5.442225
3.698048 2.396527 -3.775341
2.023135 0.447257 -4.661068
2.889889 1.309860 0.407000
5.642399 1.295743 -1.177077
2.268981 1.178784 -0.028219
1.780482 1.644357 -4.612198
3.126961 4.012734 -5.505842
0.927181 4.550449 -9.423450
0.365285 2.952230 -9.254867
3.713661 2.088313 -6.329304
2.906655 2.086673 -4.760129
4.107055 3.633481 -3.973224
4.363241 1.679995 -3.790974
3.898849 3.379310 -3.894778
3.751923 2.839626 -4.024595
2.971040 -0.425529 -2.931660
4.999671 0.499008 -2.152828
7.251065 0.662242 -2.172527
4.679869 0.928912 -1.345237
1.562855 1.526487 -1.869207
1.659230 0.771027 -2.932444
1.583681 1.587864 -4.387638
1.621835 1.967249 -5.561811
0.493192 1.613153 -3.701550
1.170227 2.512897 -3.284073
1.364228 1.709203 -3.693279
2.978096 2.846820 -4.811248
1.417154 3.452133 -3.550309
0.027964 2.421031 -4.095650
-0.887770 0.917280 -2.548343
-0.456875 3.113975 -2.426870
-2.589881 1.803458 -5.323553
0.690722 2.108021 -4.356104
1.841241 2.118458 -3.320353
1.154129 2.200831 -3.104089
-0.468324 5.235363 -5.188377
1.949609 3.503042 -4.274104
3.430158 2.244972 -3.628520
2.007990 3.674045 -4.184548
-1.013508 4.298258 -3.844861
2.498452 1.942086 -3.216604
4.469355 2.313255 -3.035972
2.901754 1.577327 -5.691356
3.247734 1.198868 -2.656531
2.392222 0.145738 -1.694035
1.558433 1.022079 -1.785979
2.630057 1.237698 -2.302874
0.554461 0.995562 -4.568265
1.288958 1.756521 -3.231023
3.572537 4.893294 -4.546505
2.673326 2.720846 -4.742951
5.380468 0.721845 -2.285958
5.437916 1.277549 -0.504561
4.070907 1.280664 -1.147678
1.588778 0.753459 -3.719938
1.029161 2.169390 -3.212159
0.019728 2.724640 -3.068882
0.945670 0.803674 -3.963635
3.902932 4.475562 -5.207735
2.091908 5.045080 -3.607467
9.593261 4.745106 -6.102715
10.776211 7.728424 -2.376106
10.188139 4.123693 0.968980
10.056830 7.797084 0.984381
3.164690 6.902811 3.088045
1.542835 10.434950 4.184900
7.202761 3.396453 2.106117
7.167040 2.780785 2.315681
4.410056 7.150789 2.683245
4.344886 4.838584 2.275449
16.505812 8.118700 11.526061
17.955963 13.595006 11.932190
