-1.149485 8.326834 10.266722
3.806047 3.753641 8.244290
5.025415 0.166092 3.492988
5.310758 0.264850 4.452687
5.664474 0.769922 4.095510
4.811633 0.172005 2.745078
6.790108 -0.099835 6.316842
5.888087 -3.651989 8.742792
6.524206 -8.411071 5.112979
4.062522 -4.649596 6.521162
2.306677 -5.553273 7.996811
9.943026 -6.009536 13.508951
11.018507 -4.522801 12.631280
5.106014 -2.682673 14.947099
5.301281 -7.606429 6.951500
9.014190 -7.281098 7.328599
4.321804 -4.312470 5.136097
7.235445 -3.313024 7.447505
6.151859 -6.228192 9.216999
7.708362 -5.608625 11.052092
13.298013 -8.880089 9.637089
5.888148 -6.430588 6.039389
7.189863 -5.745662 4.906060
5.170616 -2.224301 4.742567
5.904263 -1.033356 4.866241
5.008853 1.599478 4.380535
4.843737 0.225035 3.973099
4.528422 0.687794 4.184738
4.505680 -2.671759 8.212754
6.122565 -0.585844 4.972661
4.916006 0.739420 3.744410
7.102747 -2.248580 5.751344
5.972989 -3.245422 10.518732
6.678415 1.353933 11.144084
5.518444 -4.020833 7.646213
3.841005 -7.455223 8.782372
5.548678 0.664745 9.071177
4.689107 -3.104055 13.125736
10.350986 -1.537350 12.755211
13.292315 -2.671271 12.775087
2.781391 -6.997400 5.099582
4.920422 -5.344613 -1.410723
4.736542 -6.340552 -3.405583
5.088576 -5.305172 6.461186
5.819492 -2.942374 -1.888754
5.424676 -0.993157 4.714628
4.817421 -2.330023 6.296065
4.320587 -1.951479 5.181598
7.036764 0.041964 9.826945
6.384508 1.135855 7.429179
4.505757 -1.456645 7.076173
3.869189 -8.345695 7.485447
3.267579 -8.298035 7.751255
-3.316392 -7.739190 6.323817
-2.053848 -9.111628 2.722296
-2.416373 -8.330018 4.114298
-3.998235 -5.478219 1.889396
-3.754002 -3.837869 -2.923761
-2.942592 -3.543849 -3.318057
-2.129837 -4.529394 -1.907737
-0.562092 -4.537706 -5.092018
-3.743256 -4.983535 1.625310
-2.786769 -5.159787 1.817522
3.658438 -2.706477 -3.854294
3.262078 -1.262151 -2.561209
6.541870 -1.846678 -1.432090
2.473076 -10.838799 0.792676
5.800617 -12.210880 -2.836012
2.501404 -5.504502 5.484196
2.793473 -5.780751 8.291131
2.599610 -3.618698 8.741060
-4.340266 3.466199 6.812963
-7.070960 -0.705720 -0.395916
-4.510550 -1.426985 -0.256723
-2.660675 -3.195739 5.281672
-4.589278 -4.395663 6.741327
-6.445553 -0.440514 6.316421
-5.743668 -0.674150 5.698222
-6.536178 -7.604944 4.944220
-4.497968 -5.209211 6.682557
-3.381639 -4.388995 8.862885
-3.556194 -4.185352 5.730502
-1.860205 -5.859668 4.929224
-2.029786 -6.786730 4.005331
-3.601192 -5.084396 2.814738
-2.044222 -3.768775 0.228805
1.720189 -6.794664 6.685787
0.208066 -4.099325 6.419730
1.672381 -7.098061 6.485098
4.263151 -6.156452 11.731483
1.141491 -7.475940 6.844222
9.835204 -6.624810 6.765552
10.985004 -10.587715 9.956365
8.539920 -11.014400 11.007474
10.174886 -6.930271 6.476482
2.821066 -5.718680 5.518254
7.870886 -6.435896 5.660895
4.146062 -2.943892 4.530811
2.907489 -5.454729 5.577302
0.547767 -4.527699 5.245362
-0.321176 -8.354488 9.633034
-1.884665 -7.899271 6.583304
-3.442277 -5.921762 1.819285
-3.449927 -4.271383 -2.099257
-2.803608 -2.235003 0.672867
-2.598184 -3.400002 -2.204325
-4.245981 -6.073771 -0.781090
-2.732969 -5.376131 -2.913677
-2.165587 -5.745165 0.614396
-6.463418 -5.504336 4.826137
-7.683631 -2.027854 3.488732
-6.416818 -0.754786 2.047590
-6.525214 -0.345691 1.909012
-7.902843 3.101325 -0.199127
-4.363281 2.667914 0.872852
-4.648925 3.191425 2.124980
0.316964 3.283983 4.318762
1.610478 2.979245 7.338905
0.716524 2.140638 4.566076
5.336220 2.307962 2.000973
5.625804 2.313196 2.672233
2.311435 4.151839 3.837220
3.885599 3.473832 2.537867
6.571709 1.083519 1.535072
5.760062 0.298107 1.331713
4.750156 -0.140333 2.604866
4.647577 1.900513 2.703954
4.968241 0.750110 4.383071
5.507473 0.409248 7.325430
4.379751 0.488847 5.943032
4.398503 -0.620141 5.840857
5.044250 0.112268 3.966160
3.483643 -9.960122 -0.582844
7.204328 -10.731992 3.477154
12.681650 -12.989321 5.157493
5.439749 -4.987997 -3.812968
3.375821 -3.429637 -2.687222
4.588402 -5.640871 -7.259600
4.114451 -2.226498 -1.802359
4.677660 -11.842833 2.491127
3.485729 -4.613400 4.542335
3.052637 -4.064396 5.359592
2.030141 -5.441993 5.418945
4.153085 -9.146159 8.859807
2.299129 -4.634187 6.284813
1.260138 -4.432540 7.265687
3.103332 -4.574466 5.834401
2.299487 -3.609092 4.971502
2.507658 -3.556232 5.379869
-0.791746 -8.082829 6.273741
-2.594847 -6.179470 6.204498
-2.081935 -6.422275 3.167930
-2.329623 -4.196157 6.168122
-3.290934 -7.524635 2.002068
-1.977524 -5.049675 0.761108
-7.591306 -9.407137 1.059823
-2.370787 -5.471097 2.590529
0.374163 -5.667915 -5.368668
-0.803344 -4.759031 -6.463161
-0.805911 -3.203704 -7.458034
-2.107867 -4.965371 -5.181256
2.166338 -4.543252 5.027189
1.920533 -5.169408 6.449149
1.278651 -6.209414 5.177103
0.724488 -10.573075 10.352460
-0.395529 -3.287898 5.161445
1.046196 -3.349608 9.152066
1.682549 -3.948561 5.610435
5.241085 -7.271582 4.788473
3.827216 -5.006523 6.867208
-0.293754 -4.236979 5.648271
2.171511 -4.702122 5.146767
3.355452 -3.321564 5.453238
5.904246 -4.396466 8.649487
6.380105 0.673777 10.051921
4.844321 -0.718768 11.008744
3.366262 1.188615 12.176025
-1.391130 3.065799 5.795279
-3.824243 3.682943 7.834200
1.302467 2.227673 4.623074
0.341143 -4.459888 9.709229
2.634785 -3.707972 6.246924
4.650236 -3.060869 5.940474
6.006411 -4.226107 5.286190
6.014403 -3.543141 6.685832
0.918705 -4.054882 5.067595
1.036404 -4.076049 6.359295
3.035417 -3.367735 5.949269
2.688610 -6.524771 6.399515
2.495954 -6.378033 6.075624
4.321076 -4.208559 4.721404
4.986471 -3.577375 4.875173
4.672507 -3.043963 4.514663
6.803183 -2.605049 5.805779
4.652655 -2.631241 5.955153
7.188358 -2.728793 4.739067
4.956020 -2.898836 5.398394
4.512539 -1.981412 6.020362
5.838284 -2.242830 5.105945
6.547081 4.810315 3.142677
14.686982 10.533444 -0.216312
8.274389 9.766408 -5.887280
