-14.112647 11.519108 -15.522476
-14.091198 5.610240 -9.367385
-9.417686 4.009830 -8.564842
-8.437015 6.338001 -4.693499
-13.611614 5.710845 -11.055304
-7.882071 5.227605 -9.209927
-6.503340 4.458177 -7.915086
-13.222885 7.960470 -10.589118
-17.395189 1.695140 -11.186103
-18.740023 2.748910 -20.913628
-11.588623 4.073849 -18.515778
-14.588372 6.177301 -17.030437
-9.678525 -2.550920 -14.009574
-7.921853 0.878995 -13.058636
-10.906263 5.016371 -12.035336
-16.300455 3.553430 -12.109900
-14.202267 8.788536 -6.996497
-16.888098 8.033140 -6.344730
-16.407917 3.088537 -5.577340
-17.890072 5.671999 -8.659078
-7.921746 5.105530 -8.565011
-5.117131 2.436814 -10.651391
-7.524994 6.987189 -12.184971
-2.690122 5.425120 -9.217059
-5.376780 0.613534 -12.645362
-5.836150 -3.255269 -19.080147
