-2.391230 5.439789 1.728507
-0.603280 2.957964 -1.467653
-1.626269 2.327996 -0.973580
-0.397902 1.940504 -3.302377
2.003193 2.407333 -3.654513
3.503585 3.734361 -4.308236
2.635979 3.344344 -3.606870
2.794461 1.830076 -3.406815
2.615323 2.171947 -4.075726
4.120646 4.050401 -4.209835
1.452731 2.184656 -3.095688
2.625854 0.388818 -4.459088
1.438429 1.398735 -2.521221
2.486061 1.420667 -1.882578
2.237623 0.512302 -1.541770
4.253870 0.477657 -3.470661
1.486315 2.588394 -3.145415
1.162381 2.121609 -3.370809
-0.292826 2.778851 -3.049302
1.470249 2.618873 -4.056890
2.903096 1.972562 -3.390388
0.251736 5.685164 -5.942353
2.841907 6.771400 -2.480431
5.101923 6.643204 -5.233796
8.616405 10.140331 -1.979215
