15.137830 18.856180 -11.326674
7.696265 8.757082 -0.886339
3.827704 6.966075 0.943221
1.722702 8.655870 2.651452
3.613879 5.815314 2.168287
2.828257 4.818202 2.346951
1.367510 5.936485 2.968204
-1.580607 7.167322 1.007790
-1.917076 5.677677 -0.111730
-2.245816 4.433358 0.787310
-1.679109 4.170682 -0.140683
-1.249968 2.829464 0.533774
-1.629586 2.365124 0.523511
-0.870898 3.251855 0.268071
-0.657194 5.442439 1.317993
-0.799992 5.099403 4.267064
2.474647 2.123814 4.637604
4.090262 3.039167 4.063331
2.099708 3.329501 3.466830
0.331930 3.780493 2.301081
-0.630700 2.362709 2.438993
1.857059 3.527273 2.433632
0.809191 4.389709 2.267446
1.990886 4.696091 2.550304
-0.299562 4.093916 5.936980
-2.353225 4.058771 4.948568
-3.092554 3.939599 7.568480
-9.423061 -0.205266 4.279885
-6.720389 -1.178019 6.974478
-9.650423 4.244259 3.934180
-9.766161 1.071564 3.752999
-9.639778 -4.744325 2.090803
-7.516184 0.309280 5.050352
-10.454809 -0.697228 6.336919
-9.830667 -1.037236 6.542063
-7.794616 1.034438 6.285167
-8.079359 -0.514541 7.320444
-11.449074 -2.201663 6.335583
-7.825188 -4.832411 1.358313
-5.299809 -3.557642 1.546952
-5.313351 -0.672821 0.679494
-6.494954 -0.202592 0.587677
-5.855002 -1.339252 2.475823
-6.091693 -1.152445 4.494146
-6.891142 0.513778 2.209371
-6.607189 -1.169817 2.699152
-5.100779 2.376104 6.300959
-4.588719 5.318983 5.828340
-4.090592 7.336910 4.843295
-7.534534 0.013392 7.615165
-5.599723 3.551382 4.768065
-6.212741 2.088298 6.816290
-11.598786 1.070295 5.404234
-8.550298 2.736093 6.624680
-12.918562 3.999974 6.638778
-9.147511 4.793750 9.775520
-6.997009 5.804481 9.438923
-5.261469 4.998435 4.945842
-9.888853 -0.181076 5.660404
-5.978160 0.354093 5.030934
-11.509660 3.143364 3.951966
-5.866976 -1.293566 1.928294
-6.380724 -0.414928 3.045713
-7.417599 -0.955395 5.745483
-11.000257 -0.511932 3.113016
-8.035255 1.298555 4.304618
-11.098145 2.959896 6.832005
-13.918508 12.376354 9.962389
-8.210919 4.790705 12.238038
-3.088189 5.342196 12.200605
-2.366976 3.321299 14.388650
-0.809904 1.865987 12.534598
-1.187375 -3.667150 8.836864
4.323284 0.536224 5.402774
5.146729 -2.087189 5.091783
4.002750 -4.086703 -2.660601
5.279756 -6.639618 -2.328524
4.124019 -4.006061 -1.528241
4.831710 -0.624503 7.868605
1.860411 2.131753 6.964065
-1.274561 -4.494322 5.177855
0.341680 -3.235627 6.988263
0.217391 -3.298961 7.936140
-2.877981 4.459862 8.297683
-3.454042 2.847764 10.399156
5.315498 1.261500 7.431805
5.534484 0.140500 6.783134
5.239442 2.947678 8.973329
6.653037 3.386468 7.041984
2.413580 4.712818 7.741841
-0.857204 4.640101 8.113497
-2.249235 4.124726 6.395305
-1.891036 2.479864 6.258864
-0.881628 2.859371 8.200305
-1.447560 4.887352 5.364623
-2.210753 5.223786 5.735271
-0.201955 2.688229 2.923430
-0.716182 2.468573 2.827008
-2.164435 -1.924167 12.773145
-6.285743 -6.329937 8.611521
-2.279154 -4.344271 8.999953
-1.942902 -4.882652 5.470581
-3.550213 -5.022237 8.825355
-1.734570 -4.476161 8.999485
-4.709545 -3.754979 5.324255
-2.238412 -3.807891 5.203738
-1.912179 -5.867289 11.087430
-3.614594 -4.066764 7.884661
-4.519403 -3.707686 7.562338
-0.532151 -4.367860 6.013335
-5.793075 -6.198364 10.517141
-3.970873 -3.907919 5.618445
-5.418057 -5.139158 6.705658
-1.514668 -5.157397 7.645437
-2.995520 -5.343593 9.282251
1.510901 -3.680475 11.376724
0.786671 1.215479 11.441887
-0.214364 5.533228 7.723599
-1.798941 2.894987 4.953933
2.856070 -3.699719 5.914655
-4.185015 -5.531409 2.369913
-3.661828 -5.115759 1.512601
1.253996 -5.639545 6.731982
4.368593 -0.111112 3.236979
4.405046 -2.565300 4.860353
5.274441 -2.126882 6.202220
4.409880 -2.233673 4.926939
-4.450812 -7.190002 -1.110696
-2.374611 -11.072932 2.323144
-2.839561 -6.207966 2.469984
-0.899955 -11.217137 3.794879
-3.065974 -8.632931 2.429609
-2.283669 -3.226792 1.245915
-2.079959 -5.189710 0.494762
4.284023 -13.078520 3.408061
-1.515127 -12.784394 3.443769
3.245409 -10.070182 9.428977
-3.358531 -8.005322 6.291187
-1.854106 -8.269398 5.406540
-0.221600 -4.229203 -5.533137
-1.774005 -5.531981 -7.347386
3.977930 -7.118428 4.582252
0.614075 -2.957324 6.244287
1.268081 -3.033606 5.522482
1.298379 -4.169353 4.939305
5.010409 -3.891367 6.311551
0.167663 2.121208 6.990374
1.033187 5.070031 8.308347
-0.700780 3.546646 9.090677
-2.700653 3.477981 6.470954
-1.575972 2.611622 6.048656
-0.480668 2.635487 6.547022
-0.984767 2.985930 8.074834
-1.973498 2.847727 4.614201
-2.820864 2.437567 7.262839
-4.734020 4.257632 5.303142
-2.417037 2.428739 7.416959
-5.875082 0.296816 6.715959
-6.266069 2.774494 5.417526
-6.252344 1.813653 5.321157
-9.556819 6.932061 6.929009
-10.594036 5.546699 10.662861
-1.523859 -1.494030 11.085074
-1.250685 2.171001 15.962747
1.077060 4.785431 7.618583
-6.309762 7.155775 13.772607
-3.645068 -2.580128 13.618127
-1.067057 2.261123 6.553007
-4.967469 3.013115 6.962120
-4.265954 5.924215 6.662416
-2.877053 7.444962 7.672336
-5.810351 2.824805 6.912969
-6.269168 6.744167 5.770574
-8.263505 3.895002 19.239819
-6.681973 -0.984394 6.442632
-10.485971 0.580793 4.568357
-7.817172 -0.198240 5.128746
-11.912821 -1.629262 3.881003
-10.533995 -3.259125 6.212795
-8.187599 -3.029365 6.894916
-13.927761 -8.139316 5.351172
-13.740047 -7.920890 11.800862
-16.844172 -2.315779 19.762356
-12.797251 -8.883008 19.440958
-11.220441 -7.035471 16.502947
-14.536414 -7.012225 15.577893
-11.077316 -12.398730 18.716515
-8.005876 -8.390993 9.999710
-7.989071 -6.438664 6.299480
-6.223843 -2.111383 6.042584
-6.143361 -2.643228 3.057425
-7.112568 -5.968313 6.475399
-7.953376 -0.909557 6.446861
-6.010355 -1.588613 4.617750
-7.922986 -4.872132 5.560560
-5.659876 -3.047655 4.553828
-4.075772 -3.593090 6.403311
-4.188143 -3.161414 4.896924
-9.079319 -4.795354 5.231195
-8.914657 0.703738 5.081230
-6.169300 0.985650 0.786993
-5.864927 5.088747 6.622924
-9.278853 5.178039 4.058968
-8.032218 4.171674 6.404026
-16.578714 7.262180 10.652103
-14.620911 -2.387862 11.863646
-9.226575 -1.255795 7.253887
-8.234536 -0.186037 5.993402
-8.741172 -1.291831 6.448647
-12.207531 0.320508 2.925106
-12.700842 -2.557609 5.196320
-7.663446 0.749044 4.012699
-7.658487 -1.499013 6.480631
-8.004905 1.149199 3.859458
-6.914394 -0.989503 6.203355
-10.773017 -3.586770 6.985475
-6.130133 -2.971272 3.126184
-9.512496 -1.074926 2.622449
-9.364327 -3.251258 3.759997
-7.858495 1.510732 6.539116
-8.173819 -2.368167 7.407758
-5.611474 -3.092479 6.586541
-5.992346 -3.521469 5.587175
-4.954678 -9.271745 9.240833
-7.072804 -7.415967 13.390484
-3.720243 -14.408281 17.419159
