-7.499071 11.988675 0.155992
-3.767445 9.668097 0.164203
-0.378243 4.473351 2.772184
0.359408 2.704678 3.365391
2.511282 3.457516 3.455605
5.356077 1.417377 5.927106
3.592971 3.795741 6.962038
6.349567 1.550221 7.170957
6.433657 -0.969790 7.380782
1.039573 -3.001709 4.946985
3.171793 -2.912302 5.135561
3.231154 -3.882098 6.671546
1.128507 -3.444113 5.976511
0.817678 -2.940386 5.154235
0.499459 -4.002147 9.017628
1.460563 -5.208144 6.763898
3.222157 -3.617863 8.278256
0.433786 -4.470645 6.147944
-1.512339 -4.215598 7.867167
0.038109 -3.930031 5.231683
-0.111036 -5.635678 8.547213
-3.942930 -6.446512 13.090205
-1.445398 -4.724472 6.450500
-2.712552 -6.404198 4.201968
-0.706674 -3.971247 7.693632
0.630299 -3.949293 5.979587
-0.253432 -4.785294 6.518839
0.719098 -5.037040 6.842734
2.824602 -7.107137 10.949149
3.395823 -6.977564 10.810291
-0.028086 -4.126884 7.909121
3.397828 -6.021083 11.851049
5.387764 -0.956170 6.708760
4.265968 2.407379 6.159338
4.837344 1.942771 4.722059
6.795530 3.382147 8.293044
4.638522 -0.965096 5.991278
4.281838 -3.006339 5.829912
2.437970 -5.972852 6.072757
3.522680 -3.830028 4.732382
3.562352 -2.967236 6.452876
7.457730 -6.689348 11.615852
4.514508 -4.574541 7.296971
0.568854 -3.767796 8.156972
-0.057767 -3.581719 5.764775
-3.295956 -3.940253 5.564359
-1.454603 2.155019 3.500181
-3.506325 2.573796 3.957376
5.471164 -0.437490 7.957157
4.867635 -0.172518 3.296476
5.084856 1.158468 2.489758
3.808953 3.244777 4.165033
4.956891 4.408755 5.103539
5.482263 -1.320392 7.353246
4.211613 -5.349287 4.719752
4.454030 -6.567369 6.146401
-2.905595 -5.680283 -1.360626
-1.995686 -2.295069 -4.120656
-2.402872 -3.919857 -4.977151
-0.890312 -0.075082 -3.812483
-0.329181 0.790134 -4.074296
0.039078 1.350187 -3.763153
-1.110741 0.502853 -4.471623
-4.300815 -0.865904 -4.990383
-2.511458 -2.173615 -4.036375
-2.747978 -0.613823 -4.051893
-1.730511 -0.227299 -5.757245
-0.266787 -1.615747 -5.150939
0.124133 -1.132009 -5.468840
-0.999824 -1.546755 -7.599448
0.574940 -0.632812 -4.444868
-2.797732 -0.785799 -5.292821
-2.144192 -2.846980 -4.664067
-2.259675 -3.809687 2.270675
-5.654895 -2.887753 -0.816284
-6.029516 -0.365281 3.299604
-6.194827 -2.460637 2.799164
-5.342436 -3.277865 1.212073
-4.339622 -4.240694 1.853467
-3.198406 -4.440333 3.031433
-3.818986 -2.913486 4.534670
-3.559360 -3.086582 2.950268
-4.405635 -4.474562 5.551835
3.607114 -8.202717 5.260068
4.921105 -5.594132 5.239777
4.926219 -4.757884 4.945135
1.935717 -6.702061 7.407063
3.438988 -3.519665 6.883939
2.774773 -4.342595 5.928610
7.294789 -9.619044 7.773529
3.989338 -4.026169 6.465977
4.978601 -7.591244 6.140207
6.487689 -14.245694 5.720538
3.583932 -11.326296 -0.309740
6.724349 -14.022757 1.119706
5.785108 -8.073860 -2.815022
3.768319 -5.758565 -2.334298
4.703550 -2.432888 -3.241965
3.214483 -4.138717 -3.567504
0.472968 -6.882507 -6.080587
0.020893 -4.148751 -5.505237
-2.239000 -2.179899 -6.461114
-1.148995 -2.513689 -5.688858
0.689889 -6.633362 -5.304872
-2.459946 -1.643601 -3.120838
-2.673776 -0.944771 -3.601822
-2.886469 -2.003325 -3.201168
-2.541202 -4.558018 -2.860482
-3.446802 -4.899192 0.734049
-2.705310 -8.410896 4.622190
-2.385651 -9.976380 3.680439
-2.250932 -6.047069 2.114936
1.467834 -5.693124 7.634801
4.219201 -8.018348 7.784259
4.726449 -5.679707 5.292867
4.032818 -4.641070 -0.627899
3.198138 -10.464138 -1.416937
3.294517 -6.827860 -0.953490
4.777621 -5.067382 -1.412560
7.305678 -7.509031 -0.653843
3.453388 -7.048483 -3.291023
3.487893 -8.044645 -1.089333
4.946664 -8.169084 -2.276961
5.483575 -2.228846 -1.057244
5.922560 -8.703918 -2.479446
3.037232 -4.784099 5.789124
1.546663 -11.398199 7.385793
3.834453 -9.003770 5.772273
5.174086 -10.642735 2.705905
7.133028 -14.291550 0.858090
5.682848 -12.062052 -1.976536
3.350507 -10.053112 -1.101830
3.744108 -6.854311 -2.964214
3.415055 -5.958989 -1.395805
3.498111 -6.433774 -1.956231
3.274755 -6.730249 -1.926371
1.475787 -8.557362 5.322919
-5.238926 -9.515707 6.839681
-4.035738 -9.217339 0.370710
2.101125 -10.479162 7.620000
-0.141428 -10.426701 10.663246
0.879964 -10.826993 4.995013
-2.089824 -9.142996 1.670411
-2.014175 -5.968389 -0.456616
-2.115259 -9.771727 0.999795
-2.425385 -13.963416 2.078187
1.974867 -12.295967 1.742395
-3.683253 -4.393684 4.685918
-2.038146 -4.975883 3.735444
-2.426011 -5.895470 0.662898
-2.317042 -6.987432 -1.989369
-2.127128 -6.482171 1.830471
-3.195273 -5.281379 -2.280746
-5.502800 -8.513959 -1.592849
-0.636013 -10.139963 -8.765700
3.828104 -12.467676 -2.139783
9.540157 -10.771434 0.979921
13.024827 -11.985455 3.443166
15.492053 -10.579150 3.594798
10.003353 -13.780098 -0.206711
7.730118 -8.973519 -1.171850
6.550360 -7.320460 -1.755486
6.104802 -7.311863 -0.660887
-3.454098 -8.908669 -2.202137
-2.422174 -8.012277 -3.160771
5.539768 -8.375421 -1.026184
3.690187 -4.638687 4.547500
2.483352 -5.921175 6.476789
1.950647 -5.131416 5.301869
2.470321 -3.433378 5.020897
-0.405422 -6.348225 6.408216
-2.398689 -3.767111 3.693909
-2.191125 -3.859657 1.784755
-5.089425 -3.046350 1.207011
-3.753258 -3.136865 0.630243
-2.510091 -3.950886 0.629061
-3.079476 -4.661855 -0.223647
-3.728333 -5.864356 0.338699
4.396287 -12.122667 3.881133
6.288010 -14.418182 3.889475
3.796112 -7.280956 5.413147
-0.390267 -7.623404 6.447601
6.412878 -10.328197 9.197413
8.762276 -5.866707 8.495634
8.930902 -13.136572 6.783045
6.081129 -5.943315 6.587978
4.382026 -4.524084 6.409302
5.956944 -1.453449 4.562689
1.798959 -6.886985 6.916900
-1.571284 -5.222759 6.912689
0.918825 -5.794677 5.148108
4.007273 -4.461590 5.714992
3.409776 -4.039507 5.887588
3.168048 -3.238036 4.791993
8.669231 -7.011369 6.996455
16.776396 -9.303267 -0.930907
17.121536 -5.358890 0.579112
13.885871 1.566787 -5.478698
8.543457 -0.989240 -0.824306
7.192292 -0.593706 -2.643396
5.427336 -0.604317 0.797712
4.643703 1.465854 0.960680
5.951109 -0.366491 -1.188447
8.557673 1.009496 1.896953
5.832032 0.489294 1.159867
4.880661 1.211879 3.200383
4.359095 4.314736 2.353186
6.258848 4.659390 2.478036
6.841914 4.660249 2.777835
5.398088 9.179217 1.606220
3.134494 7.243278 -0.993330
0.607426 5.597512 -3.206979
0.806668 5.417114 -3.642270
1.626383 3.675954 -4.028191
2.440143 4.415248 -5.643414
0.094204 2.011514 -3.473628
2.891922 3.065371 -4.194728
4.182755 2.762477 -5.018375
2.483114 1.840152 -4.313690
8.016534 4.214699 -5.393039
5.777402 2.310726 -3.926950
5.863888 3.826797 -3.693856
4.562675 4.172093 -3.859327
3.926794 4.022893 -3.618155
6.099008 2.154872 -4.217326
5.549380 2.338979 -3.412655
11.724490 3.931049 -0.239735
10.540423 2.204332 -0.806550
10.898714 4.119050 0.038960
1.719427 1.870918 -4.328071
2.515455 0.840308 -4.387953
7.147593 1.195488 -0.486976
6.895933 1.283828 -0.027042
4.400223 0.244500 -0.657712
5.006962 1.217035 2.238178
5.551032 1.398615 0.837231
8.478040 0.684297 -1.071229
6.138274 0.754331 0.437254
7.067410 0.057612 -1.468157
5.004631 -1.732634 -2.322578
10.106176 2.430281 -0.848425
12.621673 5.054508 -1.241128
11.494481 8.713253 7.106785
13.158218 7.309591 6.132411
10.802226 6.206594 1.521598
10.886504 5.599786 -1.389097
10.268852 7.763617 -3.238220
8.321207 6.367816 -3.602970
5.407826 5.191839 -4.274982
2.920880 4.677099 -4.612023
2.570562 4.228028 -3.222279
3.075946 4.538890 -4.009535
2.459799 2.299579 -3.852279
3.943246 2.476403 -3.705268
1.313035 4.143345 -3.799780
-1.245485 3.000767 -3.851959
1.506124 0.904947 -7.261868
7.285178 5.835346 -3.860610
9.548754 2.612224 -3.275826
7.165340 3.320615 -4.079963
7.108170 4.249070 -3.213998
4.803292 3.616557 -3.396439
8.778426 4.510373 -3.378923
9.749129 3.068437 -0.368467
5.242501 -5.009029 -2.362684
6.035151 -3.331943 -2.434625
7.350340 -3.564224 -1.774761
8.713251 0.668880 -3.561478
6.594843 0.113067 -0.009909
7.044837 1.450601 -1.683756
4.679731 1.398196 -1.250780
5.066432 0.174469 -1.364578
5.154301 -0.267405 -1.318727
5.713026 1.215312 -2.053173
5.156390 0.448332 1.410663
4.804978 -0.165518 -0.933265
3.119747 -3.200590 -2.295359
4.811847 -3.605239 -4.082211
2.519584 -6.834857 -5.575720
3.925131 -8.253163 -3.223939
3.557287 -5.094196 -2.886696
3.081256 -5.913112 -3.468044
4.401094 -3.527833 -0.567959
3.477239 -4.201846 -0.886552
-3.458333 -3.119895 1.786499
-2.874928 -4.830006 1.922217
-2.080305 -4.649379 1.589754
-2.772744 -4.438902 2.420775
-2.232032 -7.903136 4.286494
-3.232090 -12.041925 5.220421
-3.712498 -5.790228 0.762454
3.107321 -8.576678 5.010019
7.655529 -4.478873 -1.823180
7.376289 -4.685896 -1.437565
3.239103 -10.564020 -2.644117
3.254194 -5.668512 -2.419022
-4.015623 -4.682235 6.725913
-2.488314 -5.546857 4.807466
-1.940458 -3.448548 -1.052088
-2.390295 -6.169913 -3.444349
-3.038828 -4.263486 -2.578790
-1.926987 -6.345429 -4.892980
-4.438123 -4.420841 -6.639663
-1.684496 -6.592297 -5.599646
-1.167635 -9.984133 -5.425606
-0.571432 -5.961189 -6.241518
3.024985 -9.305677 -5.774607
4.404203 -7.947629 -0.845729
5.390015 -5.803460 -1.227558
0.302837 -4.372907 5.351069
3.640281 -7.732383 4.671477
5.583220 -6.581444 -1.696695
5.104073 -8.501425 -2.497605
3.826248 -6.063558 -0.737658
2.304853 -5.595817 5.533741
2.406310 -11.649470 8.821462
3.049484 -8.499639 7.622949
0.519564 -6.431626 5.606899
5.387396 -7.006706 5.314274
6.904882 -7.744348 4.923421
6.105029 -2.310736 5.504292
7.129964 -2.902814 7.825057
6.588573 -2.759138 7.293427
0.723006 -3.308474 6.272163
0.138549 -3.725152 5.094531
-0.950206 -7.285042 5.034733
-6.852531 -5.399152 4.027903
-3.637156 -3.508510 1.996328
-3.448956 -5.891990 0.817648
-3.782000 -3.232531 4.540655
-2.601456 -5.517972 3.660057
-3.387460 -3.503625 4.029893
-2.036949 -3.279315 4.036025
-2.415085 -7.013849 8.405833
-2.618436 -8.038999 5.882824
0.409555 -6.171779 5.882936
-2.003875 -5.380318 0.470256
-2.269648 -4.389109 1.537375
-3.195994 -6.257125 3.776111
-3.272271 -8.339092 2.251292
-2.294071 -5.548922 3.122324
-1.448563 -11.981076 8.811250
-1.251317 -11.413380 11.236378
-0.771676 -5.264481 5.043047
-4.789818 -5.946099 4.234011
-6.100561 -6.294546 2.782052
-2.768483 -9.180009 3.218578
-4.564901 -7.476172 2.647002
-3.944340 -6.109397 1.357259
-5.448285 -8.864479 3.180432
-4.454062 -3.983675 2.345857
-2.087782 -3.494293 2.314456
-4.651807 -3.903382 -0.194882
-2.964641 -1.625615 -0.827512
-4.566216 -1.087128 0.077984
-5.462876 1.263516 0.242542
-7.169268 0.402592 1.995409
-7.286401 3.479088 2.544822
-5.817362 -0.992046 1.310156
-6.731899 -1.196691 2.399225
-6.709408 -2.158398 4.160021
-4.191330 -1.842309 -0.186227
-4.631483 -2.268687 -0.025069
-3.322385 -1.883251 0.435080
-6.011137 -4.054730 2.665413
-3.251308 -6.621875 2.181537
-2.898279 -4.305640 0.716475
1.153318 -6.865835 5.052186
2.286216 -4.388642 6.571653
7.090184 -5.441964 4.590958
7.206176 -5.139212 4.950844
3.843208 -5.547967 4.838410
5.255661 0.834006 5.298739
5.530301 0.272853 3.886009
6.293952 0.015087 3.229420
4.541523 1.046685 3.065601
4.691750 -1.879277 4.936337
6.542956 1.259144 4.346341
10.944449 1.977532 1.379667
12.753393 -3.699850 -2.218678
5.756330 -5.276072 -1.555018
9.393658 -2.146308 -1.231248
7.669240 -1.073099 -0.681026
14.258716 -1.684200 -2.938470
16.052618 -0.266586 1.661545
9.239532 -0.198271 0.777057
7.667006 -0.482783 -0.011904
7.596049 1.177165 -0.778922
10.249340 -0.980032 -1.583459
5.788439 -4.369871 -0.994165
4.302729 -4.234550 -2.050590
6.768180 -3.175516 -6.440893
3.448526 -3.961277 -3.484005
-2.568901 -4.073312 -3.032595
-3.455521 -2.703853 -1.926986
-2.897043 -1.902814 -2.437199
-2.882136 -3.713197 -4.590950
-2.030341 -3.306502 -2.503710
-3.578000 -4.043287 -4.425678
-3.327683 -4.378825 -4.562263
-2.269466 -3.767129 -2.155833
-2.759539 -4.555443 2.751431
-4.178947 -5.521253 4.813636
-0.934137 -5.172564 6.275470
0.013769 -5.894488 5.717645
0.839383 -6.101542 5.951266
1.861808 -5.170786 5.879737
2.895115 -4.075741 4.976578
4.853119 -4.565680 4.896271
6.590580 -4.693940 5.467778
8.008195 -7.273290 8.376808
4.737619 -3.920801 8.403200
7.663998 -4.516057 12.851365
3.258343 -3.659674 10.536306
8.465952 -6.273782 7.380595
12.756575 -8.058243 3.898877
12.237361 -4.399830 -1.392294
16.175018 -10.275825 3.143675
19.417931 -8.392562 2.447844
17.363920 -1.776233 13.280232
