9.701119 -5.857625 13.473332
8.425362 -7.610228 11.302812
5.479748 -4.564810 8.198628
6.919057 -2.687162 5.125748
5.309555 3.232368 3.524556
2.439494 2.998452 3.986312
5.924702 2.434384 2.367397
5.890604 0.457658 6.128762
5.540757 -1.853048 7.492929
3.688455 -5.269680 8.279783
1.154042 -9.683563 13.046519
-1.341450 -4.722274 9.176003
-3.191822 -6.065904 1.874939
-2.689834 -5.747816 3.265179
-2.073447 -7.624769 2.554242
-2.218744 -5.851099 2.131689
-3.714772 -5.809918 3.636133
-2.331139 -9.046755 5.673652
-2.208273 -7.124042 2.694068
-3.680185 -10.581188 3.166266
-4.011909 -5.949372 -0.290479
-3.504335 -6.363393 0.149999
-3.478868 -5.761885 -2.900740
0.451783 -11.727334 -1.736119
4.015647 -11.793126 -1.331758
4.201703 -6.050468 -1.457879
8.232546 -5.027761 -1.311077
4.722292 -6.735647 -2.979984
4.306399 -7.932657 -3.346206
4.549775 -3.441120 -1.469237
4.806821 -1.383109 -1.183608
3.135785 -1.950039 -3.041874
1.266516 -2.858869 -5.113988
0.002046 -0.375619 -5.572329
-0.798652 0.516211 -5.198328
-0.905086 1.746922 -9.934567
0.303859 -4.606772 -5.672447
0.493547 -0.570202 -5.337544
0.573060 -0.942373 -5.918178
-1.961316 -0.369080 -3.800257
-1.594036 -0.284229 -3.437185
-1.135185 -0.717927 -4.429064
-2.829580 -0.126470 -4.730280
-0.514340 -0.431067 -4.768127
0.333959 -1.577926 -6.095839
4.036928 -4.208823 -6.853091
3.350760 -3.717600 -4.286672
2.442704 -2.869557 -6.403038
-0.003895 -3.465776 -5.115120
1.086984 -3.297909 -5.236249
-3.388382 -3.114397 -5.646148
-2.091512 -0.346618 -4.284072
-1.096648 -0.433616 -3.050500
-2.181591 -3.405410 -2.856116
-2.071638 -3.904925 -4.921459
-2.110603 -1.146614 -3.892789
-2.006749 -2.710662 -3.292407
1.189669 -3.563153 -5.238043
1.810244 -4.531077 -6.972889
1.530105 -5.978154 -6.904498
6.107439 -5.820411 -5.096274
1.891750 -2.397538 -6.825077
-0.224398 -0.624946 -3.880835
0.535933 -0.333417 -4.540244
-0.209207 -0.549981 -2.744019
-1.802364 -0.714304 -2.703997
-2.883013 -0.483201 -6.054514
-1.852503 -0.424054 -6.059018
-0.750300 -1.016600 -6.098610
0.034617 -0.442678 -6.112192
0.927084 -1.470862 -5.783546
-1.638495 -2.609055 -5.225170
-1.650791 -3.125742 -5.277937
-1.663367 -4.296715 -5.971325
-3.840577 -5.604164 -5.131184
-1.862132 -6.495976 -5.902142
-3.747123 -9.693040 -4.127013
-3.980299 -6.472817 -4.196770
-5.148536 -5.259730 -2.255262
-1.342849 -7.427140 -6.746695
-2.945736 -5.798897 -3.914547
-4.469393 -4.637374 -4.536687
-0.659506 -5.474383 -5.791640
-1.058282 -5.104532 -5.251898
-1.812216 -4.336794 -5.415156
-0.862142 -3.684257 -5.572474
-2.969528 -4.525262 -2.451726
-2.623039 -5.048347 0.677775
4.060290 -6.479180 -0.731486
3.374935 -4.616202 -0.741722
3.087931 -6.465549 5.465229
3.813753 -5.378739 4.602227
4.535140 -5.089566 4.897033
3.300496 -8.079225 -4.899789
3.389790 -4.391447 -1.930571
3.801185 -4.403606 -2.668012
4.494112 -3.941278 -0.622308
4.461359 -3.434009 -4.625529
2.584821 -4.887883 -5.464118
1.492722 -3.449741 -5.549891
1.107907 -8.238049 -5.766082
-1.751352 -4.495219 -5.091029
-3.763199 -3.350219 -6.755852
-3.284743 -4.850723 -4.374571
-2.038373 -3.992870 0.710995
-2.872596 -5.089705 2.106907
0.980424 -5.472782 -7.591333
0.136331 -5.922427 -7.166687
2.924845 -3.431607 -6.148212
1.378511 -6.132562 -7.115936
1.342182 -8.954279 -7.424579
4.182789 -6.142635 -8.175711
3.274472 -6.043322 -4.622396
3.127677 -2.461508 -3.240393
3.904674 -5.137991 -5.018281
3.136437 -4.613021 -3.442987
5.367141 -7.759748 -1.915924
7.137232 -6.423728 -1.655358
5.557264 -3.396050 -2.764910
5.888577 -3.721186 -1.615345
5.543533 -8.249616 4.974995
4.201684 -7.982316 7.348223
4.562747 -4.794278 5.479543
6.958112 -7.259212 5.967759
2.446450 -4.338316 5.028919
1.993943 -4.375393 5.503570
5.376440 -2.692304 6.249292
3.982809 -5.629448 -0.605148
3.194041 -5.605217 -0.717327
5.342636 -4.532876 -0.817543
8.627000 -13.460018 -1.324138
6.268159 -13.732638 -5.115248
7.433053 -9.244721 -1.872927
5.033719 -2.711035 -1.282488
5.178172 -0.616114 1.460497
6.463340 1.194292 3.838801
3.503948 -2.354881 -3.117235
4.041433 -4.986382 -1.935566
3.372249 -4.950580 -0.994135
4.301485 -3.521818 -0.738788
4.705812 -6.821066 -0.725094
5.681516 -4.587869 -2.079071
5.065009 -7.405812 -1.828894
0.114147 -5.605580 8.895885
0.964234 -5.354324 7.445382
3.423895 -6.311303 5.880490
3.802510 -6.192469 5.316016
2.060419 -4.090343 5.354648
5.670465 -6.805523 4.649570
5.384156 -8.938102 4.701673
7.373432 -9.708532 6.826285
8.018547 -7.494977 5.248465
3.717756 -5.118259 -0.992023
4.391026 -3.373709 -1.329947
4.340479 -5.113849 -1.775445
3.887746 -4.259151 -0.555484
5.116467 -10.724309 0.742000
3.389007 -13.344468 2.837898
5.670206 -14.480047 -0.809566
3.893230 -10.649386 0.924492
0.783833 -11.365088 -2.295706
5.680775 -10.391265 -4.652677
5.221151 -7.952078 -2.281426
-1.581192 -4.483340 -6.206407
-0.383860 -7.971135 -5.725867
3.406406 -4.706036 -2.855874
-2.391276 -9.332634 0.369628
-4.434894 -6.223090 2.640876
-4.306242 -4.716870 3.638473
-2.354200 -3.886118 0.834334
-2.381240 -6.266859 1.784666
-2.467722 -4.453527 0.768957
3.993710 -7.849507 -0.540197
6.038680 -11.649598 2.857426
2.718492 -9.754628 6.274797
3.103406 -5.809135 7.695068
2.968976 -6.380854 9.455162
4.639303 -4.690127 5.364020
1.662742 -4.202353 9.568748
-0.733026 -5.022150 6.493015
2.545346 -6.959360 7.587710
0.482618 -6.492347 7.761571
6.083451 -10.899834 3.881254
1.506809 -11.393432 10.570838
1.406955 -7.930643 7.205254
4.873778 -6.949423 4.762355
2.982594 -5.094249 4.955300
6.060548 -8.057770 -0.599187
5.586951 -5.700675 -5.287639
4.451120 -6.471908 -1.498709
6.251674 -6.820886 -5.588090
4.206268 -6.292671 -4.677316
3.758204 -5.777583 -3.350189
5.767318 -6.377289 -0.639480
5.618245 -5.288978 -0.994873
6.915483 -7.896127 -3.310002
7.849467 -6.994546 4.780229
8.378394 -8.332458 10.597622
5.726777 -5.643808 5.333876
4.315463 -6.857470 4.661097
2.449683 -6.713149 6.833641
6.061152 -4.468325 5.308063
4.367434 -4.731727 7.248923
3.890778 -3.197725 5.659541
2.811377 -3.111845 5.501452
2.442277 -3.759242 5.228008
2.307617 -7.496527 15.236833
3.389287 -4.968940 9.555075
4.450570 -1.587317 6.267731
5.249597 -1.738208 5.538803
3.714997 -3.971622 4.611717
7.023375 -6.126566 -1.995689
6.035619 -5.499078 -4.098750
11.812268 -6.745914 3.148302
5.340382 -6.107622 -2.276163
5.139723 -4.961732 -1.814813
6.474915 -6.031385 -1.799851
6.005738 -9.628498 -1.717114
7.840060 -6.267057 -1.116715
8.355525 -7.901128 -2.298229
8.393459 -7.934107 -1.614031
8.218763 -9.556813 -0.685408
8.624163 -11.871312 -1.480197
4.933173 -11.818911 0.242899
13.629019 -15.251659 1.968777
18.930906 -12.770947 -1.634817
6.822948 -11.441864 -3.208546
7.406521 -5.845650 -1.715283
10.781076 -5.554009 -4.230135
5.721092 -7.733335 -1.704701
5.166807 -10.986989 -0.903274
4.097800 -2.855986 -1.631054
3.369036 -1.613602 -1.079930
5.369612 -1.093770 -1.628140
6.392244 -1.930005 -2.992152
4.690855 -4.689987 -0.551313
6.604534 -3.074654 -1.984233
5.443167 -4.682610 -4.218448
4.703928 -5.210361 -3.165961
14.060803 -2.022865 -1.962077
19.080305 -4.085793 -13.521030
