18.404432 0.035279 2.793662
8.059037 -0.158323 -4.966739
9.411477 0.945567 -3.285362
9.842618 -1.707994 -1.466578
7.217537 -3.139244 -1.332061
4.729384 -1.688621 -1.542396
5.248077 -4.247571 4.531545
8.736759 -8.002334 9.623425
10.153450 -9.050536 6.617184
5.590287 -4.047089 5.362543
3.110186 -2.907004 4.804691
1.439142 -8.781925 5.240181
1.478115 -9.114525 6.008457
10.395757 -16.878706 10.301977
4.656829 -4.095898 7.213320
2.695506 -4.356605 5.408526
3.192818 -3.458403 5.309171
4.247303 -3.134500 4.953317
4.354175 -3.275711 6.307183
4.438215 -0.851373 5.313641
7.258091 -4.204818 4.514558
5.482111 -3.928176 6.612037
5.516645 -5.184020 4.528147
4.268148 -4.820225 4.561261
3.943641 -3.989879 4.921274
2.374432 -4.681915 6.610528
0.653561 -4.431409 5.820931
1.018591 -6.226539 7.467126
2.354326 -4.391477 5.808530
0.773250 -3.443020 5.103190
4.738584 -0.465411 2.170215
4.568349 -0.546732 -0.179023
6.621137 -0.241482 1.879980
7.512823 0.561209 1.162505
3.287864 -2.377577 -1.128647
4.210743 -4.089506 -3.066042
3.885135 -1.911808 -1.858800
3.375896 -5.368115 -2.574838
4.119552 -5.508520 -5.109241
4.079711 -8.252296 -0.561004
3.333387 -3.124353 -1.966303
3.090646 -2.888351 -2.114178
4.623815 -5.092740 -2.324337
-3.016227 -4.270646 2.070781
-3.813668 -4.460938 0.839524
-4.572912 -7.031437 4.290959
-5.682993 -3.150020 2.626500
-4.292706 -4.359367 2.942928
-2.171756 -4.136810 5.027573
-3.509849 -7.552118 6.143694
4.645497 -4.418673 6.054598
6.340584 -6.055375 7.594365
4.145780 -5.697842 6.328620
4.811634 -0.398257 5.312881
4.930773 -1.181420 4.577379
6.153347 2.061085 6.285758
4.326627 1.513907 1.998006
9.204195 -0.325864 1.435003
6.309413 0.994252 -1.401080
5.723926 -2.870359 -3.244014
7.037029 1.136206 -3.174000
5.374258 0.329916 1.145957
4.441092 -0.238997 -0.033442
5.867214 0.176813 -5.426360
4.248171 -2.151899 -2.466069
3.082353 -4.354009 -5.076863
3.923075 -3.155787 -5.083394
2.311181 -3.897281 -6.236826
-0.826113 -5.320129 -6.932760
-3.679880 -6.571960 -5.192225
1.961409 -3.516160 -6.697990
0.638361 -2.986310 -5.219360
1.301251 -6.760026 -7.634618
-2.849126 -5.200637 -4.787542
-2.377794 -8.494110 -5.377252
-0.713814 -6.194500 -5.544216
1.532630 -6.496562 -5.806618
0.305178 -4.361999 -5.500164
-1.510082 -1.568866 -6.121005
-2.355631 -2.512680 -4.591198
-2.699485 -3.821022 -1.868868
-4.116631 -3.301209 -1.755893
-2.185302 -4.025008 -4.705030
-2.787027 -3.807750 -2.417607
-3.335157 -5.288261 0.789661
-3.060826 -5.985757 -4.252557
-2.467773 -6.177696 -3.165567
-1.977404 -4.210163 -1.458684
-0.785660 -6.424311 -6.961639
-5.021556 -18.219952 -7.398925
3.146186 -9.486625 -3.184766
3.469156 -4.367774 -0.938445
-2.325196 -7.578683 -4.566030
-2.671809 -8.030027 -2.228133
-0.192107 -12.594169 -0.394556
1.536820 -12.176915 4.008142
4.809623 -2.006504 -2.418830
4.444884 -2.728921 -0.942583
3.481829 -4.837781 -1.572350
3.731857 -6.743819 -1.423059
4.307697 -11.048021 -4.348553
3.292916 -6.080873 -1.379460
4.074868 -6.221172 -6.047779
-1.527972 -14.720528 -5.614488
3.485355 -9.196692 -5.695961
3.927322 -7.990571 -3.911865
4.195386 -8.518448 -4.349617
4.450284 -10.428121 -8.159956
3.920269 -8.747028 -3.800222
4.365684 -2.090948 -0.711158
3.882555 -3.314417 -0.876994
3.671165 -6.027926 -1.802571
4.374312 -10.420571 -0.631029
-2.110233 -14.273086 -0.307058
0.248736 -11.839099 -7.009207
2.974509 -8.994383 -5.827395
3.657799 -6.217902 -1.214153
5.002599 -8.647494 -4.751915
1.232671 -13.671336 -1.877651
-2.863929 -13.152331 -6.634039
-4.321950 -8.372740 -1.244703
-4.829668 -7.154753 -1.371697
-4.288371 -8.279719 0.112816
-2.617822 -6.364712 2.986722
-3.968579 -6.633301 5.534875
-2.892316 -9.493807 8.889422
2.450546 -5.048772 5.414454
3.845856 -3.741151 4.536600
3.642426 -3.019458 4.821850
3.137170 -6.650150 6.104356
3.919083 -6.188233 4.557634
3.751471 -4.854454 -1.130677
2.131646 -3.856390 5.418427
-3.675869 -11.025048 2.315522
4.135963 -16.819489 -0.666688
5.704316 -11.624740 -2.450864
4.024278 -7.159919 -1.316115
6.036546 -6.593145 5.965788
-2.150858 -3.384237 -1.914508
-2.002075 -3.751318 -3.006340
-1.925490 -7.583818 1.540591
-2.870440 -7.154789 0.937191
-4.741710 -7.038193 1.426554
3.493876 -6.027521 -2.669997
3.904064 -7.278835 -2.946115
4.168033 -7.863924 -3.513680
3.191197 -10.149776 -1.012402
5.574850 -11.399890 -3.812722
7.401721 -10.034990 -7.571706
5.557496 -10.906653 0.078752
7.405079 -9.449162 -1.839559
8.784522 -8.557611 -3.229652
9.557785 -7.823795 -2.510727
7.496066 -6.973717 -2.433412
-2.891138 -5.896536 -1.620164
-2.971380 -3.647072 -1.996317
-2.958964 -9.774879 -5.363727
-0.847602 -11.720017 -5.557615
6.012390 -5.139220 -2.193836
7.466043 -0.988982 -1.059638
8.380212 0.867177 0.019293
8.546281 0.612564 -1.594813
7.381131 0.510020 -1.425597
11.614554 1.335005 -1.948133
11.210790 -1.759831 -0.219707
12.679383 0.491622 -0.929754
7.977905 0.532526 -0.351063
10.091122 -0.727424 -1.390818
6.201430 -1.862918 -2.392419
8.578678 -1.557192 -3.289499
9.892578 -0.577244 -0.824583
11.400823 -4.988052 -2.808154
9.691548 -1.813814 -1.581823
13.387786 -4.980215 0.521683
12.443064 -4.551480 0.653384
11.886191 -1.950982 1.218572
11.946896 -4.105687 -1.232692
6.902878 -4.263144 -2.062672
7.784472 -2.680717 -1.060558
3.269728 -4.091555 -3.205353
7.552118 -6.195280 -6.019768
2.168844 -1.286937 -6.425208
-2.344867 -3.176783 -6.429658
-0.731205 -4.329573 -5.669268
-0.135641 -6.227962 -5.902803
3.049860 -2.914172 -5.127643
0.324586 -2.139192 -6.384963
1.229405 -3.762625 -6.512455
2.344130 -6.742251 -8.295062
2.395443 -5.046221 -7.061960
-0.541716 -4.102404 -6.937291
-1.019143 -2.480782 -5.811284
-0.138220 -5.029706 -5.463550
-2.750798 -7.440412 -5.986118
-2.710811 -4.644998 -4.384502
-2.633236 -4.264718 -3.215611
-3.222219 -5.843596 -4.736123
-2.484530 -3.931525 -3.156113
-1.987727 -3.809469 -6.610394
-1.749057 -5.385465 -7.640304
-2.391839 -3.220694 -4.590471
-3.125324 -2.396501 -4.416927
-1.732127 -3.746292 -5.762625
-0.027223 -4.611650 -6.291858
-1.827046 -8.422766 -5.529592
-4.928940 -7.008966 -1.419562
-3.232134 -7.636951 -1.621250
-2.238852 -3.246032 5.770940
-2.156289 -3.185610 6.198536
-5.158856 -4.990906 6.957621
2.476601 -5.048382 5.193812
4.866840 -7.394920 8.692114
5.425597 -6.699831 7.668582
5.500011 -6.013241 4.643386
1.531171 -5.016517 5.178530
4.096358 -4.942606 5.402520
6.581853 -8.198970 9.692103
3.722225 -6.300312 7.945065
4.333003 -3.521683 4.978603
6.140417 -1.686983 6.567746
6.275015 -3.252175 6.110948
6.819192 -4.300440 6.608173
5.715805 -2.474203 5.096243
5.280449 -0.584272 2.445949
5.775244 -0.326207 1.302022
7.898069 -5.844276 -4.017913
8.612725 -5.805370 -3.013947
6.957479 -6.490199 5.095456
5.137392 -5.825445 5.749147
4.918709 -5.141211 4.986737
4.699034 -0.763851 4.511696
4.395933 0.034052 6.190229
4.584369 -2.560566 7.138354
5.429629 0.616138 7.500529
3.903517 -3.114787 -1.731207
4.523095 -3.175818 -1.720537
4.030694 -5.067260 -3.650845
5.794525 -4.459342 -3.269423
3.286183 -7.385758 -2.600595
4.492175 -4.371780 -7.626359
1.045477 -5.245306 -5.489937
2.292962 -4.525569 -5.292323
3.188293 -7.419724 -4.409452
3.349750 -7.934890 7.019104
-2.119928 -4.712203 -4.139281
-3.451760 -6.384506 -4.906092
-3.296473 -5.506690 -5.756002
3.646509 -6.486417 -4.098084
3.665419 -5.471201 -1.686881
3.256984 -3.202371 -0.937154
5.204815 -6.780767 -4.618191
3.509828 -6.982215 -5.529595
0.024915 -5.021502 -6.084213
1.037382 -5.773952 -5.523593
-2.043470 -5.650014 -7.020565
-0.861029 -3.493184 -5.160392
1.969708 -2.126985 -6.182981
4.024273 -3.483802 -4.705113
3.357579 -4.920854 -2.183784
3.550315 -5.724100 -2.127539
4.116988 -4.025774 -3.098219
3.579865 -4.396993 -1.310489
4.892669 -7.287358 -4.480938
3.505013 -3.917141 -2.479289
5.858265 -5.685746 -2.167879
4.161282 -7.015175 -2.704553
2.568267 -5.016771 -5.920013
0.872015 -7.316040 -5.872587
-3.043124 -4.622079 -4.405102
-2.748774 -3.949247 -3.681791
-2.695751 -4.468488 -5.460145
-2.184761 -4.645041 -2.429326
-2.510736 -2.212059 -2.643274
-3.035140 -4.462242 -1.771482
-3.533179 -4.901681 -1.392133
-2.613537 -6.879219 0.960596
-2.049873 -6.779841 1.879685
-3.816378 -6.060786 2.728362
-5.479035 -8.012924 7.019384
0.517798 -6.723711 5.089133
-0.001078 -3.389085 5.883346
6.141846 -2.721745 7.231863
4.383931 -3.616698 11.304517
5.799751 -1.892489 10.102537
5.842210 -0.269457 9.808654
4.259787 -4.508825 4.588593
6.745521 -4.024440 4.659503
0.847397 -8.883205 11.593436
-1.439415 -4.521576 4.977335
0.961502 -4.305607 6.372223
0.535473 -5.980053 5.009669
-3.637691 -4.536419 3.916878
-2.635931 -3.558716 1.000779
-4.489135 -5.683255 2.095636
-1.970091 -4.760639 -2.637949
-2.212113 -7.281171 -6.360074
-2.825388 -6.836514 -4.047894
-2.889104 -4.177324 -5.630726
-1.948056 -3.726611 -3.092531
1.509482 -5.983840 -8.658927
6.380266 -10.375904 -7.994808
3.563118 -6.097173 -4.321177
2.850309 -13.226369 -2.834110
4.959765 -4.587484 -6.333861
3.455270 -6.128686 -8.135888
3.781742 -5.975916 -7.031502
0.277253 -6.101222 -5.614925
5.825469 -6.902962 -5.326227
4.578343 -7.425829 -3.430996
3.352429 -6.581663 -1.963218
4.064720 -3.493268 -2.823215
4.641207 -4.951859 -0.736434
3.689803 -4.043985 -1.702596
-2.328856 -3.209845 -2.645584
-2.327971 -3.146819 -3.013958
-2.754522 -4.572382 -2.399101
-3.347945 -6.545407 -1.898120
-2.606421 -2.064392 -0.756644
-3.292245 -4.018517 -1.698230
-2.819992 -4.014767 -2.867329
-1.949876 -1.508410 -4.268490
-3.297117 -3.701572 -8.973194
-1.615424 -2.747578 -6.193891
-3.507529 -2.315317 -3.866708
-0.121462 -5.739360 -8.046882
1.263769 -1.642924 -9.579800
6.043571 -6.571706 -0.861643
5.409140 -6.232236 -0.545227
1.591526 -4.493928 5.294850
9.323180 -5.688239 6.230832
4.785353 -6.053914 4.871189
3.385710 -3.543447 4.727652
1.303890 -4.988384 5.300169
4.506254 -6.157793 4.620908
1.088302 -7.617224 6.640768
3.852798 -7.227954 6.668058
-0.174586 -12.108540 5.215414
-0.009335 -7.501689 6.261982
3.476653 -5.191970 5.513831
1.481393 -10.329328 4.951904
6.048534 -8.070488 4.951237
8.947305 -7.786417 5.270698
5.371994 -4.953484 -4.027105
4.734014 -5.746107 -1.916760
7.696897 -9.113306 -2.411712
4.942530 -7.114182 -3.250254
6.148472 -7.579434 -3.267138
4.645112 -8.786747 -4.965765
3.741266 -5.390251 -1.649842
2.700056 -10.838519 -1.448861
4.888495 -10.982074 1.584398
4.915079 -11.508934 1.938586
-0.420139 -13.871194 -6.759789
0.467873 -13.833643 0.872531
-3.607337 -5.210694 0.405549
-2.085429 -8.920714 4.631236
-0.340425 -9.781205 5.201954
-2.506001 -6.317767 2.211880
-3.342031 -5.075489 1.964254
-4.585648 -4.529378 0.029607
-4.835691 -5.540894 -1.501545
-2.825364 -3.553264 -0.112754
-3.671489 -5.898433 -0.736058
-3.901646 -6.900640 -2.803632
-1.463187 -12.837369 -3.042619
-5.564796 -8.547859 -4.566684
-4.742743 -12.053438 -0.249356
-0.646308 -11.109649 -3.237778
3.616259 -9.771527 -0.735925
5.913738 -7.794956 -3.925785
2.138902 -6.367119 -5.649155
0.763039 -6.749044 -7.577903
0.137456 -2.514442 -5.544597
0.009553 -4.623031 -5.250992
1.460149 -1.792335 -5.566751
0.837595 -0.656668 -5.033872
2.828265 -8.334016 -6.976645
3.639147 -3.640045 -5.664384
1.237027 -7.948392 -6.669749
-0.390311 -5.602878 -5.094095
3.347167 -1.885339 -5.157079
3.565711 -3.875358 -3.402548
5.923632 -5.431108 -1.479817
3.254126 -5.487919 -0.626694
-2.825212 -4.639541 2.007151
-4.831475 -4.204959 -0.378477
1.468036 -6.929506 6.829337
3.429821 -5.218288 6.210224
2.113042 -5.311447 5.911495
4.516362 -6.932940 6.696167
4.132964 -6.666636 5.586329
10.192830 -8.592434 6.836356
13.201724 -7.662999 2.723835
11.933850 -9.142730 -1.789302
6.016349 -9.507278 -1.327217
6.027136 -8.756575 -2.243510
4.074195 -7.828617 -0.831144
10.725573 -12.966455 -1.230831
3.219108 -7.186801 -1.842321
4.522433 -6.122274 -0.905199
4.535710 -7.775067 -1.686475
4.015063 -5.297094 -1.739899
5.693241 -5.724043 -1.312875
9.216953 -2.957744 -4.939689
3.547292 -6.984038 -1.169369
10.077012 -0.534397 0.615556
-3.596608 -4.789305 -0.444763
-3.136008 -2.728300 -2.326255
13.737894 -7.397100 5.709516
12.507288 -7.356428 -1.758519
12.029387 -2.427151 2.063269
11.610126 0.024845 -2.310230
5.063612 -5.158986 -2.094118
5.576805 -6.354029 -0.618898
5.156232 -7.054362 -0.679168
5.030083 -7.854658 -1.294484
4.449049 -10.857717 -3.307665
4.416212 -10.081016 -4.327288
8.236710 -8.392985 -1.190333
7.637232 -5.421570 -1.076147
6.039422 -4.688490 -1.507056
6.504561 -3.512567 -0.800028
1.034701 -4.989989 6.218450
1.105665 -4.999536 7.543114
1.907062 -5.969771 7.230475
3.957800 -7.420186 7.177026
3.605091 -7.716238 6.007878
4.834264 -6.830700 7.176326
2.822268 -4.328728 6.494267
4.266795 -3.665433 7.571361
4.849489 -5.652529 6.100210
3.284770 -3.456664 7.494880
1.553526 -3.338677 7.048372
1.236716 -6.285419 5.940078
-2.270460 -4.752751 8.720264
-2.005044 -5.863809 4.057015
-2.461126 -4.662819 3.689681
-2.405594 -7.960580 5.077745
4.710439 -3.883502 5.832466
4.979687 -4.926571 4.949257
4.400400 -1.152057 4.683756
5.748682 5.163521 9.723586
4.058115 2.623936 7.282656
3.476912 2.363589 12.582303
6.988625 0.968718 5.665347
5.353982 -3.761904 6.600334
1.649509 -5.680051 6.501098
3.743991 -5.519671 7.667006
6.512560 -11.481712 5.247221
7.837204 -8.370393 5.360862
6.250650 -3.561958 4.948440
5.806148 -7.835366 5.690103
5.613567 -3.531599 5.709995
2.283709 -6.543748 5.623920
4.710554 -5.106224 5.370120
3.703131 -9.609610 8.201091
3.721137 -7.069770 5.418724
1.827925 -5.400467 5.224590
-0.621330 -3.724344 6.836288
-0.529889 -3.993662 6.461974
-3.295660 -7.059748 6.352627
-2.308378 -4.632705 1.923053
-3.471025 -3.524609 1.072903
-2.674479 -2.907596 1.672563
-2.816991 -4.146513 0.701442
-5.619619 -2.609972 -0.146382
-3.873632 -3.111601 -0.434219
-5.835262 -3.681764 2.205771
-3.990706 -4.234137 1.784005
1.468496 -2.519186 11.130303
-2.712608 -2.938558 7.680526
2.002571 -5.171315 5.494601
-0.968149 2.126725 7.235128
-4.300563 4.081378 9.139088
-3.197028 -2.975796 12.259732
0.214905 -4.969775 7.947023
1.624547 -3.499788 6.090948
2.242436 -5.687208 6.096335
3.501349 -8.143268 4.531190
9.280924 -10.109935 5.988182
3.156369 -4.165608 4.545191
-2.177780 -7.334166 0.213177
0.601648 -3.588889 5.345476
0.389445 -3.781774 7.272614
-1.339611 -3.331988 5.599418
-2.448334 -2.961723 5.340444
-0.887056 -4.372159 5.724442
-4.779269 -6.010098 4.611625
-5.932376 -4.122715 4.626938
-5.031354 -6.194225 3.099267
-6.037758 -4.339970 1.410967
-5.011209 -6.294462 1.757829
-2.543736 -3.596201 0.200366
-5.438394 -2.355551 0.599647
-6.550933 -4.528235 1.069003
-4.885298 -3.571865 2.195625
-2.261059 -5.630531 0.852828
-4.243568 -6.423670 0.519364
-5.064203 -5.120268 -0.355500
5.629977 -8.099063 -0.885908
3.354781 -6.937561 -0.997955
3.086357 -6.374569 -1.626629
5.009983 -7.656813 -1.487328
5.027931 -6.569149 -1.594459
5.049822 -3.402325 -1.089276
7.947879 -5.324299 -0.581209
5.204853 -4.943000 -0.856176
12.584228 -2.324749 -5.731586
3.701975 -0.171215 -2.307960
6.646161 -0.693154 -1.390938
9.360677 -1.859979 -2.496660
15.147171 -5.656386 9.191419
8.786787 -5.486122 4.846554
7.058046 -6.632768 5.817616
4.477334 -9.313338 -1.682145
3.833727 -8.825578 -0.580120
4.016659 -6.363389 -1.360951
9.027259 -9.179235 -1.622664
6.016150 -12.396303 -2.079186
6.217329 -12.461077 3.358679
2.194036 -13.910245 2.007741
1.129432 -11.234444 3.255704
-1.471132 -11.444242 -2.452859
-0.571369 -14.211912 -1.077290
-3.444164 -9.418900 1.097985
-1.928343 -7.000892 -2.954837
-2.365340 -7.385474 -3.964942
-2.224875 -7.546771 -3.828986
0.376163 -6.452879 -5.142567
-0.666575 -4.671448 -5.116955
4.491724 -7.544411 -1.856575
3.560253 -4.755630 -4.181691
5.117628 -12.125286 -4.639734
3.084836 -10.583794 -3.999560
3.293326 -4.298713 -2.925774
6.432498 -4.439900 -6.604590
2.690472 -8.428374 -5.398891
3.256796 -5.552182 -4.943150
3.730701 -5.664258 -4.272968
3.255942 -7.314816 -2.752214
3.239085 -7.443853 -4.146747
3.226210 -5.918649 -1.140858
4.225156 -8.483283 -1.325807
5.251916 -6.361432 -2.448774
4.697736 -5.327025 -2.863115
5.850167 -5.420528 -5.839118
2.161372 -3.480356 -5.467510
4.713076 -3.157723 -5.407372
4.026070 -6.504826 -3.514014
4.551334 -4.541302 -1.209582
5.265634 -8.758519 -4.877039
4.857958 -6.234218 -4.617210
3.477285 -4.482646 -3.567299
4.981920 -4.203620 -3.278191
3.977570 -5.103726 -4.398442
4.285819 -7.247800 -4.091294
2.118807 -10.059851 -5.854168
3.488520 -9.315086 -4.851791
2.635511 -10.700759 -8.034565
2.550842 -5.750904 -8.405156
2.160047 -6.622305 -6.465195
4.071886 -8.646915 -2.728624
1.014099 -19.571136 -12.472958
0.661192 -11.366720 -4.174971
-2.436283 -6.137538 -3.908755
5.522233 -9.086566 -7.275743
-0.590529 -7.289475 -6.482708
3.587552 -5.394886 -3.082313
3.294057 -9.339112 -4.039943
-2.338809 -6.355790 -1.938022
-2.128533 -3.348910 -1.991761
-3.032065 -0.889616 -4.558564
-2.316242 -2.108413 -3.423951
-3.556846 -3.235328 -3.073115
-2.515654 -4.524637 -1.480320
-4.764260 -2.913632 -1.036687
-8.132448 -6.895555 -0.749677
-4.721619 -6.094796 1.423911
-2.111349 -4.540206 -1.747961
-2.146455 -3.823347 -2.708275
-3.019441 -4.411024 -1.132318
0.532903 -6.032773 -5.160402
-1.034766 -7.142367 -6.822214
-3.159509 -5.776126 -3.605808
-6.088796 -6.093421 -6.929638
1.777575 -4.708314 -5.225338
1.319642 -1.058432 -5.676840
3.299500 -2.762082 -6.469230
3.389964 -2.559531 -3.772916
4.623796 -6.516147 -4.679319
3.612411 -5.536948 -1.755492
5.790665 -8.039824 -1.747891
4.271548 -4.369552 -1.780698
4.769957 -6.625456 -1.811769
3.253160 -4.251302 -2.589906
3.590418 -4.884631 -1.342418
3.331258 -5.841980 -1.041360
4.504110 -4.010973 -0.889858
4.302915 -3.599903 -0.932202
5.417682 -6.565970 -1.683306
5.398404 -3.532692 -3.020509
7.010232 -5.683982 -2.509443
4.284677 -5.452569 -1.031616
2.850159 -4.173435 -5.961286
2.568506 -4.602077 -6.980470
-4.776905 -1.741294 -4.651995
-4.794816 -2.964699 -1.751777
-1.004183 -2.893089 -5.496078
-2.325103 -3.027449 -2.804223
-3.488226 -3.193351 -1.416385
-3.913383 -4.201493 -0.366967
-2.938518 -2.392505 -0.822131
-3.286858 -8.440777 2.819755
-2.994691 -7.574210 0.358634
-3.148409 -6.025369 4.531304
-1.261145 -3.456100 5.713507
1.617935 -3.280668 5.789162
-0.824114 -3.880634 5.014390
0.095376 -5.744426 5.470148
3.151743 -5.017038 6.588243
0.283921 -4.688974 5.641803
4.852534 -3.838593 7.520216
5.610442 -0.002210 4.089622
4.156888 -3.637116 6.689736
6.166790 -3.938631 6.178692
6.789234 -5.434240 7.585547
6.051965 -5.547384 5.472078
5.907432 -4.029863 6.354222
6.149676 -2.971816 6.348005
6.641072 -0.727395 6.923759
5.066098 -2.356066 -0.589997
4.255909 -0.337330 -1.909864
3.779626 -4.004428 -6.950590
4.058496 -1.927203 -7.038641
4.943161 0.150934 1.703660
3.409180 -1.214997 -0.819774
9.569501 -6.000644 5.432074
10.512766 -5.570078 5.403737
8.279569 -5.445943 5.147298
2.875010 -8.433019 8.445612
4.751871 -5.463524 7.634179
5.361636 -2.839050 5.865791
4.562969 -4.483048 5.246258
9.734768 -8.093281 -0.814753
9.103743 -11.825529 -1.035302
6.608710 -6.093976 -0.608478
11.613841 -3.451988 0.458144
11.339192 -0.782156 1.944835
3.137743 -4.702993 -1.151300
-0.148902 -3.139930 -5.112717
-2.516623 -1.813888 -4.811155
-1.254026 -0.088175 -3.873451
-0.440926 0.090618 -5.418286
-1.508077 -0.385439 -4.069382
4.472605 -3.553941 -3.639789
18.973114 1.165097 11.094204
3.962119 0.511185 0.567202
3.003225 -5.265422 6.371386
4.365642 -3.292799 5.525083
6.216646 -6.590148 8.302807
8.646704 -3.880912 13.450885
6.802693 4.411639 13.967751
11.446018 5.301502 10.999108
5.477440 -1.052606 5.756294
6.858502 -2.820546 13.224186
7.878950 -4.072380 14.291681
4.825640 -4.131568 6.900338
6.055006 -0.991765 4.997957
4.407715 -1.791143 6.560488
4.872886 -1.284371 5.990907
7.286840 -8.117195 9.724701
9.564907 -4.824628 14.662932
7.023661 -5.675673 9.055697
6.800561 -1.309173 6.613503
7.203815 0.344309 4.675494
6.062615 0.524332 2.986470
5.932414 -0.727158 5.031709
10.197921 6.410911 7.745214
6.954689 5.301874 9.436381
4.912563 2.550282 2.868335
2.620058 3.147989 4.809498
13.846709 3.023900 12.590804
6.594803 1.659014 3.473986
4.583210 -7.481121 4.794741
2.639497 -9.608921 8.039542
5.525227 -4.045363 -1.140180
4.792462 -6.340483 -0.729408
5.233008 -2.439721 4.530252
9.232348 -5.946920 4.677435
9.495858 -5.619456 7.327043
11.551399 -6.821568 6.089011
10.388157 -11.506160 12.520615
6.098186 -3.574805 7.826787
4.733520 -2.274631 5.200077
7.365174 -10.875152 9.036287
5.628944 -7.726042 9.684768
5.683989 -6.205378 8.317575
4.794803 -3.431054 7.573689
9.150508 -7.074827 5.201673
14.634714 -7.477064 10.040253
12.968712 -4.349747 14.062614
5.736685 0.067410 4.954732
5.356874 -0.249821 6.209260
5.577857 -1.138589 6.995071
5.130532 -2.508302 5.294695
6.703016 -1.586479 10.019366
6.913435 -4.789076 8.865040
7.921889 -5.459188 6.930779
8.847853 -7.773261 5.942620
4.294680 -5.989107 4.832745
4.892447 -8.945416 4.908029
4.303365 -0.508878 2.433433
5.061604 -6.148164 4.597723
7.082164 -7.873792 5.189125
5.332667 -7.547026 7.255386
3.567516 -6.440519 4.999142
10.998146 -5.665732 5.537998
6.923682 -5.437431 5.201332
1.438548 -5.342000 -5.172007
2.905499 -10.231358 -5.732711
-2.136507 -6.462286 -3.138085
-2.354957 -7.158075 -2.843943
3.727475 -8.177769 7.042675
4.778726 -4.318890 7.029892
8.047359 -8.774681 5.423065
11.062920 -7.771039 6.951727
5.860372 -5.584603 6.802967
7.275025 -3.324620 5.461658
6.144383 -3.693406 5.249542
7.061621 -5.101754 4.954154
4.670584 -4.099917 5.112837
7.934128 -5.864584 6.799479
8.866664 -6.082595 7.004841
12.074462 -10.966969 6.715382
12.109338 -5.763059 12.631871
12.612927 -6.237772 5.708862
11.094974 -9.339252 5.826491
11.333714 -7.059106 6.263524
4.693545 -5.213971 4.752765
2.199693 -6.187443 5.137109
1.813843 -4.768901 5.382062
0.062990 -3.943345 7.693033
4.548435 -3.779119 4.730898
4.513261 -4.538720 6.562597
5.583159 -0.691679 7.996630
4.622483 -0.006767 3.786077
5.780405 0.421644 1.926260
-2.736343 -2.102527 -2.284485
-3.233888 -4.783695 -1.398976
4.181682 -6.268734 -0.505070
6.025822 -13.348193 2.720190
7.825446 -12.299759 6.783031
9.100552 -12.121171 4.529201
9.022411 -7.151122 4.501835
8.776495 -9.420169 4.819143
5.653834 -4.776868 -0.569411
6.816152 -6.658199 -1.356871
4.101287 -3.904013 -0.619208
3.917422 -5.564240 -3.511442
3.423569 -2.189480 -1.388258
4.345885 -6.067227 -1.938228
4.654606 -4.553622 -1.028261
6.157396 -6.474884 -5.353139
3.467250 -6.439438 -3.950898
4.156955 -3.448684 -1.569932
4.873052 -3.557853 -1.079137
5.146461 -3.958993 -0.775070
6.527579 -2.639116 -1.106565
5.278490 0.081292 -0.700267
6.060524 -0.617738 0.446052
4.645345 -0.412739 -1.719052
7.748896 -3.808028 -0.508515
5.449331 -2.737681 -0.810211
5.229192 -2.772044 -3.249691
4.734402 -1.374234 -2.053135
3.635130 -3.717319 -1.202712
-1.569411 -4.982526 -5.233785
-3.669025 -7.792661 -5.238799
-4.415226 -5.809405 -4.274344
-3.669248 -7.371342 -2.628493
-2.009283 -4.123089 -3.593249
-4.347443 -3.555087 -1.772346
-2.198879 -2.151987 -4.809539
-1.661016 -3.681938 -7.278529
-0.658527 -1.930595 -5.614450
0.158757 -2.488321 -5.136432
-0.160406 -6.615490 -6.048048
-0.740148 -8.267747 -6.271062
-1.985348 -5.740346 -6.535890
-2.173774 -2.270258 -4.251285
-2.481531 -5.136379 -4.679647
-2.228837 -6.804233 -4.519843
-4.200491 -4.713009 -3.931999
-1.692529 -3.852342 -5.905785
-1.103077 -7.827659 -6.876020
-4.397038 -6.515471 -4.091978
-4.306825 -5.554490 -2.806189
-1.952367 -4.073044 -1.610683
-3.098309 -6.909771 -3.340503
-1.965110 -9.366896 -6.413567
-1.738683 -6.531117 -5.096230
-1.307938 -3.678614 -6.478101
-2.397760 -4.409192 -4.260295
-4.617040 -2.551701 -7.820643
-3.430579 -1.878683 -4.476781
-2.529888 -1.767210 -3.481637
-2.279662 -1.779060 -2.225964
-2.023524 -6.002837 -3.771613
-3.351614 -7.557463 -2.348053
-2.331180 -4.639524 -3.807098
-2.571195 -2.635968 -4.225668
3.203995 -5.639783 -2.009727
3.680187 -2.326865 -1.830282
3.746155 -1.165735 -1.122648
5.674622 -3.850125 -0.822550
3.918571 -5.922528 -2.041003
4.432709 -3.047386 -0.561181
3.114503 -3.295768 -2.406454
4.224842 -6.667049 -1.066763
4.323321 -5.783937 -2.867743
5.135900 -6.330402 -4.906807
4.040699 -11.041678 0.946742
4.935401 -13.218282 4.501348
6.065758 -7.747025 5.046057
5.823995 -5.048834 7.722909
5.377350 -6.786545 4.732412
4.805492 -6.375792 5.394045
5.747798 -8.737330 5.254420
5.234894 -4.596066 4.999037
2.131125 -3.693441 5.310519
2.009240 -3.625208 6.612731
2.624177 -3.398444 6.712951
4.569245 -3.795679 6.367056
4.424329 -1.069499 7.241817
4.475152 -2.065953 9.466620
8.009263 -5.523039 6.715015
4.660400 -3.332860 5.014101
5.550210 -1.216129 4.950350
1.699909 -3.148033 4.925133
5.472873 -3.533856 6.986785
5.802531 -2.288326 8.547824
1.117476 -6.099461 5.375570
1.095575 -3.978430 8.894230
-0.066556 -4.233737 6.043444
-4.241968 -7.078145 7.153376
-5.239453 -6.496981 6.739471
-3.162865 -3.364646 2.364436
-7.203176 -9.631027 3.505653
-2.361005 -3.972690 2.437525
-4.145020 -3.593637 1.997085
-3.023225 -4.567781 6.538273
1.802355 -3.193927 5.425470
-0.153641 -4.035825 5.818213
-2.467708 -3.443421 5.888087
1.947182 -4.326992 10.009254
3.484252 -5.248077 12.273311
5.840446 0.651905 6.529335
4.614666 1.193672 6.928287
4.303379 -0.817922 6.559185
5.947484 -0.664018 4.987075
4.318058 -1.345963 5.902434
4.878325 -4.697953 6.832944
3.266523 -5.383031 5.395626
2.895010 -3.263162 7.617119
-3.417533 -3.683600 6.686461
-2.125364 -3.731285 10.084044
1.591996 -4.790771 11.591306
-0.437399 -2.215185 13.812425
4.753999 -2.587565 10.792949
3.992886 -4.594172 6.272721
3.491875 -3.615076 6.893869
5.352075 -2.413035 7.366298
3.013024 -4.072019 6.256661
3.030280 -5.006482 5.821998
2.116451 -3.608891 6.012742
3.767189 -5.775610 7.434124
4.576562 -1.335600 6.934468
4.540132 -2.994423 5.694707
4.361955 -2.138296 4.798452
5.632222 -4.759632 5.495453
8.688091 -9.441381 5.541763
7.413171 -11.050640 4.129078
5.177663 -11.760405 2.057734
3.213184 -3.558888 5.218703
1.884565 -4.320634 6.469701
-0.354027 -12.022318 4.647495
-2.142628 -6.081653 1.606379
-2.773876 -6.841344 0.621030
-2.678282 -9.010828 1.495123
4.165412 -4.723910 -4.339873
3.833096 -6.298967 -2.948254
6.112449 -7.767940 -0.823603
4.640378 -7.287965 -1.766779
2.904579 -9.455909 -6.219854
4.956188 -5.618398 -1.447135
5.800163 -4.365230 -3.416013
3.119140 -3.378495 -3.049061
4.842308 -4.358867 -3.044108
5.086067 -4.309987 -1.196734
9.167286 -8.082734 -1.391785
5.180975 -4.125502 -2.680229
4.701588 -2.533644 -3.198586
5.373661 -5.195624 -1.804522
5.624026 -3.918860 -1.329178
9.183395 -7.229129 -1.136997
8.392937 -6.308386 -0.730536
9.022388 -3.957524 -1.378105
5.188382 -5.974314 -4.973585
6.760430 -5.919590 -0.788789
3.824819 -5.318690 -4.106485
4.149662 -7.890597 -4.964893
5.993447 -9.573655 -2.096710
1.807194 -11.828888 -1.731149
-2.056440 -8.605536 5.383598
-3.009676 -8.146580 2.836642
-2.996540 -8.193052 0.956628
-0.886460 -11.839771 3.216157
1.887953 -6.224530 6.372988
0.841354 -3.879931 5.959674
-0.458380 -6.760914 7.206384
-3.056300 -6.304570 3.372497
-2.358628 -3.371149 1.892962
0.766156 -6.253901 6.984270
-0.646816 -4.241502 5.232704
-1.875408 -3.945591 5.928057
-0.653470 -4.344038 7.274773
-1.292834 -4.748123 8.224010
-3.058041 -3.350415 9.477040
-2.166928 -4.168967 1.826363
-2.256853 -3.528740 0.153623
-2.223433 -2.593808 -1.831424
-2.350195 -4.192238 -1.978841
-1.973982 -4.292968 -1.081852
-1.987490 -6.303640 -6.438486
-3.684659 -10.008855 2.996416
-2.333680 -8.446804 2.756472
-2.365345 -7.596550 -0.277932
-3.088588 -1.667206 -3.703602
-3.169209 -2.407957 -3.708571
-3.873154 -1.760154 -6.655162
-3.626281 -3.317820 -8.528161
-0.867546 -6.392500 -5.858399
-4.496314 -8.818342 -5.409730
-3.888955 -6.829285 -3.178090
-2.436235 -3.617482 2.758230
-4.187265 -3.517660 4.572935
-4.599586 -4.587567 3.501158
-3.323970 -3.130378 2.503428
-2.808229 -7.180025 0.624954
1.421391 -5.088606 -6.280009
1.713300 -6.634097 -5.424191
1.031953 -4.954144 -7.987540
3.106811 -5.511677 -5.620006
-0.909443 -6.988752 -6.670283
0.444736 -10.211905 -9.273891
0.101672 -6.814410 -7.130965
4.148937 -11.922574 -11.999742
0.716395 -12.043270 -4.003301
11.416976 -12.359264 0.205475
4.751707 -4.860609 -3.559812
4.039814 -3.265135 -0.531055
9.035480 -6.063704 -1.749702
6.049284 -3.391291 -1.521649
3.326740 -5.901961 -1.076375
3.150769 -4.381013 -1.571166
4.467448 -5.984045 -2.781955
1.163355 -3.060614 6.658334
3.495755 -5.938619 5.970193
6.229929 -4.680141 5.560958
7.250015 -10.017919 5.448015
7.535592 -8.848074 4.570255
7.106163 -5.590596 5.235728
8.529596 -5.828223 6.115936
-1.288933 -8.185165 9.270446
3.126520 -3.609527 5.550035
6.293924 -6.258658 5.290016
2.992100 -11.347488 -0.071307
3.889122 -6.167566 -3.415945
5.017582 -4.708189 -1.874510
4.096095 -2.462966 -3.565222
5.691604 -2.550559 -2.596604
3.380411 -5.559617 -1.032035
6.168838 -4.473975 -2.956794
5.122061 -7.085598 -1.549260
3.307109 -6.654599 -1.105650
3.306614 -8.060917 -1.472319
3.938116 -8.358280 -0.867068
3.641919 -5.474497 -0.618387
6.073879 -3.912832 -1.975369
7.101530 -3.917098 -2.151360
8.053106 -3.155403 -1.486578
7.546536 -1.530421 -4.430403
10.195088 -0.740881 -4.989818
12.356780 -3.675606 2.080481
11.678145 -3.450881 0.259828
