15.312931 8.087188 5.553585
5.866885 4.648019 9.130942
7.125563 4.428418 8.269176
4.316604 2.389622 8.562644
6.287072 3.386309 10.759780
3.816321 2.415567 7.346779
-3.920811 2.734286 6.571061
-5.812588 3.350699 6.583545
-7.008032 1.080798 5.409931
-8.254560 -0.667782 2.944646
-8.997287 -2.555354 2.865208
-7.172787 -1.898508 4.480531
-5.740284 0.586211 2.212422
-6.150566 -0.335281 6.138473
-6.501452 -2.508058 2.808810
-7.682839 -3.584227 1.698785
-4.711560 -8.042743 1.347122
-6.074838 -2.950930 2.364019
-2.717301 -4.158989 0.602365
-4.291291 -3.651243 5.872521
0.780257 -4.372679 6.685028
0.877208 -5.468557 7.080415
0.475077 -3.683350 7.950431
1.239281 -3.777896 5.021611
4.986778 -2.828747 5.612965
4.396862 -2.402939 5.675477
7.397696 -10.499779 4.856203
7.289139 -12.501717 3.917765
4.111353 -10.862920 0.990770
5.358025 -10.662896 5.264887
1.399744 -11.942247 8.838105
3.080738 -9.347367 5.364258
4.474106 -4.392218 5.215878
5.924099 0.118441 6.290470
4.942981 0.775761 8.174120
5.510239 -4.028181 5.285511
4.808880 -3.361727 7.509177
-0.537174 -3.431887 6.017261
-1.207291 -2.946521 9.666250
-0.734910 -7.071270 7.298412
-4.484549 -6.512981 3.683107
-6.731361 -1.830326 4.742061
-6.554402 -3.683209 4.231627
-8.298080 1.567474 6.056918
-8.358860 1.470230 3.918653
-0.607447 2.884548 10.325529
-7.263170 -0.041333 7.084585
-9.020519 2.163038 7.528170
-2.052969 1.118108 10.987623
0.725805 -4.745753 7.740861
-2.778715 -3.509281 7.857780
-0.049447 -6.905613 10.905969
-2.779577 -0.739490 11.477418
-1.014043 0.075795 11.582212
2.037788 -1.062065 10.785220
-1.547659 -0.768382 12.774359
-4.052264 4.548298 10.562907
-3.274055 2.913780 8.387366
-5.733156 4.525822 8.701617
-3.679232 4.337840 6.698079
-2.585064 3.216841 6.481466
-3.299981 3.180284 9.006313
-1.089324 3.501368 4.985576
-0.501572 3.067720 5.750798
3.624149 5.044562 8.702668
1.041916 4.537405 8.748762
2.555768 -3.476863 8.978469
-0.020935 -3.819983 7.889193
4.961601 -3.552399 4.916553
0.171859 -3.005434 5.657700
0.533278 -4.532929 7.619006
-4.770618 -8.371308 6.344097
-3.893374 -5.279505 5.056039
0.414795 -3.036139 5.592121
-0.830377 -4.382439 5.947429
0.484534 -5.018902 5.998363
0.102361 -4.615405 5.187372
-0.592924 -6.314038 7.246708
1.965873 -8.818185 5.935054
2.020875 -11.684052 9.548880
0.493322 -8.319779 6.364061
-4.095672 -6.871448 4.923763
-2.786299 -3.100993 2.863027
-2.168278 -2.983942 7.251513
-1.225474 -3.066470 5.246204
-1.803928 -4.187815 5.105153
-3.332896 -3.841074 6.454515
-1.379232 -4.804084 7.839434
-3.669786 -4.310435 2.209457
-1.444976 -3.892406 6.062147
1.701524 2.662201 3.335515
-1.730104 2.743037 5.266178
-1.054302 2.447676 4.119370
-1.996472 2.195763 4.710928
-4.361316 4.301376 7.923618
-6.487471 4.277677 7.113305
-7.925076 0.869979 6.391550
-6.049408 -0.771099 4.961709
-6.821257 -2.346411 5.690426
-5.766211 -2.978616 3.733687
-4.112021 -3.600215 3.794408
-5.223749 -3.102141 4.070729
-6.787186 -3.680920 0.184287
-4.545090 -1.821473 -0.198974
-6.749964 -1.835530 -0.412791
-7.456556 -1.976970 3.126351
-6.042080 -0.139203 4.841374
-6.190229 2.945513 2.989419
-4.744174 3.306904 6.819962
-1.727951 2.724615 4.102776
-3.980606 2.577707 3.935588
-3.924038 2.326711 2.918240
-4.430736 2.730005 4.249596
-7.272832 2.354688 2.159720
-6.742202 0.550577 3.094537
-5.898503 -4.873468 3.372684
-3.357588 -4.915072 2.953551
-6.301476 -5.100471 5.260507
-2.055128 -2.979234 8.117037
1.713817 -3.752966 6.193608
0.221219 -3.096056 5.209183
-1.495271 -6.052534 5.671666
-3.407083 -3.999345 4.086240
-1.837779 -3.556607 8.258956
0.160641 -3.121193 5.712455
0.511372 -2.949785 8.311026
1.321331 -2.919327 5.243193
2.797016 -3.151186 6.907918
6.647227 -4.263016 7.205532
4.812554 1.515455 8.333867
5.817119 2.058038 6.388263
5.254936 0.598960 4.595463
5.769520 0.446357 6.261930
6.877872 -0.057618 7.331291
6.209781 -1.731010 7.248236
4.454888 0.712217 8.952621
4.413474 -1.784197 6.428088
-1.089856 -6.513197 5.251036
-0.871873 -4.124970 5.648648
0.763519 -3.794864 6.424851
-0.604165 -4.718603 8.136933
0.072757 -3.574678 5.112460
1.840776 -3.746025 6.710391
0.479364 -4.538475 5.280966
1.792824 -3.996826 5.636735
3.819816 -3.317223 5.761873
2.775551 -3.503267 8.080747
1.074653 -4.708968 10.763769
2.780081 -2.890939 6.234535
3.193357 -4.398034 4.767331
3.927941 -4.672122 4.609990
2.295445 -3.283876 6.941038
0.672444 -5.439517 6.804580
2.250747 -6.296024 4.956236
-1.283261 -3.304459 8.498269
1.569814 -3.026333 7.376984
5.304025 2.406379 5.955582
5.356869 3.518277 4.334997
1.052582 2.518010 5.463825
-2.155121 2.260927 6.213681
-0.556097 2.538414 4.899448
-1.658080 2.133870 4.475445
-1.746350 2.503475 6.408326
-3.249609 2.226717 6.498418
-3.936167 2.718263 4.730735
3.754091 2.650667 4.964142
4.479837 3.998229 9.218280
5.520335 5.303890 5.939219
9.413528 4.739520 9.860492
9.956523 5.764421 9.797544
11.278100 7.317022 8.590255
6.790107 6.298238 10.835470
10.754436 5.534489 4.657071
13.660195 11.488643 10.257844
12.676783 7.742105 14.088291
7.738444 7.853901 8.340981
6.756324 6.713871 6.598928
7.188652 0.792865 2.551011
5.959943 1.069483 4.284547
4.457105 0.115274 5.137978
4.337989 0.029408 1.259245
2.943239 -3.843550 -6.136586
4.333937 -7.148438 -5.181224
4.545797 -2.934207 -4.273434
3.712727 -5.187737 -5.608677
2.000924 -7.133276 -5.212850
0.437639 -5.514266 -5.186574
0.822875 -4.687850 -5.399698
-4.027246 -1.769900 -5.213840
-3.777796 -3.351979 -4.306075
-1.497649 -3.378661 -5.265873
-3.076844 -9.585298 -11.615563
-2.873018 -2.484276 -6.021282
-1.890980 -5.616789 -5.895524
-3.779098 -3.638445 -6.033134
0.250798 -2.142349 -6.075541
4.177702 -1.451664 -1.508853
3.743332 -5.097628 -3.189667
3.691709 -5.409874 -5.393489
-1.136212 -5.533638 -6.950098
1.425880 -6.794489 -5.288980
-1.572536 -4.494756 -5.116533
-1.082708 -4.082759 -5.269430
-2.346562 -5.947954 -6.054753
-2.011880 -3.424135 -4.870449
-3.415458 -4.957994 -6.394096
-3.810304 -6.367066 -6.104620
-1.249041 -2.853191 -6.030375
-1.689806 -2.321785 -6.797582
0.815482 -3.365090 -6.093301
1.106761 -3.842953 -6.405799
0.515471 -0.446356 -6.311872
-0.444257 -4.044481 -5.932249
1.404173 -3.707014 -5.547063
-2.834008 -1.520584 -5.747136
-3.692072 -1.008371 -5.463502
-3.671753 -3.876885 -4.785575
1.929488 -3.722766 -6.313450
3.377301 -2.873954 -4.556964
3.903452 -2.870274 -0.731748
3.967078 -7.258666 -1.778080
4.366770 -6.993353 -2.681365
3.694087 -5.087281 -2.211848
4.073689 -5.355399 -1.182649
4.936285 -6.927927 -1.286392
5.231703 -6.719152 -4.823193
2.072903 -2.008698 -5.549843
4.806994 -2.006725 -5.680320
3.312741 -2.053924 -3.882522
-2.551421 -1.531306 -3.129523
-4.810155 -2.342839 -1.959184
-3.217255 -2.648145 -1.505752
-3.538080 -5.474282 -0.941037
-2.770437 -4.369984 1.469255
-2.268855 -4.405686 3.494960
-2.661098 -3.986862 6.838224
-3.622173 -3.441140 4.904966
-1.474576 -3.695148 8.406466
-3.238318 -3.551116 7.829954
-2.425045 -3.230596 6.280110
-0.571844 -3.289295 5.745326
1.579309 -3.758960 5.306774
1.056404 -5.271251 6.352338
-3.709509 -4.565979 4.304018
-0.592121 -4.322714 6.090052
-0.264638 -5.829094 7.333810
6.774871 -6.581330 4.610613
0.868831 -4.425996 5.540487
-0.857217 -8.940723 5.401950
-1.522074 -10.481936 5.061909
1.938417 -9.050545 6.074771
1.754769 -4.559909 5.053528
3.779081 -7.934146 -1.911073
6.929579 -7.525909 -3.221803
6.547669 -11.599307 1.033210
5.344872 -7.103790 -3.132692
3.768143 -9.114948 -4.400405
3.747734 -5.009500 -0.607710
6.282905 -8.159106 -1.626733
4.836361 -4.983393 -1.298114
5.285658 -7.445211 -4.619519
5.159230 -5.744898 -1.589564
5.580404 -1.973247 -0.583606
6.822406 -6.068385 -1.353510
5.573903 -3.122275 -2.652228
8.635243 -1.164955 -2.516799
12.387435 -4.023741 -1.441669
3.454505 -4.218590 -3.602896
-0.769138 -3.435297 -5.396946
-2.594074 -4.506398 -5.055961
-3.220854 -2.060100 -3.296433
3.307266 -7.574874 -2.797393
3.368632 -3.885031 -1.028152
3.651445 -7.722883 -3.689620
6.205623 -8.847881 4.521528
4.700625 -3.906646 6.157510
0.502702 -4.020139 7.222239
1.905227 -3.972608 7.340786
4.806565 -5.517761 5.364115
4.644549 -6.071061 6.419008
5.202397 -7.351134 6.816421
3.668227 -9.200846 -0.691147
7.859109 -9.581936 -1.846707
8.576969 -5.806477 -0.971773
5.693467 -1.161455 -3.272080
5.166033 -4.421026 -3.318612
6.030504 -4.287513 -2.201478
5.188922 -5.320653 -1.505933
6.471573 -4.891559 -3.968277
11.172264 -7.502839 0.320317
7.842005 -6.295214 -2.661078
8.218863 -4.920619 -5.957073
5.594600 -6.074919 -1.619427
6.633541 -7.327890 -3.019126
14.127257 -9.198202 0.765624
11.829590 -8.746284 4.370798
10.044059 -7.487428 5.651656
6.392563 -6.200657 5.688350
3.103559 -11.776903 4.379111
0.741578 -12.110017 2.271160
4.050891 -11.956675 1.372538
4.477741 -10.884060 -0.674448
-2.850172 -3.439357 -2.611217
-2.691000 -4.629361 -2.449667
-2.544832 -3.439548 -2.627046
-4.357735 -3.668604 -3.428061
-2.537055 -3.287064 -3.877024
-2.477409 -3.759648 -3.733935
-2.105254 -3.945615 -1.152719
-2.354220 -6.385325 -2.733669
-0.054464 -4.279997 -6.672848
-0.132198 -5.780394 -5.577217
0.187026 -11.270673 -7.210226
2.876085 -8.124948 -8.807292
2.380194 -8.036181 -5.623288
5.293308 -6.634946 -0.848247
3.144768 -8.681973 -1.929477
0.917012 -10.974973 -5.141978
5.204536 -11.555247 -2.794743
-1.194733 -3.684308 -6.474373
-0.845384 -3.165662 -5.427386
-0.603471 -3.004641 -5.590103
1.750557 -6.455870 -7.371683
1.322981 -6.341742 -8.131624
3.247732 -6.003134 -1.829945
3.315495 -5.261593 -2.323391
-2.330021 -7.489177 -3.407708
-2.237981 -10.053519 -2.370292
-3.134800 -5.511174 -1.778248
-2.913301 -6.262665 -3.185686
-3.467952 -6.221073 1.063326
-2.099388 -7.084877 3.983557
-2.275185 -4.928115 6.100519
-2.224189 -4.765714 4.729359
-2.924361 -4.345101 5.009778
-2.122387 -7.282496 -0.473135
-2.866822 -10.042935 0.319904
-2.663452 -6.476415 -0.759908
-2.296639 -3.926703 1.627639
-3.488919 -3.712142 -0.661842
-3.409364 -7.542349 -5.964879
-3.467681 -6.265043 -3.040946
-5.110849 -7.274196 -2.564242
0.168496 -9.713479 -5.733398
4.299511 -11.298831 -8.377112
4.398692 -6.237179 -3.980494
4.963647 -6.598593 -5.265222
3.632040 -6.093256 -2.924332
-2.373884 -1.105257 -3.212755
-2.421473 -2.294315 -3.151460
-2.637629 -0.648934 -2.969458
-3.684280 -0.685907 -3.334902
-2.879896 -1.069043 -2.932914
-2.229781 -3.727030 -3.388325
4.890021 -3.685681 -4.669640
3.353731 -2.385029 -3.410933
1.521532 -7.566010 -5.834658
0.785307 -4.836048 -6.931641
3.352027 -7.074171 -9.166740
5.586164 -8.586180 -2.597999
9.066558 -13.733289 -1.850846
-1.018821 -11.884386 -2.033466
-3.705089 -11.066536 -6.207687
-2.592028 -3.485010 -1.638652
-2.875140 -3.261271 -1.055853
-2.061994 -4.400537 -2.835423
-2.794315 -4.256898 1.137664
-3.062761 -4.953306 -0.656748
-3.114828 -7.074867 4.461132
3.268213 -5.353448 -3.639426
-2.277504 -3.074929 -4.641547
-2.241105 -2.632995 -3.711166
-4.672740 -3.369064 -4.076431
3.410615 -7.130587 -3.274280
4.526579 -6.026609 -1.851668
8.230389 -8.372415 -0.605892
8.084935 -8.885913 4.829957
8.868622 -6.122659 6.734924
8.289475 -3.720181 -0.594743
5.362038 -3.550791 -1.041931
9.457005 -3.371062 -0.881347
11.373504 -7.224836 -1.577662
8.997789 -7.657305 -1.021217
7.967710 -5.443629 -1.323246
6.647254 -1.508236 -0.850367
7.193577 -1.808155 -0.527061
8.541369 -2.391978 -2.461118
4.693053 0.386887 -0.148044
5.115847 1.253651 -0.035141
6.905351 0.566140 0.724901
10.529395 -0.604856 1.633367
6.624185 -0.233660 -1.242156
12.004910 -5.103229 -0.603341
11.879418 -4.600604 1.391077
10.857376 -9.907001 -5.195754
5.802020 -5.611297 -2.158161
4.158968 -4.143716 -1.476030
6.066872 -7.553376 -1.143642
6.312749 -8.778938 -1.404235
5.608659 -6.830700 -1.647501
5.279875 -6.682160 -2.959422
5.074103 -7.759332 -1.556235
6.629212 -9.767429 -2.656183
6.885276 -14.848807 2.184521
6.732206 -12.505042 0.995356
7.516674 -11.669253 5.757632
5.834026 -10.680061 4.334446
4.089734 -17.542702 5.995835
3.421289 -10.035693 -1.093086
3.821371 -7.501370 -3.607336
3.812895 -6.482983 -4.273208
4.710086 -5.025309 -0.523416
5.140595 -4.053345 -1.353706
6.418188 -6.560206 -2.538636
5.803146 -1.836296 -1.684970
4.936976 -2.330828 -0.828960
9.357067 -7.719687 -0.569046
3.923283 -6.045698 -0.863985
3.997833 -8.940823 -0.525375
2.845924 -7.482799 -6.681556
0.007995 -11.994711 -7.088635
-0.762689 -15.400405 -2.543952
4.352005 -9.583289 -3.189106
4.122796 -8.080942 -1.473361
3.758462 -8.653970 -1.174011
6.267687 -7.075959 -4.215281
5.089765 -11.256392 3.934050
1.397159 -12.990945 3.196606
0.101739 -10.522491 5.279568
-0.422256 -6.292897 5.253442
1.038313 -5.114045 5.867787
-0.454351 -6.711955 6.798568
2.878233 -6.613334 5.090336
-1.296047 -8.876948 -5.932707
0.027190 -6.027572 -5.785209
-1.589910 -6.618972 -5.608171
-1.747424 -6.982155 -9.086861
-2.323172 -6.628230 -4.015424
-3.049154 -8.447778 2.261469
-3.057718 -6.347939 -0.020925
-3.191289 -6.450958 0.263020
-2.707240 -5.699419 0.071650
-2.466163 -5.961141 -5.662285
-2.046709 -8.978167 -4.937648
-3.056143 -4.941043 -3.101640
6.241390 -6.963738 -1.816302
3.482449 -8.649588 -5.329599
5.371879 -9.434269 -3.530410
7.446154 -11.419742 -1.055275
4.610875 -4.487912 -1.237721
3.821908 -5.188293 -0.922539
3.189638 -11.062292 -4.268423
3.835945 -11.153159 0.542566
5.926551 -11.156364 3.080843
6.401652 -10.782666 -3.971706
9.432031 -10.413864 -1.769078
8.942243 -11.525493 -6.401116
4.878684 -9.444429 -0.920200
6.270317 -12.073490 -0.211752
8.879402 -10.760792 2.329134
5.710807 -8.092852 -1.531052
8.533698 -3.983516 -1.482991
10.449299 -6.968936 7.120215
6.414433 -5.215551 5.491155
7.026576 -5.037634 4.566855
7.812502 -7.825700 7.331053
7.010296 -8.059086 7.229475
1.619933 -7.345088 5.364825
4.612462 -8.525154 6.323484
12.044426 -9.059669 5.953385
11.078215 -16.804817 10.056477
