18.639992 -6.612640 -17.620213
12.684375 -4.258147 -11.791982
8.213607 -5.450905 -3.813175
5.641815 -1.844542 -0.508932
3.607974 -1.172087 -1.347262
6.304974 -7.039192 -4.926564
8.300654 -6.666007 -5.773716
3.846612 0.229610 0.186951
0.520311 0.339818 -3.711178
-2.521730 -1.047426 -4.559971
-3.169502 -3.872998 -4.319717
-3.042282 -3.880467 -4.745695
-2.340634 -4.309758 -4.685946
-2.881824 -8.034039 -10.123963
1.705843 -6.195636 -5.638495
1.608228 -3.940412 -5.704477
-0.842678 -3.872766 -5.700887
-4.192177 -2.883920 -5.119537
-3.401913 -1.283185 -3.207082
-2.015790 -3.814554 -3.848517
-3.311038 -4.507962 -3.903102
-2.471256 -3.916313 -2.911252
-3.137617 -2.761868 0.398523
-6.194223 -4.817495 0.043601
-5.742070 -3.555348 -0.368884
-2.822393 -2.910632 0.874520
-2.206458 -3.289950 2.842162
-5.735981 -2.962409 4.307554
-7.258149 -1.654535 4.503268
-6.375299 -2.876266 7.215590
-8.458763 -0.713139 7.223391
-8.539024 -3.333927 7.437592
-5.010305 -4.576468 5.526515
-0.850894 -3.540313 6.333263
-1.113120 -3.459465 5.822074
1.215205 -4.440633 5.910147
2.264285 -2.897648 6.045101
3.328929 -6.826493 10.035522
7.699904 -5.484128 9.136326
2.491338 -5.544317 8.789031
-1.184173 -4.376083 6.496327
-1.189061 -3.031424 6.094799
-0.764899 -6.777431 8.140580
1.204705 -5.924605 6.901944
2.588214 -3.771293 5.979933
0.452937 -2.916212 5.337292
-0.480559 -5.579115 8.590011
-1.752133 -6.176141 8.270270
-0.674512 -3.291093 6.721455
4.302830 -3.011518 4.768824
1.307741 -4.220861 5.635485
3.671468 -5.184834 5.493771
4.734286 -4.900775 -2.307894
4.848746 -2.401513 -3.297811
2.027710 -1.819821 -6.359329
0.371908 -1.661940 -6.099734
3.057687 -5.192903 -6.843031
3.775594 -5.581550 -4.847198
3.894901 -3.539558 -3.767503
5.063556 -3.318559 -0.995805
6.815311 -5.467282 -0.826926
3.624018 -7.408584 -1.624455
3.159416 -5.995459 -2.168065
5.276411 -0.415898 1.914369
5.143647 1.394891 1.626778
4.575989 0.454104 3.598683
4.466068 1.266977 8.921301
4.447083 7.457963 8.146492
2.164381 3.349677 10.065934
4.110005 2.243188 7.708194
0.513797 3.623504 13.715878
