9.695362 -11.725959 7.792917
3.433998 -11.020364 1.862288
3.559084 -12.002286 2.456213
5.332965 -9.422799 -4.555336
3.583879 -4.496181 -1.643555
-2.956422 -4.732983 -0.341495
-3.532757 -4.912406 -0.139429
-4.604326 -4.903680 -0.293932
-2.661854 -4.003837 -3.460214
-2.220672 -4.765346 -2.526448
-2.230941 -5.498430 -1.268845
-2.401719 -6.873454 -0.097956
-2.620540 -4.558688 0.246846
-2.011870 -4.577552 -4.371134
-2.848690 -5.870434 -7.618279
-1.692872 -9.158714 -5.990413
-0.210248 -6.150133 -6.179598
0.504022 -9.580903 -5.281628
2.949462 -5.762690 -6.131085
5.054993 -6.465742 -5.226783
-1.694153 -4.314191 -5.788255
-0.378173 -2.952805 -5.936183
-0.298346 -4.412305 -5.872989
-1.342448 -5.372753 -6.469991
-3.574070 -2.948038 -5.554368
-2.104816 -4.964471 -3.523393
-2.507039 -7.331205 -3.816809
-2.183879 -2.523491 -5.185065
-2.556772 -3.024194 -5.147837
0.168151 -4.092734 -5.197302
-0.529767 -3.610836 -6.182361
-4.079707 -2.751303 -6.349018
-2.125181 -0.460161 -4.696144
0.217754 -0.560718 -5.500547
-2.619923 -2.446773 -5.233294
-3.871559 -4.400832 -4.236190
-3.515445 -7.002608 -5.094528
-1.535633 -5.055379 -5.177841
-1.148277 -3.940719 -5.910460
-2.550018 -3.128470 -5.605182
0.501656 -6.986074 -9.995264
1.583145 -6.808519 -7.009387
3.853097 -6.136099 -6.564025
3.297571 -3.996047 -4.430466
7.841541 -5.096617 -1.145155
4.893604 -5.324094 -3.262926
5.721436 -6.335104 -0.787042
7.147438 -5.908273 -1.745691
8.274149 -4.939715 -0.860276
-2.793986 -3.857850 7.929782
-4.413822 -3.584112 3.632958
-0.344809 -4.398404 5.025770
0.204947 -3.141091 6.918722
0.450211 -4.179643 7.542953
-2.894723 -5.745591 4.626076
-2.286915 -7.061377 0.771198
-1.937171 -7.498939 1.058294
-3.362031 -7.241740 2.602949
-4.041889 -8.444842 6.906011
0.152939 -6.897754 5.343707
-1.825234 -5.913657 5.269001
-4.327862 -7.082554 3.278137
-2.584040 -5.547418 1.845104
-3.610588 -2.404803 -0.955402
-2.444120 -1.908250 -2.717553
-4.731143 -2.662095 -7.002747
-0.751412 -6.188203 -5.820970
-1.029380 -6.184301 -5.434967
4.651111 -8.382238 -6.749062
3.404735 -4.848950 -0.502881
3.287681 -7.474782 -3.790564
7.463595 -5.420825 -4.534479
8.398846 -8.620918 -1.656248
3.337464 -7.735474 -1.736274
-3.153657 -5.170974 0.788239
-4.232565 -6.719049 1.411333
-3.410159 -6.458289 -1.419485
-2.043294 -5.365667 -2.230422
-3.564212 -9.288427 -0.450320
-2.483104 -4.682739 3.197337
3.101264 -4.401345 -0.594609
-3.399127 -0.168624 -2.828612
-2.459224 -1.861920 -2.714288
3.205625 -5.941606 -0.952246
3.660175 -3.498918 -1.479860
-2.107083 -3.395092 -0.568859
3.427647 -6.593779 -1.170757
1.509239 -4.858202 5.013436
3.359614 -5.271053 4.932921
3.185301 -4.926245 5.068314
6.623291 -7.264977 6.788515
3.805360 -6.081253 8.048537
8.113047 -8.728735 8.731447
-1.357998 -9.832292 5.542068
-1.425845 -7.246664 5.078047
-3.229440 -6.810561 5.075025
-6.603605 -1.685717 2.550187
-5.612206 -4.665599 2.237746
-4.240158 -6.460699 2.248339
-4.568399 -3.088759 3.434515
-3.022771 -5.377539 1.457171
-2.938095 -4.212144 0.763440
-2.851585 -4.825253 -1.189177
-3.921014 -6.063877 -0.257080
-2.166913 -10.581654 2.179226
1.070978 -11.982917 4.129436
2.828270 -10.954203 6.638258
-1.409199 -7.146693 5.166182
-0.561010 -6.545525 6.226310
-2.171716 -5.894800 4.953767
-1.484738 -4.960973 7.591348
0.588020 -3.907255 7.688307
0.528460 -4.136792 7.328192
4.463974 -2.919090 4.810749
-2.461737 -5.423479 1.434478
-3.656188 -6.744961 1.557757
-4.405830 -4.339100 1.943915
-3.551682 -4.088078 0.069442
-4.108777 -2.917476 0.302523
-2.885494 -3.982510 0.232470
-2.295154 -5.243547 0.471773
2.864705 -4.230823 6.703293
4.616523 -3.333860 5.331129
3.476162 -2.994437 -0.808362
3.264386 -5.154410 -0.937998
4.135159 -3.629138 -0.501905
5.682566 -6.641892 -2.579143
3.235512 -6.352659 -3.599118
3.918574 -6.506557 -4.487068
1.638010 -6.321823 -7.187907
-1.044472 -4.199528 -6.139673
-3.009202 -3.235837 -4.476148
-2.369259 -2.865542 -4.323408
-2.912549 -5.984694 -4.591015
-2.154390 -8.767522 -2.212138
-2.472719 -7.783584 -6.498972
-2.056973 -5.305573 -5.994487
1.601743 -8.492887 -6.350672
3.348493 -5.241839 -5.938843
-2.176973 -7.734940 -6.616788
-2.838133 -5.442794 -6.928690
-2.002675 -6.630451 -2.817279
-3.370024 -3.103855 -1.234014
-4.543851 -3.227230 0.226955
-3.757413 -2.475238 0.225366
-3.040851 -2.067416 -0.158044
-10.085496 0.062374 -1.395728
