-16.098299 19.341234 -6.951713
-6.329935 8.795096 -2.218679
-0.380351 5.359619 -0.435031
0.567592 4.869693 1.133722
1.918083 4.189535 -3.604608
1.549932 5.192762 -4.819155
2.167541 3.888717 -2.018672
1.786243 6.330228 -3.036108
4.393700 9.192238 -3.839760
5.850567 6.676054 0.304130
5.347981 6.980247 -6.111259
4.581936 4.307096 -5.681492
5.207769 4.389408 -5.629469
1.729791 1.378551 -2.496935
1.838079 3.378875 -3.520005
1.718616 2.478040 -3.976122
2.002286 0.941216 -4.621737
4.724692 0.447006 -2.495948
7.500823 1.320035 -2.668996
9.142140 5.813776 -2.135540
1.318472 4.440296 -4.064435
-1.422828 4.922243 -3.442197
1.697243 5.715649 -3.362227
1.843614 3.331173 -1.666438
-0.643007 2.327668 -2.220990
2.135686 3.064559 -2.036926
1.041459 1.149450 -3.534155
1.346947 1.351089 -3.848703
3.234133 1.618285 -7.073441
6.843808 3.500770 -7.262733
5.412190 3.074924 -5.553507
6.370399 4.173568 -7.162579
7.910319 2.528072 -5.443196
8.508963 3.672971 -2.357063
3.647171 0.968454 -5.425265
5.355470 1.389267 -4.740291
5.758842 1.193993 -2.162912
4.036076 1.485026 -5.408738
2.943551 1.043183 -6.725230
12.201455 6.032440 -9.189584
8.536077 1.071119 -3.472170
3.843663 0.551167 -3.681799
4.670376 -0.261294 -2.013710
5.495308 1.274330 -0.755590
4.665288 0.581247 -1.802989
5.216468 0.889735 -1.777816
3.924078 0.197548 -0.496168
4.415704 -0.013539 2.329219
2.133638 -0.730779 3.892805
2.668145 -1.711503 2.514525
3.106290 -0.584393 0.552260
11.009474 1.644201 -0.086352
7.221622 2.343282 0.520795
7.777234 1.977060 -2.184354
8.224492 5.939521 1.580912
7.854174 3.439925 2.484012
15.079316 4.178099 4.605246
