0.821999 16.242592 -9.949025
2.461053 10.767813 -3.049185
7.104895 8.438389 -1.742271
8.259082 3.340297 -3.012180
10.802594 2.282436 -2.245992
7.662949 1.266285 -2.016973
6.398873 1.525828 -0.843043
4.123794 0.143478 1.006944
3.099122 -1.368495 1.749811
3.534259 -3.354913 3.993843
2.648427 -2.559036 0.370270
3.104351 -2.564700 2.611575
3.484987 -2.891837 3.698568
1.400662 -2.974397 2.924957
-0.839488 -3.644824 2.262550
-3.405412 -4.663303 2.376134
-4.524803 -6.506845 4.489714
-2.313608 -6.920308 4.591311
-2.867530 -5.486035 2.242698
-4.662691 -6.300561 4.514739
-2.339629 -3.403384 2.469769
1.321370 -2.044616 2.251312
1.545714 -3.657734 2.798249
-0.283038 -3.313385 1.493829
-3.870678 1.320111 3.374710
-3.697317 -0.413364 4.107335
-3.885557 1.300272 7.183906
-3.332251 0.141569 6.973355
-3.560393 0.648662 2.644263
-4.770014 0.323132 6.631184
2.249235 -1.074834 7.161217
1.815965 -2.008235 5.981777
1.941951 -2.621284 5.291806
4.612820 -2.776679 8.133561
6.326006 -6.790190 8.081779
9.651641 -2.627834 8.808291
8.680544 -1.120197 3.569893
10.441586 1.530932 6.257759
8.080465 -1.570998 7.277986
6.982175 0.831276 7.534455
5.414194 1.242412 4.978993
7.118493 2.056655 6.071487
6.964020 0.497320 8.392597
6.060439 1.304731 3.768918
6.152564 0.115497 1.051353
6.081399 -0.167149 1.415920
7.293985 -0.210570 1.146721
3.420948 -0.351340 2.899759
3.224869 -4.748133 1.376675
2.663439 -2.931000 0.312783
2.537242 -1.056785 1.559071
4.098284 -0.407908 3.032925
5.178414 -0.197097 1.042547
4.021417 0.258524 5.039950
9.415044 -0.068932 -1.960621
10.190580 -1.690165 0.354835
10.867077 -3.422008 4.871872
9.334940 -4.155615 3.978934
12.032170 -5.948397 2.997367
9.069077 -5.513531 -0.293069
8.755895 -5.743645 3.979219
2.762506 -4.143315 0.721282
1.314134 -3.427660 2.008328
2.375355 -1.795440 4.641363
7.049420 2.743430 8.968043
5.709799 0.669686 6.310770
5.224094 0.493723 4.550063
2.055661 -0.642048 4.131306
2.898593 -0.361806 5.556323
3.227460 -3.112513 3.055073
3.200336 -6.240828 0.659643
1.936775 -4.449237 -0.617232
2.201036 -5.789661 -0.005687
3.195187 -5.573323 5.473751
2.995537 -7.031187 5.261220
2.226449 -6.099040 2.584614
2.035375 -2.586027 2.520052
3.015233 -2.714591 4.029987
3.495437 -2.743976 3.420974
3.160656 -4.496447 2.723839
2.919249 -2.948139 2.391087
2.501425 -2.843875 2.866323
3.576410 -4.122975 3.878626
1.255406 -5.208393 3.019797
1.667135 -6.088896 2.441074
3.315269 -5.859664 1.816228
3.035649 -4.587328 3.285287
3.423129 -7.766002 3.554873
3.091184 -3.960147 3.844861
2.333432 -6.058979 5.273850
3.508751 -1.276046 3.296011
2.448095 -2.127702 4.070806
2.740396 -1.712710 5.155545
2.954378 -4.909968 5.630376
0.599006 -5.629689 2.625218
1.162308 -4.245102 2.511308
5.647517 -2.652512 7.269504
6.192891 0.208793 7.080647
6.127111 1.618170 4.857784
5.270188 -0.204547 3.226275
6.134231 -0.533905 3.626039
6.383736 -0.476502 4.885787
4.015468 -0.231816 3.469573
2.072703 -0.102754 2.491265
3.421698 -1.720533 4.764657
3.038198 -2.953739 6.557843
3.067631 -1.266162 6.934058
2.810516 -3.319506 5.350088
1.958586 -3.319014 6.781791
-2.394938 -4.313544 8.705667
-0.498977 -3.824664 1.747594
-2.463468 -6.209442 4.714946
-2.171033 -5.401400 3.356691
-2.734732 -3.791871 3.218797
-3.506201 -5.375699 2.046947
-3.736260 -7.475584 8.361134
-0.194061 -7.285451 9.051809
-1.007868 -5.475333 7.838211
-4.144671 -3.424986 2.890929
-3.584903 -3.793733 1.967328
-3.393621 -3.867805 8.542850
-0.683239 -6.363173 8.445926
-1.045519 -6.294070 7.490134
3.283590 -4.994750 6.126505
3.466010 -4.347914 5.644444
2.484973 -4.903100 2.969501
2.536000 -3.441635 4.477168
2.423036 -0.945101 7.248099
5.819572 -4.173814 7.651444
8.685228 -6.147226 7.106106
9.115118 -4.482829 4.926795
9.551990 -1.076093 3.885921
6.662159 1.767145 4.640308
3.935500 0.384071 4.739813
2.182270 -0.395905 4.542868
2.645644 -3.550353 4.387748
1.749507 -3.493135 2.952642
3.153795 -2.299660 4.188086
2.688955 -3.089357 4.263969
3.158566 -0.295568 3.105696
2.207231 -3.346543 5.771261
4.472547 -4.780887 8.138729
4.705705 -2.319023 8.210677
3.833170 -3.462054 7.264204
3.860938 -1.864468 7.937802
1.195688 -2.642097 8.341219
3.128093 -0.778874 8.078432
3.345625 -4.461518 5.641397
3.345259 -3.237549 4.124310
1.659591 -2.246067 1.888196
2.623538 -2.119320 6.445607
-0.173100 -1.587038 2.629378
-3.184675 -5.631389 4.288857
-7.178610 -6.978329 7.009618
-5.054579 -3.573135 8.834695
-3.495822 -3.934351 9.160428
-3.389503 1.613272 6.827646
-7.587337 3.467542 9.554763
-5.147748 1.122927 5.669741
-3.935866 -2.879465 7.563863
2.828124 -0.056700 6.485421
3.107813 0.091811 6.866288
4.844579 -3.752069 7.399490
2.198913 -1.693934 3.970017
3.399668 -2.007927 5.603693
2.381402 -1.902499 6.713252
-4.070127 -1.178610 4.158602
-3.998735 -2.538027 2.728433
-0.581173 -5.884064 8.067421
1.055188 -5.457689 4.122375
2.746938 -6.159780 6.386632
2.000660 -3.781263 7.230248
-5.803476 -6.110014 10.282956
-4.469608 -2.201413 3.159098
-4.110820 -2.635336 5.472107
0.263592 -6.446507 8.212748
-1.050940 -3.406317 8.678076
-5.058129 -3.323884 6.856726
-4.737005 -2.194993 7.124296
-3.639192 -4.602503 2.881292
-2.190434 -4.961714 2.316520
-0.591965 -3.013992 2.914253
-2.630883 -1.740741 3.087680
-3.494585 -2.476254 3.005276
-4.991469 -1.845736 6.825517
-5.985028 -2.060822 4.268582
-4.744534 -3.160110 4.842340
-5.248158 -4.109425 3.144805
-1.876281 -6.031116 5.019268
1.486448 -7.642310 5.233494
0.488889 -6.146917 3.712496
-2.596712 -5.734584 1.805360
0.660713 -2.869303 2.529201
1.192590 -6.396787 7.891203
0.344781 -5.773993 4.952982
-0.262812 -3.127645 9.518025
-2.591026 -3.046549 10.093852
-2.285365 -1.747740 10.160333
-3.470006 3.352829 11.352016
-3.711355 -1.127957 6.027684
-3.649407 0.611430 6.039863
-3.996863 1.445827 2.143417
-4.507842 1.239810 5.317716
-2.849152 -0.554581 2.856282
-4.050134 -4.234578 3.643129
-2.908166 -5.643004 5.356946
-1.826438 -6.696608 5.574875
-0.122795 -4.702217 9.990976
-0.064398 -4.754914 8.869843
-1.661227 -1.456156 9.270118
-5.765923 -2.174863 6.337665
-3.695724 -2.354385 5.971415
-4.897644 -4.643271 4.747342
-4.692820 -5.086169 3.819773
-1.593745 -6.589193 3.960814
-0.380389 -5.873772 7.687890
-2.263462 -7.161951 2.760258
-4.500190 -7.351657 3.632176
-3.664156 -5.185092 4.857238
0.828914 -6.222297 5.255299
1.826864 -3.162058 8.370337
-0.646697 -5.218206 8.491975
-1.697790 -2.815073 9.621745
4.460966 -7.493681 8.491097
4.017526 -5.681820 9.819118
2.345792 -5.232275 5.683560
2.724692 -3.403204 6.232349
0.690667 -3.752483 11.406782
1.337926 -4.121894 8.621323
0.478503 -5.749346 9.305741
0.568362 -0.191130 9.086884
1.118589 -0.654839 9.296658
2.498854 -0.066538 6.107635
3.154518 -0.549913 5.779823
3.042225 -1.256052 3.405642
2.330888 -1.210482 3.592223
3.254479 -3.903053 5.445240
3.512305 -6.514688 7.008458
6.536986 -9.725901 9.890145
6.169230 -9.224858 11.157904
7.104356 -7.518852 11.138806
6.643889 -5.267023 8.312099
9.343837 -3.885150 7.701614
10.775253 -6.430853 8.292664
9.270122 -4.593693 6.151386
12.966689 -11.900558 6.380943
18.433382 -17.848070 8.358623
