12.669373 11.444179 -0.703851
5.996511 7.460016 -0.741025
2.066204 7.458072 0.400190
1.787023 5.213147 2.964933
-0.126008 3.259430 2.462095
-2.996578 2.382296 3.160025
-4.356853 1.196514 3.064368
-4.361217 2.388696 5.281781
-4.226058 1.609514 7.619672
-3.879034 -1.900167 6.410745
-4.766990 -4.321988 3.233230
-3.233927 -3.508641 3.333999
-4.948083 -3.423025 5.646542
-3.711488 -4.270442 7.591920
-5.347954 0.576196 4.178484
-4.503803 -2.855671 4.975872
-4.976113 -3.584146 3.791638
-2.401413 -1.575232 2.750215
-2.180223 -1.860760 3.171145
-3.669783 -0.325963 2.048618
-3.453748 2.161960 3.255011
-3.245438 2.476938 7.074725
-3.546188 4.119519 5.720963
-4.816823 2.422179 3.528016
-3.518659 2.011468 4.324932
-3.554679 2.478566 7.864412
-3.570142 6.281748 4.136385
-2.909476 6.894017 3.843957
-0.281865 5.552301 6.219793
-0.505831 8.623601 9.386968
-1.160364 4.575150 9.585351
-0.045037 2.943336 9.046594
-3.325084 -1.845784 10.851959
-2.197152 0.517953 9.074089
-2.577172 -1.208299 8.813471
2.179919 -2.550074 6.792081
2.599983 -3.809866 8.084285
3.135347 -1.145433 8.665162
2.909243 -3.455927 6.655593
2.742725 -0.954563 6.972961
3.358394 -0.011869 5.994017
3.192228 -2.164297 6.981816
-0.541734 6.522676 15.279417
1.102260 5.192144 8.522416
-2.922829 1.537965 9.032696
-0.183238 2.011652 10.500224
-1.766383 1.012175 8.918195
-4.449438 4.058154 10.368259
-6.507433 5.462019 10.983418
-6.238211 3.454524 11.227970
-2.780229 2.171883 9.185632
-4.209172 -0.422604 7.461410
-3.233897 2.650887 6.665485
-7.860628 3.022511 10.194292
-4.466388 -5.221462 4.725097
-3.229149 -4.475259 3.225454
-4.209195 -4.042321 5.077366
-8.533985 -3.740038 10.332959
-7.825174 -0.500593 6.790401
-6.042594 0.802614 6.403457
-4.836749 -2.764658 6.451259
-3.597297 -2.349567 6.167882
-3.730622 -0.344335 5.587898
-5.683409 2.637098 3.971362
-2.200719 1.547917 1.488552
-2.645041 1.307812 3.099142
-1.777281 0.171922 2.955693
-1.742831 -6.173836 8.174122
-3.529477 -4.046148 5.404154
-3.711239 -1.804576 3.029533
-0.831041 -0.260740 8.281563
-0.843254 1.089349 8.887979
-2.960252 3.706332 8.501928
0.459977 6.110120 8.441099
-1.298615 4.789484 11.135761
-2.453467 4.991851 5.741229
-2.008975 4.869371 5.257031
-0.583758 6.026495 5.920383
-0.067766 5.696522 8.835880
-1.593059 4.963829 6.688206
0.168378 4.813556 5.919616
-5.129472 5.258093 4.188208
-4.489740 2.856248 5.993407
-3.478817 2.340784 3.969232
-6.527055 4.737312 3.549357
-3.018559 3.686873 3.097718
-2.880465 2.277149 1.758600
-3.480787 2.326704 4.210310
-3.587667 2.543768 5.157830
-3.605515 2.788352 7.488611
-1.689291 4.181394 9.978083
-1.072868 5.479718 7.689501
-0.562032 6.412323 6.362060
-0.929737 4.881186 7.365949
-2.084812 5.337931 4.869419
-0.305400 7.560165 9.830692
-3.669541 2.919560 7.195247
-4.918460 2.518840 3.944520
-3.653338 4.985321 5.506640
-5.755082 4.249611 3.917785
-5.940673 -0.674701 5.308309
-2.810306 1.045133 8.245406
-0.779193 2.948350 8.883192
1.798902 0.728220 8.495860
-2.119295 1.567411 10.656240
-2.129922 -1.875418 8.825311
-1.552826 -9.104593 8.065711
-4.718049 -3.804848 4.692243
-4.875711 -5.104954 2.766926
-7.033811 -6.908228 1.844962
-4.975230 -0.412834 5.896170
-6.132438 1.463938 3.616102
-5.745175 4.474186 4.179809
-6.943014 -1.932323 5.912445
-7.205692 -1.563693 5.074714
-4.254763 -0.853167 4.838359
-2.597783 5.165839 5.369428
-2.849053 8.326624 10.044135
-2.618864 6.148701 12.722242
-1.299302 2.846359 8.333230
0.495456 2.985063 8.703204
-1.384833 4.900826 6.120141
-0.250183 5.752613 4.112974
-1.102653 4.470309 1.878891
-0.807357 2.866870 2.677304
2.202931 1.620351 6.553178
2.117325 2.000380 9.384531
-0.868926 2.447304 9.162744
0.452392 4.335027 10.059108
-1.429879 3.922806 8.770454
0.314609 6.575205 11.368341
-1.854499 5.923103 7.084062
-3.613653 5.184854 6.234169
-2.837757 6.214888 7.220573
1.098073 5.386091 4.103305
1.555894 5.480422 4.173495
1.015279 5.680898 1.571600
-2.257848 6.468735 0.284269
2.311318 6.590133 2.145150
5.158440 7.430697 2.567578
5.686030 6.487691 6.910129
2.226997 5.307234 5.911430
2.761281 5.223005 5.749243
-2.174278 5.225774 6.766096
-1.114114 4.768382 6.187479
0.158529 4.588014 1.580110
2.067032 5.161491 3.141536
-0.352463 2.299301 2.628972
1.694575 0.994770 1.458986
1.580300 1.513016 1.741748
2.581594 1.294451 1.583892
-2.304297 -1.017263 2.681696
-4.440096 0.294328 2.386555
-1.842956 3.173161 9.017693
2.023698 4.489741 10.846243
1.810545 1.297841 6.841716
2.505979 1.367408 4.806700
1.996953 2.928925 5.127842
-5.401666 1.422229 4.819757
-4.513942 0.784805 6.545717
-2.612614 1.290933 3.048873
-4.143026 -1.156376 3.886640
-4.666580 -2.886512 5.798527
-2.841256 -1.826615 10.451587
-0.973939 0.080055 3.078920
1.785358 -2.299179 6.029825
2.532291 -0.230874 5.314024
-0.094038 5.095100 7.294492
-0.024914 5.375568 6.505003
0.161299 5.793781 4.278328
-0.135439 6.305625 1.098114
-1.530136 3.015501 3.177958
-4.260877 2.652226 4.491291
-0.538985 1.970247 8.540537
-1.427449 1.840882 2.245218
-2.062509 2.003320 2.197301
-0.467878 2.910056 1.914825
-2.321294 5.099269 9.303267
-2.178480 4.892776 5.272079
-4.312202 5.088619 6.362633
-4.503871 2.613285 5.969170
-5.012526 3.483103 4.114108
-3.990755 2.038296 4.926475
0.845247 5.878510 3.580547
-0.165766 4.338935 2.979432
-0.493025 3.034177 2.706574
1.608737 5.283062 7.994594
0.049918 4.439034 8.549316
3.064000 5.919291 7.158396
5.965212 6.766068 8.176719
1.172306 3.249835 3.149787
1.348906 2.013695 2.320392
-6.230022 2.922861 5.806526
-4.256753 2.505571 0.662785
-3.436316 3.179704 4.064995
-4.946816 1.560434 3.525186
-4.888070 2.071193 8.389755
-6.603871 2.934901 6.813070
-4.631766 1.752981 8.047632
-3.643973 3.497246 4.937211
-3.362640 1.677528 6.827065
-4.680556 0.796660 7.405371
-3.266006 0.738189 3.773996
-4.551234 1.872009 8.900646
-5.428660 1.608297 8.303776
-2.295000 2.723059 8.266725
-5.492073 2.350692 11.448326
-3.757966 3.921284 7.025630
-3.990534 2.148428 7.107469
-4.808594 1.431026 2.108397
-3.606499 1.774466 3.541720
-3.599137 5.418627 5.547131
-2.700252 5.188951 5.106833
-0.425002 7.077152 4.307670
0.743172 4.936846 7.018894
-2.684650 4.966698 7.992982
-0.565507 3.451685 10.263850
-1.929082 2.645743 9.653098
-4.681726 2.276221 8.347396
-3.352278 5.683061 10.785064
-4.110877 6.071551 7.528159
-1.948285 5.709362 6.184869
-5.004739 6.342744 6.513892
-3.892040 2.299386 3.291208
-3.451092 3.244983 3.021315
-2.534896 4.317546 3.135340
-1.346287 5.207050 2.755224
-0.922220 6.289684 4.263757
-0.304421 4.729555 4.157707
1.088305 7.088636 4.185064
-0.499088 4.923818 5.715328
-0.336902 4.935684 3.291369
-1.301340 5.591851 5.116527
-1.732680 3.686874 2.234969
0.485235 3.476310 3.217140
-0.600949 2.541840 2.516104
-1.467980 4.132368 2.694409
-2.096399 6.557720 2.652726
-0.661771 4.402268 3.119820
-2.974241 -2.876790 3.145272
-3.919702 -1.595018 2.413754
-3.377475 -2.289996 3.734559
0.815072 0.704881 3.060149
1.947268 0.394389 5.576975
3.442900 1.350281 5.958005
1.939965 2.178042 4.633130
1.982948 0.884360 4.887499
1.899232 2.414976 4.850883
2.102100 1.396777 7.866112
2.510509 -2.400069 5.824540
2.141964 -1.854498 3.331126
2.530784 -2.503375 3.687727
1.968097 -3.871350 5.223570
-2.361973 -7.233958 7.831131
-1.986387 -5.646888 6.324932
-1.023292 -5.484917 1.483978
-2.752625 -4.458868 2.429652
-6.224818 -2.667037 3.007497
-4.892678 -0.556015 4.679604
-4.573038 -0.401825 6.365086
-4.733091 -0.837401 6.250502
-0.767172 1.136338 8.449845
1.759220 3.231226 9.170383
-0.949746 0.520417 3.046293
-3.713906 1.007064 5.143232
-1.408918 -0.630783 9.554946
2.222447 -3.340568 9.686080
0.474746 -3.036570 8.256449
5.435618 -2.371253 8.404168
7.290329 -4.710241 9.012424
3.830761 -5.532880 8.143703
2.499796 -6.902714 5.181103
1.868466 -6.351912 3.990007
2.287925 -0.717537 5.394710
2.004077 -4.828012 5.381196
2.232756 -2.256053 6.238644
3.005821 -2.625524 4.087927
2.990964 -4.819429 4.277629
1.407622 -6.479917 2.964240
2.445130 -7.160629 3.323680
2.572211 -6.013981 8.307563
2.508340 -1.281312 8.627872
0.673051 -2.448436 8.242219
-1.334452 -0.244637 3.050933
-1.230197 -0.529831 2.557080
-1.699043 -1.281638 2.417069
-3.891330 -2.790231 3.199668
-5.395516 -1.171592 2.686988
-6.763752 -3.060799 2.863369
-8.065726 -6.305575 5.321810
-0.985266 -6.796142 6.964996
1.188319 -6.046478 6.138172
0.430334 -6.723085 3.286432
-1.220325 -6.068500 4.008460
1.920326 -10.207989 6.938354
1.156429 -6.862774 5.806683
2.883886 -4.051859 4.026695
3.141297 -4.285128 3.687317
2.822864 -3.278174 4.811282
2.035190 -3.036080 6.823726
-0.267082 -4.724088 8.907438
2.762540 -0.243705 8.619865
3.130748 -0.209868 6.706818
0.748179 -3.595574 3.156129
-0.679780 -4.435459 2.834321
0.778579 -3.864726 0.758329
0.660273 -6.000952 3.854753
0.843158 -5.848111 1.492762
-0.721382 -4.356910 2.813277
-2.639222 -2.892231 2.710461
-3.172389 -3.462859 2.846424
-1.529058 -0.036975 2.554862
-1.038552 -1.527289 2.722625
-0.998457 -3.535313 2.510281
-4.027243 -2.833877 1.635380
-5.595425 -3.540879 1.820734
-0.054364 -1.006296 3.024966
-3.757696 0.291684 1.617092
-4.014564 -3.287551 6.520145
-4.736351 -3.926980 5.732543
-3.371789 -3.427496 5.283151
-6.544107 -3.597892 4.400076
-4.927655 -1.628726 3.052185
-3.827465 -2.927751 7.504390
-3.469562 -3.830200 7.749470
-5.866897 -3.546480 6.791508
-5.371045 -2.061342 5.561556
-2.544240 -1.251868 9.172870
-2.635986 1.626302 9.232741
0.597105 -1.171229 8.464989
-1.023858 -3.214687 8.565107
0.988003 1.112384 9.211952
7.216574 -1.783264 12.430610
2.542272 -1.260827 5.800787
1.923647 -0.992571 7.520771
1.416925 -3.733850 13.794065
4.049784 2.275908 5.344658
4.169810 2.331847 5.780836
1.399549 3.681650 8.690957
-0.437292 2.247708 9.130569
-3.499932 -0.728884 8.568235
-3.742229 -1.452568 4.520199
-3.426443 -4.955812 3.749122
-3.438083 -7.147323 1.639900
0.333132 -5.796078 1.884287
-0.098499 -5.450283 6.490160
1.911430 -0.912989 4.066019
1.908030 -0.340280 7.817788
-3.323082 -1.121004 5.066731
-3.568520 -0.780247 11.024820
-1.763288 0.209811 8.782945
-3.204334 -1.040160 8.562059
-5.186302 -2.387648 6.886842
-9.712838 -2.326225 7.023653
-6.583498 -4.986732 6.142781
-3.667529 -0.953407 6.558024
-3.794957 -3.032208 5.954109
-5.925534 0.919907 5.443795
-3.797672 0.112503 5.508895
-3.807303 -1.932032 2.324927
-2.315538 -2.290008 1.632959
-1.693766 -2.470458 1.747318
-2.097066 -3.650822 2.680511
-5.539629 -3.776453 1.801795
-3.830846 -4.261622 2.999538
-2.009436 -7.558766 2.322621
1.130930 -6.178366 6.418137
2.386913 -5.291847 6.909636
2.150311 -4.057884 5.929273
2.689727 -4.233667 4.794694
-2.742567 1.147788 9.047029
-5.265900 -3.669333 3.316866
-3.374339 -3.236933 3.201982
-4.333256 -0.369770 6.011401
-4.870278 -0.636635 7.603571
-4.839344 0.628637 7.225523
-8.177009 2.614157 4.215487
-9.357022 5.335410 6.526835
-5.325021 -0.390929 7.102738
-4.441349 -2.388001 6.988492
-2.744914 -1.781067 9.141694
-1.237420 0.651756 8.855721
-3.467496 0.428562 3.526176
-4.650607 0.867871 4.068960
1.221178 6.402754 8.018416
1.810845 5.884325 8.146796
-0.551991 5.006363 7.795510
-3.529364 5.819118 3.453779
-1.306837 6.023897 7.716324
-0.690630 6.274235 7.895766
-2.371230 5.696920 6.396824
2.187154 5.163479 6.368027
4.425261 0.214372 7.184782
2.114331 -1.680721 5.920638
2.539892 -3.814851 5.774453
2.816818 -2.491191 4.917403
0.768399 0.904224 11.013498
1.794523 -2.790483 4.896042
2.084575 -2.856831 4.941760
-2.125726 -0.654212 8.513843
-1.767622 5.429875 9.664824
-1.897069 -1.292070 8.378040
-1.069738 1.343441 9.105403
1.979621 0.110095 8.010125
-2.247404 6.427027 3.938979
-1.641767 7.168925 7.410834
-0.848934 0.640778 3.219220
-3.195513 2.651803 2.708592
-3.436810 3.242880 5.032614
-3.939861 0.863626 5.107192
-3.443506 2.375818 6.152466
-4.497520 1.970480 5.880938
-4.301847 5.326266 6.488932
-0.064468 4.858737 9.332684
0.127124 4.519496 9.759160
-1.208008 3.851242 10.114498
-4.534407 3.165556 15.100829
-3.813936 1.023799 6.178529
-3.921210 0.292558 4.848356
-4.946084 0.291787 4.800118
-3.791687 0.453755 2.915028
-1.189095 1.272087 3.059922
0.258445 0.380853 3.118623
2.801579 0.676255 5.594641
2.121426 1.581786 5.999199
2.544942 1.872622 7.692550
-1.243784 5.110498 8.309825
-2.415715 6.489838 6.166229
-1.174307 5.727610 6.024110
-2.473022 5.545936 7.315550
0.577378 4.213397 8.923418
-1.960582 -0.791393 8.237550
0.482062 2.671106 8.418844
1.064926 2.802245 10.994886
-1.199912 -0.610714 8.644143
-0.535688 3.886909 8.710586
-2.106333 1.158267 9.826612
-8.476678 -6.580256 10.622974
-5.220020 -6.752425 6.503609
-3.228569 -4.069087 7.566296
-4.157347 -4.735055 9.222870
-4.825286 -4.016385 8.685855
-5.240540 -3.516690 5.904405
-4.601465 -1.214197 5.004330
-4.985148 -0.005958 5.042736
-4.162559 -2.593153 5.206777
-3.464143 2.943937 3.511289
-6.237096 1.765965 4.275233
-3.320545 2.986313 3.862216
-0.673856 4.573168 1.793573
-0.076068 5.548600 5.993233
1.030944 8.153090 5.782757
3.653945 2.659020 7.407792
5.511551 2.340430 6.406790
2.887211 0.548752 8.968649
-0.510055 5.910045 11.196807
-1.586982 3.445623 9.902224
-0.961402 4.728420 10.769422
0.605132 2.266284 8.699309
