-12.933963 5.464303 0.309429
-6.605204 5.040568 2.530075
0.104619 3.141894 0.987134
2.033259 5.264445 2.329720
-0.131938 6.200482 4.473444
0.683606 5.328001 2.980767
1.357017 7.929048 1.482246
3.102221 6.657831 4.400189
7.853635 8.120071 5.404711
3.198613 5.019481 4.584526
2.782999 6.227202 5.612826
0.432956 3.306916 1.843625
-0.931593 2.243036 2.978212
-1.503019 -0.289895 3.050862
-3.455630 2.058190 6.227037
1.311970 5.360276 2.185592
2.031589 3.849250 0.157243
1.463733 4.180742 1.298569
1.753611 4.129210 1.727295
1.952576 5.574953 1.122510
1.691984 4.662873 1.648444
3.297146 12.393475 4.287926
5.807859 8.114487 2.349698
13.034886 3.176167 -0.881819
8.946233 2.975225 -2.636271
1.938198 3.555801 -0.566714
0.986912 5.230051 -3.142815
-0.600428 3.446152 -2.723176
2.183691 1.525445 -3.653437
2.809791 1.337593 -2.860607
0.440534 3.067425 -4.537112
2.892487 4.344296 -6.685053
4.115886 8.506173 -6.403246
4.091743 7.059961 -3.728585
0.054001 5.837218 -5.055902
1.556305 3.944180 -4.252208
0.811539 1.076939 -6.741373
2.243532 1.246129 -6.257718
2.952110 0.626626 -7.657703
2.065717 0.297505 -2.757654
2.144547 2.836246 -4.177528
4.418647 5.454233 -7.476346
5.795462 4.164469 -9.271575
3.731521 3.125181 -6.471750
3.885001 3.179984 -7.299993
3.699327 1.003929 -8.321520
6.964387 3.608807 -6.723408
2.593580 2.577209 -6.316512
0.247353 4.649262 -2.863500
1.362063 2.619125 -3.425452
1.991707 3.308489 -1.105435
0.839532 4.558643 2.071130
-0.596706 3.747631 1.948368
-0.381311 5.061081 1.405221
0.887434 2.779287 2.864507
2.103926 2.785284 3.069196
2.066918 2.856968 2.836473
1.816296 2.787716 3.294435
2.030766 5.705462 4.937697
-1.185827 5.459943 4.757089
-1.284403 5.249216 4.253604
-1.847505 4.801078 5.435872
-4.841797 4.066023 4.523851
-7.101122 1.816857 3.934449
-4.590970 1.318434 7.232164
-4.224550 1.895935 2.823779
-3.338804 1.751460 2.998064
-4.255847 2.082015 1.102976
-4.040465 2.767223 2.872958
-3.675113 3.318275 4.537520
-7.520262 2.815526 6.233819
-4.624031 2.461092 7.373702
-5.598162 4.390185 8.869955
-4.416101 5.301878 5.454989
-5.962719 4.833750 4.524488
-2.600760 2.595785 2.181098
-1.808746 2.993941 2.905563
-0.263529 2.949646 2.995431
1.885716 5.031173 2.809525
2.116708 4.586297 3.790850
0.860408 3.197327 1.401119
0.618373 3.263554 2.487517
1.838812 4.132519 3.087066
-0.408495 3.235132 2.045050
-2.365968 6.080428 1.458122
-0.337016 5.669747 4.703509
4.099437 4.454291 5.495948
4.703768 3.095690 6.104665
7.043206 2.476838 6.928627
7.577531 4.343401 9.157280
5.752355 2.150615 7.335870
2.948777 0.449570 4.294545
3.191314 1.325016 1.529175
5.780229 1.172443 -0.539959
