-0.648259 -9.096136 5.724941
0.586778 -5.446270 0.109456
2.293712 -0.531546 -2.287103
7.474675 1.622169 -4.090345
7.733833 1.963268 -8.493434
8.423590 2.495527 -4.448978
11.470615 3.133745 -5.655227
5.392165 3.847679 -6.310832
5.780610 3.719686 -7.933805
3.743099 3.710898 -6.357686
2.642704 3.425688 -5.978313
4.600236 3.023687 -7.318938
4.166342 4.440795 -7.433095
8.192795 4.316922 -5.873642
4.797662 5.913821 -6.541885
6.262533 0.256205 -7.380779
3.859530 0.974989 -4.179146
4.873016 1.182539 -4.561292
8.783284 2.173628 -7.903708
4.931793 2.982157 -6.234759
1.604418 1.148852 -5.431482
1.488468 3.241106 -4.184184
1.516867 5.282103 -5.503757
4.292320 3.285528 -7.561075
-0.458440 2.509839 -5.765553
1.836299 1.867105 -4.081529
1.990612 2.770190 -2.648119
-0.121286 6.222089 -3.816342
2.950214 6.057804 -7.931623
9.775655 5.913808 -8.621098
10.852258 11.309710 -10.325315
