12.925226 4.576741 -6.957064
9.816287 6.744138 -9.908958
7.278745 3.735068 -4.610825
7.345092 4.262408 -5.842196
5.919435 4.852709 -5.953300
4.305278 2.619594 -6.028668
3.168211 2.996013 -5.592124
4.886794 6.063050 -7.711405
6.000483 3.854001 -5.931245
5.145927 6.167931 -6.388571
5.864372 3.918886 -7.289139
3.407054 1.396441 -5.555295
0.912733 0.550233 -6.069293
1.921174 1.781582 -4.933921
1.690666 3.178737 -1.358135
1.131134 3.439665 -0.765631
0.980768 2.767062 0.058308
1.659212 2.799870 1.344949
0.759241 3.200572 2.597971
-1.310686 2.187764 2.310494
-2.683043 5.099151 3.108775
-4.792064 4.850423 10.643027
-3.076735 2.376505 8.327083
-0.686484 4.358274 8.970546
-1.037808 6.165769 7.859966
-0.629089 4.778242 5.361543
-2.919466 5.348967 5.147771
-6.093044 3.035413 4.676505
-5.047730 4.547083 6.680643
-4.849367 3.663271 6.526822
-4.140647 3.372502 6.030632
-2.735359 6.172431 10.120091
-3.350123 8.323427 10.861969
-3.608560 1.618156 6.345385
-4.493708 -0.759313 5.060725
-5.398590 -4.693966 8.084040
-2.220876 -7.642535 3.766839
3.069415 -4.997622 6.847427
-0.659294 -6.326319 5.558591
-0.921904 -6.044572 5.916842
-1.252769 -5.640079 4.178670
-0.700106 -6.688496 4.408484
-0.424324 -6.345822 3.464562
-3.453996 -5.833280 0.881633
-0.421612 -4.052649 3.191937
-0.423371 -3.279412 2.626420
0.142461 -3.202403 2.257963
0.486364 -4.487837 2.704893
-1.062646 -2.870623 2.300189
-0.269981 -1.359008 3.113039
2.834938 -1.546037 2.763422
3.034208 -4.659842 5.648448
4.717483 -5.076662 10.989914
4.409331 -1.376026 8.114921
2.834394 -5.113069 10.678450
0.879253 -3.317034 8.478302
-2.170347 -4.217158 10.247974
-1.029111 -1.550391 10.627940
-1.843169 -0.006816 9.035194
-3.501420 -0.669182 3.925114
-3.287939 -0.906621 6.893509
-3.495896 -2.525632 5.015475
-3.322281 -2.862145 7.609051
-3.233590 -2.557293 5.987188
-3.979830 -3.176895 4.274186
-3.412312 -0.384454 4.903076
-6.112543 -5.051801 5.136731
-5.719797 0.826561 1.408899
-6.179837 -0.736768 3.731483
-4.030548 -1.939670 6.017813
-3.578776 -0.024260 5.636812
-5.311623 1.671200 6.261734
-4.199726 -0.749636 5.195107
-5.147161 -0.095243 5.895751
-5.824474 -1.420346 3.736106
-1.896973 -1.226612 2.528534
-1.110628 -0.134957 3.197435
-5.409999 -2.194180 0.877060
-4.762361 -1.943421 3.756706
-5.393145 -0.547262 3.318083
-4.071724 -0.740470 3.994981
-8.643706 -1.396463 2.775628
-7.217678 -3.267026 3.920242
-7.119020 -3.980222 11.239583
-3.938103 2.514361 11.540052
-3.984873 1.487148 5.925972
-6.487360 -1.149269 5.987294
-4.279281 -2.182214 4.493427
-4.144576 0.175603 4.129109
-4.697495 0.929008 4.990804
-5.401775 0.379544 2.018475
-3.306996 -2.613510 5.826601
-5.575663 1.513418 4.628805
-2.962710 0.378689 1.344086
-1.653742 0.067347 2.731375
-1.896554 -0.929580 1.898562
-6.148388 -1.101530 4.180703
-4.378808 -0.753811 5.107736
-3.852758 -0.108208 5.450431
-3.361976 -1.322523 4.565063
-3.445497 -2.009258 3.963769
-3.750282 -3.618100 4.842621
-4.371059 -1.514565 3.767057
-3.943830 -2.940551 3.522125
-4.157531 -0.019128 6.021986
-4.686680 -3.003033 4.311556
-3.570669 -3.662224 6.928335
-3.199933 -2.784307 8.421620
0.551448 -3.465875 8.618489
-2.577771 -4.486939 10.108847
-0.054332 -7.139031 14.327624
0.948990 -2.278229 8.500351
1.933343 -2.447465 8.339711
2.057587 -1.037887 6.817670
2.029287 -0.745922 8.434826
-0.726297 -5.479035 9.398046
0.188839 -5.540735 5.623562
-4.071459 -1.940002 0.298869
-5.219996 -4.134357 4.407096
-4.994609 -2.591629 3.574420
-7.161575 -4.833970 1.893181
-2.728641 -4.163696 0.305849
-2.828541 -0.852434 2.603497
-3.462955 -1.362511 2.708056
-0.792200 -1.970145 3.193655
-5.024884 -0.757411 1.338377
-6.499815 -3.476850 3.351399
-0.978165 -1.227192 2.398340
-2.109958 -1.489841 2.550128
-3.031538 -1.426250 2.519954
-4.577017 -5.523316 5.746925
-6.847726 -6.460146 5.503636
-4.009414 -4.860773 3.677387
-1.418600 -2.564379 2.657906
2.018859 -4.012678 5.282528
2.761131 -3.095979 2.957469
2.498882 -3.413344 4.405334
3.118945 -3.238604 3.396127
-5.567356 -0.794285 3.800184
-6.514848 -3.077178 5.707802
-0.347695 -5.737069 8.841469
-2.410183 -6.304476 10.123827
-0.514519 -4.758550 8.914928
-10.035063 -4.210647 10.738486
-3.837123 -2.672782 10.978529
-1.671596 -1.891901 8.815486
-6.281708 2.340699 8.840494
-3.034998 0.413794 9.351646
-0.485738 -4.188421 1.776954
0.504433 -4.703228 2.537375
0.871135 -4.797662 2.135911
9.578727 -7.689479 4.097225
10.196423 -4.854534 4.889855
10.522928 -6.078084 8.546687
1.825328 -4.139637 2.307589
-0.487897 -6.583136 6.960230
1.140499 -5.757910 7.067847
-0.380252 -5.894332 5.734437
-1.610996 -5.429001 5.500906
0.553776 -6.193012 2.644697
2.358964 -3.383428 2.943945
2.624060 -0.979225 4.291948
3.512056 -1.661954 3.362507
3.429729 -1.086141 2.527319
3.026752 -0.625542 3.163503
3.211115 -2.586408 5.030374
3.521299 -3.825822 1.215136
2.837815 -2.835864 1.628870
1.382975 -2.219871 0.691236
2.518770 -2.816080 0.035703
2.925823 -4.856346 1.919510
3.192222 -3.645612 4.657729
2.934364 -4.814201 4.330258
2.856402 -6.025119 -2.020953
2.451667 -5.515877 -0.839635
0.983501 -5.889848 -1.387744
0.804230 -4.186506 -2.193297
2.761496 -3.603155 -0.911108
2.198663 -5.772309 0.632006
0.998819 -8.562208 -6.660036
-0.660731 -8.874247 -2.871453
3.433480 -4.745094 -3.710081
4.751547 -5.624307 -5.973015
2.704400 -8.830709 -5.597129
3.861644 -9.330270 -6.976729
2.051853 -8.479090 -5.948347
2.406812 -3.864626 -2.301842
1.237264 -6.032743 -1.642062
4.308609 -6.565369 -4.286465
6.656250 -8.376605 -3.224735
6.422253 -9.082508 -4.642012
3.013219 -6.283302 0.682769
2.785297 -5.455807 -2.742183
3.429635 -3.543079 2.227201
2.034281 -2.555892 2.254451
2.242314 -1.581015 2.471569
3.569109 -5.441158 -1.141417
3.198250 -5.666152 0.657614
1.251331 -4.696434 -2.759569
0.168264 -1.762228 -2.537017
3.451659 -3.964595 -3.982382
11.825468 -4.778805 -0.420570
10.389999 -6.693692 -0.137418
2.640992 -3.649032 -2.063959
2.764777 -3.929956 -3.460973
0.659486 -4.348158 0.988295
1.502999 -3.341292 2.433879
2.463362 -4.162899 0.922760
2.235314 -6.124876 1.480704
0.502486 -4.900393 0.907601
2.971765 -6.147458 0.022766
3.253907 -1.536916 1.545332
3.276390 0.044868 2.576039
2.847506 -0.109262 3.472010
8.727332 -2.514673 2.182318
10.846251 0.168518 3.501848
11.636763 -5.472630 0.919091
11.182326 -8.198120 -5.604030
5.161889 -7.047931 -3.672015
6.017323 -13.338732 4.745134
5.739462 -17.242367 0.328160
9.600744 -9.236669 2.271754
10.475268 -5.066824 -0.628801
11.875937 -5.781586 5.870450
8.926667 -5.811030 4.309272
9.003651 -4.997514 4.589978
1.797639 -4.782954 8.065675
1.828365 -2.818489 5.062072
2.377265 -4.811289 7.802355
3.036957 -7.124984 7.351599
1.375727 -5.911938 3.664178
3.059716 -2.189815 4.166959
2.687065 -1.363760 3.440873
5.927042 -4.690978 7.042249
3.568088 -6.110889 7.778827
3.395522 -4.674136 4.741027
5.096255 -0.210735 1.411851
4.548532 -0.465687 5.862967
10.169314 -0.969725 2.741844
9.163525 -5.790718 5.296665
3.209689 -4.425128 6.839812
1.306310 -2.341028 0.314674
3.307251 -5.490990 3.846069
1.438409 -5.772560 4.783845
1.978650 -3.341863 5.173146
3.197615 -4.022160 4.143270
6.226240 -6.850313 7.173500
2.356076 -8.262677 3.237124
3.012180 -3.497095 0.643360
1.617560 -3.908128 8.393669
3.567779 -2.941776 5.904570
2.321573 -3.224068 3.281741
2.798011 -2.339457 7.743050
3.225656 -2.767332 1.178024
2.982458 -2.803271 3.740839
2.830342 -3.981502 4.434094
2.443678 -3.974820 8.943077
2.615432 -2.316654 6.984119
2.766335 -3.502655 6.492390
3.802064 0.703334 7.016446
1.778143 -0.214846 10.550674
3.604116 -5.043532 5.280283
3.298084 -2.480274 5.492422
2.357975 -6.120021 3.976453
2.922298 -5.401808 1.455411
3.477596 -4.651411 0.270612
8.852501 -7.051810 2.167257
3.100173 -2.737007 3.920964
0.485995 -4.362067 2.077385
2.116975 -1.974606 1.974731
3.601278 -0.700457 6.102153
2.199365 -2.974287 3.527645
1.178056 -3.404174 1.624933
0.510709 -2.704343 3.189475
0.889075 -0.593966 2.422499
4.917707 -0.017816 4.601943
4.859770 0.372229 5.161990
3.070617 -2.300997 4.028121
3.416391 -1.167604 5.109861
8.994431 -4.433989 6.794653
9.088638 -5.090804 11.712439
6.506648 -5.566802 11.565792
6.248430 -3.918725 8.197550
3.645233 -2.925687 7.738227
3.297924 -1.884637 6.278364
2.160856 -2.786286 3.773951
3.068972 -1.163502 3.934460
2.148518 -1.357006 5.437754
3.866852 -3.616137 8.649252
2.865441 -2.784845 8.348108
1.625580 1.719366 8.359406
5.486429 -0.830429 9.672967
3.716055 0.709184 4.445954
2.067351 0.920999 7.953935
2.093111 -3.314033 6.035816
2.336365 0.724871 5.966640
3.035254 0.832680 5.881763
2.324455 3.776229 6.872452
1.906714 4.631287 12.766232
1.561431 4.167321 8.697209
-0.173263 1.066915 8.530644
-6.535398 2.350164 10.823734
