4.604158 11.108444 1.556743
5.155848 7.107929 -1.007890
5.897203 8.204213 0.646723
6.172069 6.807584 0.267924
5.334777 8.412136 -3.979314
1.588578 3.329902 -0.098351
0.952745 6.835775 -0.782999
2.063660 5.905032 -0.915891
1.759513 3.941583 -0.677998
1.085984 3.120767 1.418612
1.609194 4.222394 2.083564
-0.494010 5.417561 3.675270
-0.895034 6.484946 5.371627
2.854599 5.047344 4.754922
8.036302 5.960785 3.142138
7.766424 3.348154 3.608417
7.748902 3.816683 4.417855
-3.953456 -2.705352 5.304971
-4.173145 0.988612 2.634472
-1.348625 3.638582 2.239223
0.351816 5.293476 3.177474
1.837956 2.139147 2.399326
2.791142 0.255698 4.224114
1.518210 0.138105 2.204604
2.623243 1.248735 1.173563
1.673514 5.475362 1.582398
1.792747 4.798372 1.167759
1.011686 4.883087 0.130413
1.999819 4.002801 0.063862
1.323218 4.797100 -2.400021
1.154358 7.948233 -3.877985
1.789878 7.927469 -2.816811
1.932239 5.810397 -4.094904
7.491374 0.755564 -3.960727
7.732366 6.226410 -6.756443
5.374737 7.973398 -7.276457
7.718999 4.161570 -4.598511
7.759544 3.906399 -4.689706
6.295379 5.005489 -7.756453
8.548011 4.861730 -4.819081
6.918857 5.531835 -6.390233
9.927573 5.865940 -2.465783
8.702545 6.205432 -0.005317
5.157606 7.155171 -4.667352
5.832466 6.976617 -1.239553
6.377883 9.547005 1.427956
4.551299 6.644914 -3.723108
-0.251383 4.414587 -5.032586
0.983788 5.526721 -3.088680
0.157315 2.954214 -1.484989
2.043152 2.566371 -3.262944
0.893567 1.282141 -2.595251
2.098255 2.136745 -3.939903
3.283535 1.480253 -2.961753
1.934770 0.761342 -3.777478
1.165121 2.933521 -3.368425
0.896106 1.648597 -3.821609
0.344408 1.841498 -4.672530
3.929940 0.951678 -4.748002
2.213497 2.636818 -7.400779
6.200574 0.147381 -7.739277
6.215973 0.695249 -2.953060
1.543462 -0.017767 -3.905859
1.100644 0.253392 -3.201119
2.652277 2.064603 -6.057914
4.400652 5.045354 -5.784732
0.460129 3.645215 -3.390140
0.933183 4.349338 -3.372103
1.528162 4.779247 -2.219053
1.706824 1.214547 -2.853608
0.897026 1.386662 -3.649787
1.612198 3.433175 -4.476896
2.312315 7.832199 -3.938420
4.761239 8.958732 -6.116617
4.187911 7.404885 -2.765808
4.511396 0.863375 -4.376237
2.641768 -0.180153 -3.092471
7.972297 4.927417 0.972584
7.547791 3.983651 0.719283
7.476826 4.192053 -2.765716
7.475776 6.098479 -3.224320
5.746975 -0.064723 -6.421839
4.308442 1.790130 -6.818588
5.518649 0.825177 -5.810434
1.254912 2.873094 -1.883471
2.033144 2.766254 -1.558067
2.126384 3.966489 -0.384788
1.840760 3.290596 2.062127
1.341018 3.804696 -0.093138
1.730262 3.616422 1.399633
1.460795 3.114030 -0.904392
1.072886 1.937792 -2.227736
1.745435 3.671667 -2.886568
-0.729685 5.708458 -3.128609
0.435308 6.231140 -0.818026
0.860255 4.072234 2.354655
1.722051 3.591932 3.089436
3.763330 0.931749 4.397854
2.192382 2.443238 7.048510
2.846709 0.583150 5.912701
3.185707 2.019412 6.997219
3.922626 2.849758 5.325090
2.694234 3.558691 7.562871
1.559790 3.082528 2.619806
6.016693 4.067481 5.678356
4.236589 3.758275 4.734884
3.044892 1.405983 3.417965
2.476090 0.649948 1.280442
0.866453 2.718061 1.903040
1.900379 3.934961 1.365882
-0.574632 3.840370 1.952729
-0.762151 9.771076 3.526979
3.232471 4.985132 4.930111
3.842574 5.574991 4.893264
5.247862 5.520670 5.586593
4.929225 6.402710 5.944351
4.539795 6.895010 5.988525
1.442932 6.734253 4.528249
0.327475 4.294204 2.358944
0.760620 4.870635 1.278600
2.099357 3.051697 0.781262
2.060947 5.086483 0.234899
1.947474 3.459074 -2.778891
1.760815 6.716075 -0.635010
3.475580 7.012127 -0.557148
2.644126 6.735215 1.531352
3.195534 7.412623 6.311104
0.772852 5.391904 4.000982
0.146375 3.159963 1.395727
0.422057 2.702933 -0.198046
-0.418019 4.621222 2.971169
-0.614007 5.466601 3.729816
-1.463748 4.366023 2.451744
-0.530699 3.697603 2.731705
1.204939 4.836684 3.046022
2.173179 4.945113 4.955579
2.801122 5.129277 5.364556
2.450166 4.882379 4.757011
1.941209 3.543892 4.288556
1.815544 1.393985 3.574000
2.748042 1.262624 2.498131
2.945765 1.211790 1.937677
1.248283 1.807957 2.116959
-1.588109 4.907892 3.256370
-4.868644 5.537846 5.651580
-3.246440 1.991118 5.217229
-5.599619 3.807724 3.956336
-4.832905 4.813977 4.482705
-0.124382 5.413322 6.905169
-0.277809 5.475589 6.690245
-0.269038 6.594114 12.702370
-6.052080 9.203294 14.202337
-4.685893 3.277591 6.947324
-4.239215 3.490702 5.943469
-4.786798 4.060953 3.557714
1.875525 2.458366 1.103201
0.831741 3.619586 1.978510
2.433961 1.098401 2.127718
1.306801 1.800599 1.393866
1.948620 2.975200 2.035841
1.821348 3.985143 1.403993
2.453169 4.348954 8.702556
6.501979 6.956680 6.767289
2.265382 5.776409 4.916791
0.347799 5.211117 2.678735
0.084064 4.947822 2.190521
1.318675 4.237102 3.090461
2.080292 2.801002 1.523761
0.693616 5.743189 0.269266
2.636920 9.144805 3.232288
2.746248 8.944306 3.526252
5.416094 8.465619 3.704876
7.794553 5.926252 3.125368
9.339395 3.423334 2.379248
7.169935 0.727088 -0.406923
9.696892 0.849336 1.451781
5.717233 0.719902 2.156816
4.781114 0.152162 1.161691
4.044667 0.794155 1.697297
1.537938 0.872655 1.153399
1.453009 0.601444 -1.060592
0.374768 4.497261 -0.188219
2.126042 4.623988 -0.863880
0.971400 3.683714 0.416363
0.629487 5.098028 0.746851
1.052468 6.339864 -2.445965
1.083875 4.588668 0.302840
-0.091623 5.786786 0.537577
3.087691 7.023896 0.622870
3.053359 8.114607 2.807141
1.930482 6.718322 3.775995
1.028720 5.367825 5.706905
1.769414 6.305767 5.472575
1.559659 4.443161 2.993119
1.736927 5.930515 3.083494
2.117381 5.033250 3.006553
1.408170 5.251989 0.961320
1.898322 5.572128 0.273242
2.123680 3.936095 -4.553285
-0.870373 4.137969 -3.343404
4.079680 9.386415 -5.216119
4.365386 7.530148 -8.264100
3.691015 7.913271 -2.819351
3.697948 6.872181 0.370609
4.128793 6.850031 2.052951
8.779297 6.541099 3.347838
7.547349 5.053358 0.964396
8.624469 9.103586 6.058702
7.359305 11.920006 8.175115
8.563470 3.723616 -0.735673
7.190178 3.944632 0.212667
6.891071 0.927347 -3.927159
5.229776 1.439010 -4.147334
4.171005 3.155828 -5.565987
9.470490 6.110994 -2.308025
9.329807 4.651414 -6.391564
11.602229 4.357156 -2.192844
7.989004 3.232213 -2.732674
8.194590 5.827356 -5.496442
7.488565 4.630798 -4.493269
5.183370 0.620789 -5.532600
5.223485 3.009056 -6.046786
4.630232 0.480911 -4.946940
3.219749 0.213606 -3.869136
0.615642 1.345876 -4.023830
3.987991 1.517657 -6.573077
2.891933 0.107716 -5.096010
3.471512 0.595447 -4.887556
5.949214 2.649871 -6.393938
7.033232 1.816503 -7.645757
3.010733 2.578046 -7.103321
3.069449 1.903839 -9.955626
1.020360 2.360385 -4.076818
1.070045 3.239013 -4.422327
1.707172 1.258108 -5.155562
2.337165 1.464166 -3.441446
1.898503 4.439405 -5.680089
2.094791 2.755026 -6.707633
2.819061 4.253397 -6.059973
6.253391 3.493911 -5.565219
9.933561 3.123364 -6.548597
7.911106 4.207110 -4.645552
9.051547 3.278818 -5.021607
7.443966 5.365785 -8.063397
5.857554 4.131702 -6.727676
1.633956 1.633666 -4.543348
1.647949 3.398242 -1.369101
0.518711 9.501875 -2.828820
2.917879 7.843313 -3.652345
5.585742 7.849951 3.078263
3.723635 7.952741 1.856263
4.034239 5.855552 7.921987
3.484285 3.795673 5.994622
4.719648 4.337016 4.836072
5.458255 2.765870 4.716037
4.798529 2.626401 5.308726
4.064097 3.258508 4.950309
7.301631 8.173980 5.266585
9.596592 1.273900 6.308478
