18.334902 -18.346914 8.132152
12.439711 -25.041718 6.618890
9.754498 -8.171653 -6.521734
4.527821 -3.987347 -3.726329
6.502487 0.056140 -5.076587
2.709133 0.922849 -4.425867
3.314948 1.295551 -5.730756
11.848283 -1.868669 -6.153372
12.455750 -8.672797 -3.419740
8.340875 -5.355949 -3.586196
10.673812 -5.944358 0.285034
9.523661 -8.555879 0.621974
7.325320 -10.745754 1.129813
13.363031 -6.241649 2.014362
11.483127 -8.858995 5.413121
16.595741 -19.464678 1.980740
19.271915 -20.868483 -4.309855
14.498375 -25.291559 -10.232244
4.517914 -15.088655 -15.547928
6.893624 -11.807804 -5.828499
7.810295 -12.414857 -1.713813
4.182881 -10.009514 -5.760450
1.359564 -4.575411 -4.253243
3.699645 -4.079212 -4.369752
2.837511 -5.458182 -3.688293
4.178523 -6.202092 -4.091381
6.380549 -14.621632 -7.271013
7.981002 -17.988308 3.339928
17.514160 -22.486090 6.789689
19.341660 -15.743425 8.673085
18.304260 -15.610768 7.162121
10.189026 -2.350639 5.273026
11.245698 -5.682414 4.472751
9.875778 -4.098089 0.875561
19.512001 -10.946609 1.347652
13.981934 -5.257883 2.150179
11.214860 -6.390768 -1.948492
2.340595 -4.619552 -3.867854
4.934175 -5.326038 -6.560407
1.938875 -2.858867 -1.916732
3.196184 -2.734016 -2.000785
3.286288 -3.325203 -4.841501
12.658054 -1.916090 0.740846
15.059355 -5.635350 2.662664
21.534475 -19.926855 3.036931
15.079454 -7.008177 -0.640295
9.419372 -7.125986 3.021344
2.614181 -3.995236 3.672252
2.933028 -4.188509 4.192744
3.530004 -7.305040 5.749742
2.814528 -6.705586 7.158968
8.135777 -12.970224 2.846726
5.421688 -11.729134 9.812434
6.129996 -8.422726 10.192895
9.694981 -9.167275 0.791477
17.456676 -6.138246 5.659365
10.658867 -5.449375 4.357371
7.410893 -5.017673 8.304558
9.585471 0.565990 11.701727
4.093077 -5.093417 8.855578
3.556682 -3.777503 4.932661
2.766005 -2.003767 4.422658
9.078801 -6.282859 3.071671
3.213402 -2.439464 0.841077
2.231523 -4.371233 -1.227478
2.544157 -5.266999 0.629553
1.126020 -6.895971 2.152193
0.828515 -14.355185 5.090638
2.791137 -14.776105 -0.559817
7.508603 -11.503747 2.563029
2.824466 -6.952008 -3.713266
1.490367 -2.725106 -1.786420
3.294992 -3.971639 -2.143198
2.897844 -4.698066 -0.183290
3.934901 -4.279878 7.730116
3.971581 -6.865895 9.984825
5.372759 -11.953591 9.931145
4.479526 -10.891530 2.259168
2.363498 -9.283155 5.825141
1.869158 -9.232767 2.330175
2.246830 -8.591170 1.496639
0.704248 -11.205700 2.107181
0.456463 -8.417574 3.682634
2.111304 -4.336925 0.314045
3.220692 -2.695555 1.194034
2.713498 -1.565325 2.710787
1.964079 -2.676188 1.248570
2.837461 -3.878324 1.293941
2.977842 -3.667332 -2.187767
2.014757 -5.111953 -3.334441
3.306876 -3.747754 -3.369961
3.359565 -4.417600 -2.013645
2.629550 -6.513462 -1.948754
9.658353 -8.327057 -0.281751
3.915441 -5.577438 -3.667681
4.673595 -14.287751 -3.781144
6.818303 -16.362114 -1.107003
7.078710 -11.278270 -2.035665
5.546422 -11.156426 -5.493842
10.613176 -7.560920 -3.758627
9.047832 -11.025204 -6.075584
7.129492 -10.597131 -3.225702
6.663158 -6.707797 -5.540913
12.400050 -7.689461 -1.160816
11.823008 -8.845103 0.481694
9.227167 -9.357912 -1.954774
12.993787 -8.830181 -1.033586
10.893616 -7.289458 -1.371737
13.983425 -5.920138 2.577457
9.303253 -4.523657 1.187565
8.693645 -5.900771 -1.419820
14.550047 -8.967042 -1.263742
9.766112 -6.017916 1.214970
9.468514 -6.836878 1.524022
10.074678 -8.497740 -1.442964
8.441218 -5.940865 -4.508419
7.298357 -9.649887 -3.745409
3.854176 -7.732481 -4.793366
2.826712 -4.945207 -3.407774
1.744867 -5.272836 -1.499987
2.444906 -2.238788 -1.844283
2.930604 -2.787745 -4.314045
8.794934 -4.217933 -3.787924
11.020477 -8.965920 -1.587134
10.439752 -8.145187 -4.309868
12.937228 -15.414033 -9.749644
9.535674 -11.431435 -7.830822
6.749641 -10.935328 -7.494369
6.522293 -10.724192 -4.712956
7.419428 -8.811898 -3.480908
1.033460 -3.187003 -4.300392
2.701331 -5.781660 -2.410746
2.101862 -5.325058 -2.003064
2.335288 -4.835258 -1.494972
2.705039 -5.386798 0.202819
3.284922 -4.425819 -0.399428
3.539223 -4.552890 1.005510
2.842611 -6.459253 -1.531626
-0.863295 -6.402206 -5.584641
-1.363335 -9.711413 -5.454579
0.811033 -7.308079 -4.376223
4.190477 -5.377510 -3.842712
5.599586 -9.926413 -9.710274
3.294694 -11.825521 -5.599725
1.539612 -5.148782 -3.814126
12.925097 -17.223320 -6.111334
18.285275 -12.093471 -10.202703
13.197878 -8.700655 -7.847898
5.680041 -9.681816 -6.586032
6.422562 -14.350703 -0.087891
7.783656 -11.609778 -8.690735
12.456877 -14.561489 -5.734962
