-0.005420 -12.351253 18.158823
0.030440 -6.933575 10.073302
0.719917 -4.965484 9.214755
4.366724 0.342099 7.563746
2.122108 -0.899690 4.240483
3.472180 -3.728480 3.514384
3.590674 -3.962753 3.630769
2.193077 -3.436163 4.865633
2.222300 -6.018011 8.650214
-0.695174 -6.087745 8.038554
-1.945279 -6.069181 8.241568
0.626752 -6.117521 7.267329
0.824509 -6.013629 4.709864
-1.388230 -7.433615 3.911042
0.075889 -2.958441 0.378049
0.416105 -1.822377 0.629693
-0.253083 -2.752889 2.630365
2.262847 -1.440309 1.533316
2.460190 -2.312236 5.465434
2.054664 -1.565169 4.487939
2.073404 0.944291 6.051726
-2.762170 4.625843 4.398202
-2.687438 5.091519 7.580045
-1.308602 6.872821 6.694504
-0.271498 6.079468 2.738317
-0.932291 5.258853 5.637423
-1.025837 5.467411 7.933946
-2.040316 5.815347 4.687603
-2.503516 3.201412 1.347092
-3.485495 5.103758 3.767574
-2.779535 2.873226 2.112498
-2.363407 3.051993 2.553269
-2.981526 1.762692 1.863127
-2.292350 2.579305 2.227072
-1.267266 2.848155 2.543551
-2.975981 -0.795605 2.472310
-4.268423 -4.192845 1.046232
-5.823283 2.541585 4.861425
-3.299222 2.153297 5.261092
-4.764271 7.478673 9.623118
-2.277656 6.542440 7.772441
-0.489587 4.414550 8.409579
-0.679063 -5.084575 9.202459
-1.699969 -2.611264 9.417831
-2.741971 -1.314988 10.351085
-4.060481 -1.631826 7.368602
-3.918929 -1.349193 3.946244
-3.454460 -3.589938 3.711505
-6.084389 -7.125788 9.244541
-5.113656 -6.600772 7.746761
-4.739120 -4.678244 6.779843
-5.657154 -3.155550 6.082192
-3.459378 -4.947807 7.711298
-3.528123 -2.251864 6.810987
-3.674980 -1.288884 5.725060
-3.244383 -1.282181 1.136280
-2.027089 1.372693 1.385951
-8.850736 13.514787 -5.842722
-10.794271 15.062674 -13.380879
