-16.211115 15.068202 16.730106
-15.157142 16.355705 16.417849
-11.400311 10.812151 9.635997
-17.554766 8.819111 6.694308
-10.831703 10.937057 8.031686
-17.223883 0.479824 7.481406
-10.238441 1.206275 3.719084
-12.460802 1.404164 7.585276
-15.182939 4.445087 7.761015
-17.308384 1.256101 5.519517
-12.072090 1.945806 2.512542
-12.093738 0.766569 4.921157
-16.578678 9.216905 0.884631
-16.725597 8.327893 1.179333
-19.055367 4.456477 12.998739
-19.415495 12.504626 6.617053
-17.277657 5.701345 5.502138
-16.217056 1.365777 6.310623
-15.223722 2.895308 6.920711
-8.486200 0.762225 5.065145
-16.265205 1.635439 7.389929
-10.570593 -1.019175 3.760060
-8.860535 -1.913658 6.347400
-4.639064 -3.367808 3.219581
-11.201672 -3.770463 8.226354
-13.758362 -4.053900 4.637371
-10.643939 1.912395 6.512319
-6.095419 -1.709987 4.053469
-5.297884 1.287007 5.920771
-7.707019 -0.249191 6.587090
-9.752328 -1.359646 4.698491
-7.462546 2.690186 8.683892
-6.837869 1.617134 10.958958
-6.822442 5.143636 5.955754
-13.321877 3.300038 7.961998
-6.711436 3.328682 3.160798
-13.812043 6.187617 6.648468
-10.022903 1.055976 5.577151
-11.408889 2.494628 8.474462
-7.159908 -2.851991 2.676930
-9.146647 -5.462892 3.900067
-12.918528 -9.077103 2.252103
-7.848741 -17.406881 -7.375175
