0.821999 16.242592 -9.949025
1.722277 1.603806 -2.985490
3.720550 1.142210 -4.601554
9.403669 3.253765 -10.697812
3.990738 3.410862 -7.537039
6.282347 3.434639 -7.246485
3.804223 3.813978 -6.080314
4.672247 6.573040 -6.523518
3.828133 4.629993 -6.151967
10.463158 -1.094066 -5.378607
3.859468 1.532689 -3.312798
5.311208 1.127560 -3.434533
2.071173 -2.576011 -2.983956
0.859793 -5.330815 -0.908066
-1.370763 -7.063843 -5.799138
-2.572024 -4.792886 -5.603798
-0.418963 -7.428927 -1.254683
-0.007166 -5.734847 0.597598
1.558283 -6.998974 3.161126
1.542893 -8.719475 2.773977
0.140892 -11.970119 3.314745
5.841289 -13.708948 0.447018
4.328394 -18.200245 5.436262
18.433382 -17.848070 8.358623
