19.631973 -14.445610 14.938261
4.480118 -12.996874 15.635399
3.803024 -12.043296 5.412076
1.885841 -10.975842 4.785098
4.138024 -7.024276 7.846911
2.135917 -0.691232 5.786698
3.320907 -0.971559 5.458261
2.427810 0.913077 4.528037
1.878203 -0.911558 4.760188
3.131902 -1.515064 7.740893
4.556950 -1.483466 7.896746
5.199570 -4.419616 7.595494
4.205823 -0.779798 8.120087
6.022826 -2.836185 7.021943
8.114819 -2.024896 8.637795
6.165314 -0.735572 9.405686
2.870106 -4.365569 6.367916
3.152687 -4.293569 4.858816
2.390409 -3.471098 4.609921
3.743312 0.253770 5.296928
2.812460 -1.466482 4.222350
2.069844 -2.818009 3.586385
2.399932 -3.364647 7.080706
1.470047 1.414095 8.300887
1.735765 -3.396962 8.420380
-0.041807 -1.087543 8.722423
-3.396407 -2.737319 4.505665
-4.975299 -5.705041 2.351762
-2.983333 -5.668242 5.020658
-3.127749 -5.427841 5.933324
-2.961348 -1.082627 9.198361
-3.269143 0.581310 5.066378
-4.172744 0.460178 5.422497
-6.098038 -0.312886 5.997334
2.033390 -2.122098 7.873914
2.642361 -2.443586 3.886501
2.260185 -6.911325 7.125707
5.933274 -2.796899 9.358706
4.079444 -3.011559 10.042981
4.104691 -4.179935 10.185280
2.160819 -5.073399 6.166575
2.419951 -4.318625 6.027284
3.559137 -3.453486 5.211379
1.949357 -2.966938 5.771704
-0.487802 -6.911680 6.248343
0.218456 -5.904643 5.557455
1.529336 -0.817173 3.176504
1.027145 -2.867495 3.096442
-0.068411 -2.279778 3.138065
2.660683 -2.386109 1.836085
1.869577 -3.648643 3.267576
2.248254 -4.375981 4.011968
2.053991 -3.058011 4.575247
1.765773 -3.608230 2.854814
1.977775 -2.893776 2.288068
-0.959123 0.493326 2.822817
-3.929960 4.596383 5.908279
-3.915185 5.139674 4.245599
-2.451917 2.049593 9.716581
-2.755174 0.362517 12.884831
-0.920550 0.334088 9.005322
2.171681 -1.217459 4.705966
2.041446 -3.417694 5.510346
1.958205 -1.924508 4.088302
0.954653 -1.091338 3.183777
0.928034 -5.691766 5.474285
0.559526 -5.390010 6.447293
2.196595 -5.933065 6.319905
-3.693579 -5.559290 6.364099
-4.094622 -4.901778 3.991127
-3.482419 -2.960474 6.228413
-3.885649 -2.643527 2.443032
-2.193704 -2.693352 1.185607
-4.277452 -3.915255 3.673882
-4.178778 -0.325415 2.877899
-3.884058 -4.282994 7.604190
-5.682037 -3.676363 7.971107
-4.370353 -2.829492 3.421305
-5.185150 0.524584 5.825791
-8.879568 -0.872809 6.183288
-7.648161 1.139510 5.848637
-7.761783 2.146238 10.024206
-3.656132 1.924843 5.052848
-6.122543 1.573879 10.412796
-6.211499 2.761862 6.323537
-7.782304 -0.507731 2.919057
-5.501085 -0.739530 6.687606
-4.789550 -1.374423 4.335739
-6.111899 0.858301 4.954812
-3.945277 -0.908647 4.617025
-9.606015 -0.973490 3.579569
-8.067433 -0.085875 5.005655
-5.355306 2.752293 1.679896
-5.393735 1.960636 8.981876
-3.419248 1.225443 5.197652
-4.742853 -0.343283 6.042806
-3.261300 -1.913427 6.610214
-3.167467 -0.059615 11.461747
-3.614947 -1.395492 8.447324
-3.794832 -2.040607 7.328784
-3.388462 -2.549011 11.818910
-2.394456 -3.683961 9.706532
-1.710483 -4.902503 9.973073
-3.534309 -6.596900 5.925882
-4.035082 -5.200906 6.243533
-3.791437 -0.479308 4.475029
-5.570428 -4.260288 7.473781
-6.045994 -0.982115 2.847991
-2.713386 -2.880820 9.231358
-0.063515 -1.304578 9.093169
-3.597994 0.058506 11.057944
-2.549903 -1.472194 11.263910
-4.380043 -0.924549 5.179929
-4.264617 2.123218 5.173151
1.630398 2.387506 3.082483
4.648594 2.596799 7.207543
4.114262 0.596850 4.876773
4.165252 2.239441 6.371424
5.084914 1.594298 7.055614
2.566126 4.387234 7.478251
3.548312 0.647797 6.981152
4.886384 3.769697 4.941829
2.178834 0.308147 3.605574
3.368571 1.428070 2.584950
0.676166 1.344910 8.292999
1.267455 -4.220994 9.346499
2.455450 -4.263289 7.876875
1.932470 -1.146222 11.302644
-1.841408 -6.321795 7.958421
-0.321088 -8.188311 9.877542
-4.366476 -7.689568 6.036965
-4.058566 -2.432993 4.351888
-2.803518 -3.031870 2.127138
-4.198515 -1.103114 4.131096
-5.335556 -4.507692 4.388340
-3.727649 -0.488786 7.037560
-3.674051 -6.245842 6.481627
-3.362337 -3.166336 4.619938
-3.248155 -2.466348 6.587862
-5.429012 -3.918074 5.665998
-3.724358 -8.492850 8.034257
-4.624451 -4.231138 8.159773
-4.359705 -1.046229 5.216166
-4.855516 -0.291917 5.367371
-0.621253 -0.616287 3.119833
-1.462599 -0.127883 2.982594
-2.821427 3.694780 2.762745
-1.681177 5.672952 3.749791
-4.842891 5.238563 4.414024
-4.156873 6.286689 6.330234
-4.553679 0.444425 5.391031
-3.538114 -2.606340 5.440259
-3.945901 2.912318 9.049724
-2.812201 0.544299 8.785360
-1.380003 0.496429 9.408010
-3.192247 -6.397326 9.195200
0.717292 -5.023621 11.314288
2.716277 -5.083287 6.940485
2.295084 -5.583211 5.897818
3.518471 -3.049828 1.327075
2.630836 -5.232364 0.866702
1.221270 -4.468211 2.160277
-0.295905 -3.643877 1.581162
-0.685955 -5.226657 2.514861
0.401397 -2.154885 3.017471
0.247477 -2.262004 2.914570
-0.069285 4.873928 1.732316
0.100344 5.001111 7.777070
-1.366349 3.844845 10.837142
-2.290102 2.238678 9.985298
-5.657024 2.728106 11.153717
-2.301038 6.052094 9.913978
-4.512434 3.474293 4.893999
-3.407655 2.566411 3.403459
-3.838742 4.869942 7.861653
-3.599844 1.340530 8.983816
-3.635535 -0.983546 5.074296
-6.973197 -3.604034 5.011167
-3.644039 1.355338 6.431523
-4.940967 -2.223257 5.503079
-4.028022 -3.029073 2.895276
-4.327111 -2.752955 4.911910
-3.728194 -0.382907 5.740571
-3.748511 -2.661915 3.383286
-4.154795 -3.473285 4.943814
-3.890302 -2.266557 4.295918
-6.017931 -1.075439 5.399358
-4.251793 -3.075851 4.106795
-1.802036 -1.939980 8.363010
-3.919415 1.386122 10.512432
0.591788 -2.933971 17.892466
-4.703167 -4.129780 9.673130
-6.258316 -5.585313 9.727509
-6.285461 -3.548169 7.338309
-7.308222 -1.126221 7.367649
-3.692759 -1.462647 6.279160
-3.786386 -1.310429 9.730819
-5.620164 4.178591 5.987153
-7.957439 1.839390 5.777501
-5.279735 2.532414 8.745157
-6.920155 2.702412 9.063891
-4.124914 1.454281 14.352369
-3.257493 2.178426 9.159513
-4.216635 1.091578 3.828677
-4.559215 2.784062 5.314915
-3.798502 0.643760 5.070208
-4.792082 -1.143659 7.578828
-3.557597 -6.376656 3.078775
-3.128057 -4.655717 2.731948
-5.471138 -5.118571 4.752903
-3.789776 -4.824904 6.687495
-6.459496 -0.811184 6.791495
-4.040163 -3.109260 3.626218
-3.135269 -6.450102 6.696906
-0.764489 -5.653926 5.988237
-2.447891 -5.480641 5.960061
-1.574079 -1.299098 10.750106
-1.859571 -2.860316 8.891738
-2.702391 -5.146367 9.699297
-1.429087 -5.869994 7.329251
-4.133894 -3.874253 8.295844
-3.448294 -2.265068 3.851892
-4.114394 -3.162731 7.167484
-3.811128 -1.228264 3.960495
-5.361600 -2.696743 5.578515
-6.020821 -4.451707 7.366677
-5.230329 0.934872 5.471625
-5.330988 1.349644 4.624143
-5.466437 0.792532 4.157547
-3.945974 1.571264 4.766977
-3.257092 0.625535 4.361157
-3.670205 -0.969832 5.872947
-3.749894 0.144492 4.040025
-3.767622 -1.926799 3.490813
-2.249141 0.897403 2.672534
-3.098656 0.768395 2.795385
-4.177224 -0.063464 6.636499
-3.517650 -0.012012 6.645339
-5.989584 -2.372576 7.267146
-3.715671 1.809126 7.094497
-1.982048 5.527274 9.446141
1.634653 5.716759 7.961949
0.382188 2.906212 9.331812
-2.018760 -2.259354 9.429703
-2.978881 -5.113698 10.053194
-7.667645 -4.800888 7.439210
-5.539884 -5.690523 5.383715
-3.383231 -0.885861 4.495162
-4.089261 -2.067950 7.207051
-3.636822 -0.935042 6.216917
-1.082516 -2.558587 8.783605
2.176304 -3.585689 6.475130
3.502232 0.249953 6.058679
2.259292 -2.894920 5.842695
1.098571 -5.645821 7.929947
2.298992 -2.402044 6.339381
3.349699 -1.258060 6.962907
1.862800 -1.602390 7.717915
3.069161 -0.981929 4.651106
1.381065 -7.325196 4.434590
2.718302 -4.803560 4.320510
3.074493 -3.337026 2.690232
4.694936 -0.576799 4.935155
2.239028 0.676136 6.795728
3.376614 -0.525782 5.584451
1.856263 -0.396031 7.428545
3.289369 -2.441955 3.866663
1.828570 -1.496318 4.191391
2.794084 0.038033 4.684200
2.560612 -3.809323 4.849795
2.926518 -3.655874 2.979835
3.165908 -5.442603 0.917850
2.805295 -2.924411 0.249415
3.033101 -3.285660 -0.335603
2.687880 -2.942872 0.028349
0.837049 -2.921622 -1.421221
2.503788 -1.637022 -2.741451
3.589454 -0.081158 -3.355207
5.556528 -0.429637 -2.482160
1.777384 -1.549720 -3.518899
3.403580 -3.797580 -3.501133
3.969271 -3.893109 -4.601224
3.712916 -1.488677 -4.500502
4.974552 -4.514488 -5.012209
3.998471 -1.365693 -3.361096
2.587764 -2.990963 -1.976321
2.324805 -2.810492 -3.185686
3.229098 -3.795977 -2.146979
2.665951 -2.607196 6.185241
2.583966 -5.247192 6.456700
3.526170 -5.882265 7.505415
1.972748 -5.442287 5.084067
3.290382 -2.525588 5.085533
2.574336 -0.909384 3.848431
0.646726 -1.875970 0.929151
2.567642 -0.527916 0.521111
5.908085 0.597200 1.503088
7.631602 -3.946786 -3.861419
11.191635 -3.868952 -2.233161
8.676025 -2.001349 2.120566
2.138995 -1.013076 1.966827
3.360594 -1.746561 1.660552
3.124133 -1.746323 4.790085
3.415315 -3.182539 2.244208
3.514970 -0.682231 1.790383
3.842147 -0.343780 5.314829
3.142957 -5.231955 3.941224
2.727927 -3.744097 5.505733
2.298932 -6.232071 3.697049
3.162333 -4.305762 3.884524
2.837918 -1.971135 2.327886
2.756085 -1.489859 4.520795
3.079718 -2.274472 5.748663
2.638865 -2.773116 2.844071
2.696171 -1.517751 0.494480
4.635083 0.243516 5.322896
6.448717 -0.624079 3.943724
8.162689 -0.432063 3.587272
4.193475 -0.460898 1.474688
7.296978 0.843270 2.130790
5.799244 -0.206049 1.388651
10.539128 -0.506697 1.919320
11.301957 0.393357 3.334908
9.909318 -5.102181 8.750131
8.756555 -8.350428 5.439005
8.743529 -6.322784 4.120848
10.189382 -5.530556 3.271618
9.569458 -5.826583 3.610606
11.890515 -6.618681 7.362104
12.256242 -10.044868 8.161529
9.776796 -5.865425 3.544141
9.219938 -2.847829 -0.045357
12.691387 -4.563021 0.720378
11.977014 -4.706263 -0.748974
3.108172 -3.060678 -1.022707
3.312623 -3.112329 -0.422658
8.498898 -3.447942 -4.113630
8.931211 1.152353 -2.908753
6.661722 -0.338054 -1.905440
3.715647 -1.355261 -3.098914
3.485161 -1.714376 -1.272984
3.358221 -4.937462 1.215675
10.680127 -9.068670 -1.139610
2.924534 -5.398843 -0.499598
3.184275 -5.973917 -0.217813
2.972441 -9.898343 1.760598
4.157010 -12.311238 5.028142
3.085291 -14.699411 -0.663678
4.332643 -7.606376 -4.737855
4.047789 -0.868803 -3.261928
4.527184 -2.789973 -3.140418
4.346321 -1.818478 -3.939490
6.385750 -3.971423 -4.202941
4.425944 -2.285108 -3.255925
2.336618 -2.748889 -5.006297
6.399587 -6.048135 -3.326231
5.012840 -4.741746 -4.282599
8.369360 -0.088912 -3.531731
7.523035 -0.199536 -4.206385
6.569399 0.490157 -8.996091
7.495346 -1.572711 -10.293182
6.833760 -1.228511 -6.849444
2.871353 0.433030 -3.575499
5.759643 -1.542308 -3.768599
6.655969 -1.955764 -3.747716
7.264205 -5.720461 -3.482558
8.097692 -11.669859 -4.739228
2.115668 -4.715766 -1.757447
3.434110 -2.726489 -1.869028
2.922804 -3.156627 -1.517924
5.119255 -6.356597 -5.907132
1.393941 -5.561811 -9.049045
5.227238 -3.343536 -4.394882
3.468187 -3.762170 -3.965395
3.629744 -4.429843 -2.611327
3.534647 -6.216478 -2.965014
8.809778 -4.296885 -0.265213
8.868447 -3.871141 -2.513036
11.524193 -5.142569 -2.038883
8.653781 -9.057426 -0.119303
-0.673449 -9.382272 0.909950
1.061450 -9.269472 2.353858
2.413077 -10.537428 1.678196
1.894460 -12.055403 -0.236206
1.484457 -10.294390 1.507088
3.274242 -6.181844 -1.062985
2.165322 -4.521340 -0.538906
3.502041 -4.754161 -2.679444
3.606285 -3.544806 -2.421910
3.128161 -3.149837 -5.891992
3.441338 -3.881314 -5.608533
2.266853 -3.472501 -8.162003
4.039538 -1.611572 -3.991171
2.670263 -1.684131 -3.921220
3.221809 -1.923123 -1.715050
3.331128 -4.398840 -0.563367
3.230475 -3.112498 -0.820202
9.966891 -6.291463 -6.217258
10.237988 -1.261671 -10.620209
11.241661 -5.502137 -6.731308
6.324207 -1.190127 -6.255236
5.758877 -0.929271 -6.087577
6.184681 -0.592025 -4.396064
7.859285 0.664792 -3.527346
7.005884 0.394654 -1.033027
5.767946 0.177357 0.007031
9.430467 0.222494 0.832025
8.240154 -0.295858 -1.039339
11.933108 -1.626694 4.205769
5.947070 0.881635 -1.768171
4.258071 1.352952 -0.848396
4.950051 -0.450212 -1.631081
8.349184 0.944109 -1.973024
7.506361 4.121452 -1.924226
9.406714 2.197451 -3.257947
5.137134 -0.059237 -1.743290
4.181575 -0.699907 -4.390400
5.439105 -0.639610 -5.660995
3.531092 -2.696400 -3.721035
6.002229 -3.573870 -3.817123
6.374563 -4.894836 -3.944125
4.936534 -1.521467 -4.478353
4.875164 -8.669606 -5.503016
2.628897 -6.794634 -9.500603
6.979914 -6.792091 -5.238666
2.551398 -6.485990 -2.918967
0.810665 -6.416874 -1.979905
0.172455 -6.898134 -7.140231
0.941269 -10.377105 -6.429471
1.342707 -15.253525 -3.430330
0.698906 -13.850299 -3.497539
-0.286581 -15.783089 -9.357034
