5.945387 -15.741534 4.273005
-0.704149 -12.192518 1.796788
-2.250971 -7.625814 1.882566
-1.642855 -7.690312 4.277142
1.651421 -6.952945 7.076601
2.449508 -3.561478 5.083807
1.612683 -2.693256 2.627052
0.190927 -4.863288 3.013530
0.189506 -3.362739 2.044961
1.881387 -5.366859 1.725063
0.679462 -5.584402 3.572932
-0.494042 -8.003757 6.738393
-2.705663 -7.014297 7.353691
-1.456184 -6.070891 3.476080
-1.278586 -6.057869 4.258576
-5.978918 -7.813564 6.380252
-1.521553 -8.771249 4.682868
-4.337048 -4.307888 3.961149
-3.609610 -5.147069 6.496185
-2.197396 -6.385747 6.936803
-1.488824 -5.815341 5.922853
-0.201751 -3.115789 2.993229
2.138317 -1.853859 2.025671
1.872353 -6.360176 3.720405
1.911476 -4.867120 3.428337
2.770936 -7.158257 4.706381
0.463459 -5.946226 4.058515
-0.788675 -5.632114 3.520151
-2.451245 -3.636235 2.060600
-1.656106 -3.800351 1.496957
0.221609 -5.606309 0.898336
1.108736 -4.232312 2.078711
2.664877 -2.959862 4.198774
2.984279 -5.604988 5.275620
3.030039 -6.154157 4.936658
1.947905 -5.271494 4.350218
2.117465 -5.365566 2.427486
2.430681 -4.821507 2.055400
2.321691 -5.039340 1.568205
0.844123 -5.697008 4.503031
0.933443 -5.589610 4.006962
-4.151801 -6.162335 7.277825
-3.889082 -2.065974 8.693268
0.756026 -3.723548 3.225329
-2.979892 -3.457583 2.822893
2.088543 -4.845172 3.755450
1.854896 -3.283874 3.323133
1.656417 -2.892104 2.469444
2.089666 -4.390574 2.758210
0.902512 -2.196351 2.496171
2.964510 -5.106631 3.136704
1.908402 -4.861891 4.948309
3.080499 -5.471722 7.076822
3.144249 -5.016084 3.209446
2.311246 -4.271814 0.078201
2.988039 -3.585239 2.625229
1.600663 -3.420264 2.524683
3.889677 1.402780 3.869289
2.268152 0.075733 4.407500
2.821083 -0.881494 6.803456
8.450900 -4.060908 8.429711
10.618238 -2.657964 4.963091
9.183376 -6.589468 2.329935
9.707187 -7.611354 0.082403
4.036510 -7.936005 -5.295282
4.997666 -5.271682 -4.987468
5.575170 -5.699462 -4.317141
5.082536 -7.543661 -3.839768
2.332055 -4.324043 -1.209684
3.613404 -6.199692 -1.702244
3.930762 -7.073701 -3.961064
3.951520 -5.212125 -4.976895
2.758657 -7.616472 -5.374049
3.467977 -4.711186 -0.225743
2.154407 -3.522153 -3.739701
2.983345 -5.478520 -1.407041
7.865382 -6.727312 -4.731532
7.886292 -9.729019 -4.130093
3.833207 -1.528377 -5.243284
3.163475 -5.112840 -2.219355
0.680367 -4.988739 1.423125
3.285547 -6.934157 4.027518
2.968799 -6.582222 1.331829
1.502551 -5.631331 1.356345
-2.182852 -7.362134 0.209783
-3.041828 -10.613111 2.847864
4.606390 -12.907316 0.330121
6.347606 -7.439683 -5.059397
8.202813 -7.586321 -3.186535
3.924654 -8.193645 -6.596678
2.009647 -8.410496 -7.487569
3.045311 -6.204854 -3.622945
1.503119 -3.678496 -2.323351
2.735277 -3.287113 -1.660635
3.048416 -6.172196 -3.491061
-0.764204 -7.107475 -4.049131
-0.506917 -6.428831 -5.030890
2.113744 -6.432364 -2.363015
1.826656 -5.060256 -2.868816
2.108957 -5.495936 -3.530963
1.659292 -5.834383 -3.216928
1.256645 -5.548127 -2.209660
5.667115 -8.369094 -9.503551
4.214279 -5.186623 -5.346952
2.843761 -1.125932 -6.136837
5.553746 -3.722276 -4.145902
5.215040 -4.493940 -3.424178
8.464347 -8.950604 -3.125093
5.438852 -11.038270 -4.294262
2.607579 -7.118809 1.662569
1.234747 -4.145712 1.011289
1.298089 -5.096728 -0.458257
3.038323 -5.082931 -1.872517
1.369392 -4.205973 -2.435719
2.131987 -5.317016 1.292166
3.687937 -12.146553 2.418903
3.921066 -10.634833 2.090239
0.141630 -5.002493 1.640413
-0.670133 -3.400571 -2.892443
0.218345 -2.737317 -2.604128
1.205621 -2.803966 -2.220911
2.456274 -4.733370 -2.560716
3.475699 -5.623497 -1.800094
1.808208 -5.888676 3.706854
3.274766 -4.782948 5.245436
3.378644 -5.353291 -1.919137
3.621691 -2.990492 0.098650
6.083068 -0.134383 -0.831362
4.850620 0.439704 -1.950238
6.996254 1.531790 -1.704682
4.921103 1.351984 -4.444879
3.592461 0.195513 -4.530632
4.613113 2.850530 -8.242037
4.424687 2.174251 -5.618142
1.479080 1.010004 -5.905830
3.646495 -0.794345 -5.044173
5.689558 1.272845 -2.946589
6.589861 -0.214449 -0.778125
4.907948 0.464996 -1.308307
10.145785 -3.054126 0.297274
10.787665 -4.297086 2.375072
11.455961 -2.076899 1.819561
11.196150 -4.706389 2.720269
9.520301 -5.807931 0.329315
9.708123 -5.159159 4.338338
10.171037 -5.379032 -0.914330
10.709722 -5.806410 2.276447
11.505680 -5.622648 4.993658
5.721606 -8.004582 8.085833
2.067453 -6.832754 7.668369
3.189534 -5.678748 5.955807
2.389307 -5.598167 3.667177
2.540007 -10.408464 6.253245
7.776811 -12.088816 7.509393
3.023217 -7.821284 2.552177
3.559936 -2.664313 -1.897181
2.366571 -4.371009 -3.531402
4.550723 -6.411544 -5.610540
5.301101 -3.095983 -3.055647
2.526626 -2.687107 -3.292770
3.562637 -4.142691 -5.771036
2.650170 -3.308670 -1.597798
2.941398 -6.313655 -1.396069
3.735847 -12.128822 11.430711
3.253409 -10.970883 7.443533
7.613871 -11.071881 5.923879
4.197525 -3.769875 7.841108
4.792864 -4.006100 8.479462
3.114205 -3.231208 6.537589
2.468339 -4.148307 6.830317
3.235352 -4.710555 5.902100
3.463394 -5.808114 4.753949
2.697661 -6.639047 1.664162
2.109949 -4.137528 0.081856
3.219997 -4.726357 -0.791714
2.109428 -5.260083 -2.649442
3.916298 -3.124051 -3.406168
4.234895 -5.317447 -3.591100
2.173460 -5.559136 -1.598615
2.367365 -3.550494 -1.013689
6.984322 -0.403592 3.064459
5.471179 -0.371187 0.641235
7.075475 0.195484 -0.822353
8.706466 3.312696 -3.377686
13.029469 -1.635219 0.923572
9.550018 -4.903142 -1.086224
9.689818 -0.097386 -1.101808
8.055274 1.737079 -2.592451
5.371313 -0.565807 -0.301993
4.290100 1.271507 -2.537028
5.511378 0.700136 -1.571646
4.905563 0.752864 1.279576
7.739435 0.897613 -1.789232
7.626454 3.799626 -0.357222
6.521944 3.687818 -7.042965
3.230135 2.749846 -5.698773
1.136274 4.079353 -3.894456
0.594353 1.627291 -2.756199
1.783098 1.524432 -2.537892
1.539644 4.123775 -4.792808
4.997055 3.135272 -7.574924
3.868143 0.424908 -6.008800
7.453636 1.276043 -4.692780
7.611089 2.381452 -3.825975
7.411217 4.661946 -5.771443
8.792454 4.555952 -0.379151
4.158112 1.343876 -0.720701
5.259954 1.524240 -1.689757
3.104561 -0.783382 -6.472929
3.561202 -0.144382 -6.610962
7.274418 0.109604 -4.461067
1.468544 2.538898 -0.418626
1.945766 2.924819 0.020112
1.099153 3.777459 -0.273828
3.149515 4.448594 5.869454
3.540194 7.481001 7.864911
4.697269 1.311884 -1.178521
5.881791 1.029075 1.435632
4.798007 1.256239 0.030178
6.147254 0.808238 -2.197205
7.379164 5.080998 -3.111413
8.426351 7.811629 -5.374938
5.254316 5.179478 -5.870875
0.713821 4.472829 -4.074733
1.852273 1.852757 -3.807961
1.279277 1.778216 -6.925016
1.413595 1.327576 -3.840613
2.163103 2.360660 -2.182113
2.067961 2.303550 -2.181031
0.365551 2.064248 -1.059563
2.409576 0.556704 -1.276605
4.090048 1.142129 0.234234
3.798650 0.840018 0.305424
6.344943 -0.598241 -3.780605
9.369609 0.123580 -3.116534
14.214837 -3.261420 -6.881209
10.139373 -4.872514 -8.710097
16.254133 -4.739621 -3.428590
11.511775 -1.457020 0.878820
8.863690 -3.251801 3.597644
2.963162 -2.696235 -0.865920
3.245559 -6.088482 -2.081782
2.969734 -6.402611 1.385820
2.260289 -6.633958 -0.290313
1.796960 -6.207823 5.449959
2.975367 -4.856368 3.919645
2.357945 -5.121724 0.992686
-0.136369 -9.938939 4.436697
-0.647684 -8.002364 1.279098
5.990582 -10.640410 1.358313
10.147939 -6.585568 2.738678
9.284445 -4.869209 4.401645
11.228277 -3.943483 0.161242
13.130557 -7.737523 1.955253
11.915337 -7.002613 0.834504
9.293032 -1.834043 -2.412350
9.988874 6.025755 -5.912925
8.008485 3.594623 -6.954691
7.455884 3.253977 -4.318861
5.343832 1.430456 -3.010053
4.106772 0.074881 -2.970836
3.205755 -1.450275 -3.918487
6.059578 -1.553532 -3.078355
3.597621 -1.203668 -2.976032
2.500488 -0.611611 -1.551746
8.680745 -2.516695 2.268114
7.058003 -1.316658 -3.545343
2.484384 -1.168666 -2.308370
3.062461 -2.556311 -7.781010
5.166027 -5.093253 -9.951602
4.186526 -1.905940 -6.761508
1.981714 -2.762427 -6.849619
2.162050 -2.029758 -5.808632
4.105937 -6.468506 -6.272765
7.344225 -6.592201 -9.045592
6.189798 -4.729800 -10.101939
3.611491 -4.031050 -4.236455
6.788708 -2.768423 -4.427178
3.682791 -0.284259 -2.784414
3.087646 -1.928097 -1.173793
3.154325 -1.360790 2.434561
3.278579 -1.441611 -0.175586
2.251641 -1.940055 -4.455163
4.409523 -5.077868 -4.973638
3.476161 -3.359486 -3.807162
1.237807 -3.798023 -7.449886
4.018629 -7.372501 -6.447918
4.446313 -1.428879 -4.761071
3.848960 -2.301530 -4.616676
5.195719 -2.351598 -3.899930
8.841534 -3.251390 -2.697084
8.949311 -7.346093 1.172816
8.734697 -5.520045 1.952386
11.257129 -7.027056 -1.060317
9.323509 -8.878646 -0.351344
11.262494 -3.649324 0.067628
9.769778 -5.890724 0.175972
9.390306 -5.500667 0.407084
9.216080 -3.140064 -1.268797
6.352304 -2.753474 -4.501574
4.776463 -2.447429 -4.119393
5.001748 0.031261 -4.864394
8.215448 -2.419226 -4.240421
6.350038 -3.281741 -4.228561
4.431487 -3.858092 -4.071870
2.674864 -5.135156 -4.037088
1.757724 -5.445260 -2.888930
7.556906 -10.481857 -7.481096
4.976454 -9.148087 -5.086412
3.859768 -6.499193 -5.615984
1.703092 -3.187351 0.466754
2.535593 -4.507297 0.886987
3.602249 -3.557687 3.062448
3.599514 -4.847228 4.722996
10.230805 -8.877413 2.393026
2.479827 -4.020197 5.056109
3.480528 -5.148387 1.191206
5.307936 -4.465444 8.717500
2.359573 -0.219293 5.945650
3.534400 -4.617756 3.872653
4.395681 -4.852408 7.229863
6.455304 -2.740668 8.811977
4.210442 -7.377283 8.321766
9.612056 -3.543906 7.245120
9.354422 -7.260509 3.373275
2.327229 -5.511323 3.433778
3.311412 -5.820724 3.721586
2.480577 -5.703009 2.901854
3.575253 -4.908546 -2.312634
3.346913 -4.732984 0.013237
3.497955 -5.988647 -0.019959
3.508885 -3.500113 -0.191328
3.286686 -2.461245 -0.780100
3.025020 -1.447577 0.777928
3.193938 -0.502678 -0.167315
4.103673 -0.130557 -1.370693
4.763724 0.256269 0.795088
2.742447 -1.272074 3.876935
3.569180 -3.331211 5.151167
2.189304 -3.428613 0.486611
3.082183 -4.464444 3.560318
2.128051 -4.016307 3.134345
2.540730 -2.038552 5.047720
2.220970 -2.459854 2.800407
2.801254 -3.905560 2.760371
3.476085 1.236747 2.514835
6.122630 0.833924 4.040719
3.965305 2.360648 5.134753
6.833849 1.845259 5.488320
1.978749 0.819673 3.110339
2.184435 1.152751 3.854953
3.706801 -0.201281 4.579063
4.452671 2.658014 4.670959
3.988743 1.361676 0.790019
1.772352 2.711793 0.296757
1.793408 2.674223 -2.221562
1.677297 3.426897 -0.480028
3.945100 0.820783 3.329443
4.262560 0.191848 4.554111
6.780266 -2.351915 8.045281
5.311750 -2.329184 7.475993
5.872000 -4.326494 8.625385
17.498423 18.928116 6.642069
