-6.736776 2.158156 11.273220
-5.299681 3.281861 6.750134
-4.103132 1.173824 6.662762
-3.300589 6.054327 6.194031
-3.287539 4.255049 3.881165
-3.609609 4.895589 6.151993
-5.109699 4.070169 4.828050
-2.179213 7.388451 2.300411
-2.980940 5.592141 5.263029
-0.361319 5.125772 8.488965
-4.203836 7.865793 6.918659
-4.957886 3.718832 4.722546
-6.587189 5.509408 6.708591
-2.337312 4.893995 9.115079
-0.635997 2.513529 8.925079
-1.239985 0.289940 8.240291
-3.858115 -1.525688 10.030747
-1.275199 0.597579 11.501235
-0.356892 -3.669145 9.973124
5.446321 -15.263508 4.195753
