19.318081 -6.263758 -7.639863
12.274215 -4.770431 -1.667409
10.285695 -6.517387 -0.188244
10.367646 -8.676776 0.106427
12.883934 -8.243552 -3.402584
3.100030 -6.556920 -3.758707
4.832956 -6.711222 -4.154808
5.801054 -7.653734 -4.471479
6.298851 -8.179450 -4.035017
5.374351 -5.588477 -3.465166
4.020985 -6.575369 -4.311489
2.742693 -3.419738 -0.774707
2.105725 -4.575406 2.619501
0.628027 -4.339592 2.020396
-3.650854 -7.855150 2.098292
-6.231108 -8.247490 2.886275
-9.381768 -10.829656 3.384413
-15.308024 -19.035172 14.181926
