6.275656 1.225662 -0.558264
5.565074 0.933972 -1.589827
4.127697 1.235157 -3.119761
2.494575 1.030970 -3.051959
3.993662 0.271031 -5.445746
4.560354 3.798424 -6.396349
3.793217 2.144903 -5.674353
2.425144 0.325337 -6.710755
2.557340 1.399404 -5.114415
1.811662 3.965922 -5.060409
1.839162 3.291396 -4.174859
0.640625 2.372779 -3.899075
2.625157 1.141716 -2.102787
2.715851 0.620362 -4.015817
-0.388267 3.106785 -5.071850
-0.391865 2.918612 -3.759785
1.029477 2.296662 -4.214103
1.962053 3.977026 -4.507455
1.726615 5.979939 -5.179174
1.133527 4.434812 -4.215129
2.333691 5.366935 -6.007310
4.910559 3.417844 -5.562503
4.128348 -1.370723 -6.782537
2.899126 -0.673974 -6.178470
5.962512 6.897035 -6.498652
5.253389 9.165851 -6.378190
8.947170 4.800438 -4.308027
7.341513 5.401163 -1.288355
-0.183964 3.316249 -1.150444
1.749327 2.518542 -1.762654
-0.935997 3.136989 -0.228325
-1.110169 4.763327 2.929665
-3.732475 5.590964 6.475058
-5.114181 7.141223 5.009130
-3.066016 5.104114 2.139731
-0.997427 2.355812 2.996735
0.114968 3.867823 2.112287
-0.953035 3.507501 2.037597
0.142729 5.591136 5.336271
-1.091323 3.100384 2.690254
-2.077314 1.516106 2.988512
-4.175321 -1.972303 2.474277
-3.658740 -1.060237 3.774498
-3.609714 -1.963273 3.826291
-0.806708 0.351784 8.262859
-1.166122 2.069221 8.919641
2.348802 4.560530 10.117088
-4.937576 3.139223 6.022025
-3.644286 3.032399 3.677858
-2.894472 1.091786 2.506005
-1.543481 5.297863 3.559309
-1.177289 5.666730 7.148702
2.008300 3.269535 5.604562
1.973674 5.919610 5.453029
5.372243 9.338666 6.407044
5.024624 8.468712 2.697580
5.995340 8.329780 3.911886
11.860587 7.379132 -4.036776
5.967919 3.292759 -7.051327
3.663404 0.027121 -4.690699
1.895197 -0.329275 -5.047081
1.918582 1.836388 -2.580671
0.880897 3.237398 -1.577088
1.645843 2.223965 -2.205014
-0.095393 1.978065 -5.371295
0.331177 1.173374 -3.114098
3.969447 1.414147 -2.899462
3.646103 0.179476 -4.484368
4.387348 0.780088 -2.910318
9.798839 1.375934 -3.805167
7.536223 5.673964 0.454999
7.687099 4.909243 -2.935960
7.798092 3.996928 -4.982624
7.814032 1.837513 -4.817558
7.773546 -2.145985 -4.078803
5.327413 -4.823256 -3.378958
6.609180 -8.216129 -4.938041
10.606456 -6.838191 -3.819211
15.059112 -13.509778 -5.861658
