13.630620 -19.017479 -16.933720
8.425811 -14.477594 -10.373227
6.244443 -9.998037 -4.624015
3.462086 -7.124687 -4.926685
2.056950 -4.254732 -0.331794
1.861602 -1.692573 3.061713
1.965676 -5.292468 7.044846
0.630482 -8.169234 2.930371
-2.414480 -5.396772 6.121952
-4.385641 -6.161426 10.521653
-2.178138 -6.180119 7.348512
-7.090419 -5.694299 3.311152
-4.963963 -7.445451 4.553215
-7.139547 -8.898018 0.939863
-1.191054 -5.156796 3.221282
-4.046651 -6.324775 2.829397
-5.475695 -6.447829 4.342501
-4.570306 -1.961862 3.897038
-8.125577 -2.433064 7.528691
-5.766845 -2.768756 3.612973
-5.176635 -3.820721 5.046721
-3.592214 -4.757430 4.856981
-3.554844 -5.207989 6.406206
-5.275155 -4.197675 9.584137
