-2.191376 -13.628335 9.190508
1.891096 -9.620734 6.033100
2.635297 -3.224998 1.921310
2.730659 -1.888374 2.767404
3.286860 -1.072432 5.171039
3.387885 0.121000 5.487608
5.904778 1.919428 4.807062
5.890850 3.373028 6.079126
4.469847 2.697533 5.583415
3.471852 4.985182 6.206255
1.822334 2.028704 4.918068
5.320721 1.613113 6.178969
3.332787 1.880658 4.841540
7.606225 3.388239 5.959990
7.158457 1.450472 3.309772
7.725308 1.519877 1.995672
13.845866 4.206950 5.348742
7.815688 1.604730 2.354860
9.057374 4.139455 1.506232
7.476277 2.689556 2.060105
7.694912 1.487543 1.688915
5.460825 0.491176 2.254075
2.953673 0.844783 2.756555
3.494209 -1.593629 2.793473
2.730746 -0.317647 1.808820
4.182299 0.145638 1.107594
5.539422 0.402808 1.639683
8.562880 2.212905 1.244635
6.943991 0.852336 0.986679
7.420795 -0.194168 -1.798762
5.402365 -0.788032 -5.223364
6.546650 -0.735994 -6.140953
5.047520 -1.152164 -3.941023
5.547473 -3.060154 -3.019502
2.995188 -2.370813 -3.997074
2.888528 -2.652282 -2.405776
3.044930 -1.820160 0.093974
3.443809 -3.874044 1.468509
3.267039 -4.344913 -0.174292
2.687487 -4.810030 -2.163929
2.602843 -6.262545 -3.343462
4.902986 -3.061475 -3.220907
5.763648 -0.910367 -4.348145
6.251798 -0.358726 -2.872438
10.630836 0.063146 -1.764907
9.465969 -2.145084 -2.263078
11.844672 -5.749317 -5.872229
8.879631 -5.046096 -2.604677
3.430877 -5.835660 2.267313
1.760475 -4.091231 -0.205276
2.991072 -4.626227 -0.258332
3.422389 -2.194818 -2.298421
3.422407 -2.775293 -2.671771
2.219530 -3.687768 -0.941372
3.244197 -1.702366 -0.961880
3.848271 -2.582327 -5.125033
1.413384 0.088830 -4.717147
1.056329 -1.115040 -4.905799
4.307203 -2.139074 -5.651860
5.750424 0.559820 -6.017122
6.070075 -0.300533 -6.751481
3.858895 -1.629657 -4.124687
2.894701 -3.640606 -4.127789
2.052592 -4.411809 -4.992742
2.468083 -3.270768 -5.039119
2.810339 -1.659801 -6.573116
6.831244 -3.691644 -4.317743
1.974178 -3.159290 -4.334874
4.821155 -5.509367 -6.472252
5.330428 -7.744302 -4.055478
3.955883 -4.148528 -4.495062
2.545632 -4.389665 -4.369244
3.604258 -1.637445 -1.847633
1.907027 -1.015467 -2.766860
3.522267 -1.483001 -3.515781
6.638686 -3.058839 -3.087234
5.385385 0.379392 -3.917041
4.948174 0.122849 -3.710913
4.926083 -0.033680 -2.296999
5.710116 -0.629942 -2.971922
7.424101 -0.170928 -2.284751
5.024721 -1.095709 -4.197903
4.858485 -3.205486 -7.039621
3.015673 -6.034005 -4.604034
3.979342 -5.525117 -6.052961
3.297282 -4.586126 -3.138856
1.792303 -3.147315 -0.943985
1.127849 -3.422298 -1.818873
3.487897 -1.950770 -1.190861
2.354352 0.171769 -1.872704
5.615075 -0.113619 0.035385
6.120702 0.203570 0.441323
2.766737 -2.624069 -3.871325
2.999866 -2.611300 -3.636098
5.173172 -1.205495 -3.509204
9.974317 -5.992957 -3.018803
8.678044 -3.281109 -4.393099
8.772274 -2.443075 -1.726268
9.370056 -2.537812 -2.420844
10.406076 -0.667122 0.801935
13.747846 3.969491 -3.122971
12.546500 4.125162 -7.010359
