-7.131451 -1.866418 -5.962284
-3.556650 -1.593371 -2.941100
-1.488355 -1.588896 1.379130
-6.657247 -1.950652 2.598910
-4.656155 -1.605333 4.109207
-3.593629 -1.200885 4.833582
-3.242922 -1.839264 8.921910
-4.313520 -0.416741 4.938091
-5.552405 -1.720983 5.505149
-3.289787 -4.365431 4.792079
-5.853002 -3.891016 10.002430
-4.132310 1.073841 4.163653
-4.633848 2.097086 10.164908
-5.628138 0.648736 3.790523
-4.990829 2.870106 4.319986
-8.086194 0.649212 3.589985
-6.538655 -1.608838 7.150525
-5.602107 -0.886195 5.145770
-3.693532 -0.828297 4.493843
-3.723273 -0.953119 5.138544
-3.821566 -2.593316 3.525844
-3.672817 -1.839907 4.998711
-3.520517 -2.235055 5.065529
-4.701202 -2.406928 6.796342
-3.663778 0.983759 3.780458
-3.809390 1.167358 2.173794
-3.860627 1.343399 1.602141
-1.093195 3.969333 1.782127
-0.713862 5.472573 4.804560
-1.724107 7.044904 4.516714
-2.519679 4.992952 3.623415
-5.935866 5.505744 6.549735
-5.651321 1.086925 3.705306
-5.596245 -1.616431 6.484217
-3.852147 -1.639428 6.185505
-4.318226 -1.052989 5.421070
-4.684342 -0.966985 3.859809
-3.871737 1.107639 6.528260
-5.767892 5.089832 5.339699
-2.780459 4.337429 2.023139
-0.651175 4.852371 4.170209
-2.341745 5.123133 2.620132
-0.880891 3.935805 1.995491
-1.064605 3.809836 2.344810
1.277025 3.250540 3.190360
1.900142 6.067146 1.538563
0.559038 12.215870 6.758277
0.225383 5.411407 5.171623
2.118310 5.509397 10.057648
0.463753 3.315156 12.200805
-1.356906 2.487492 10.939880
3.056890 2.387596 12.002563
2.153533 2.238986 5.369830
3.227069 1.857045 5.143441
2.342824 1.493569 5.657776
3.845987 7.117588 6.752138
0.105339 6.738608 7.915447
0.492508 4.661705 5.115076
-5.893610 1.184372 5.885738
-4.528823 0.669072 3.549601
0.945888 -1.388923 2.855109
0.045388 -1.580901 2.437537
-2.053448 -1.454796 3.195968
-0.450783 -1.993567 2.907354
2.882921 -2.925403 1.376826
3.014322 -6.132758 2.450568
3.268166 -4.032449 3.885295
2.620183 -3.027078 5.764088
3.600871 -4.156634 4.429447
3.343159 -4.491531 4.851475
2.052500 -2.394546 3.285412
2.730183 0.152253 2.710308
5.611395 0.752354 2.330918
9.722604 0.359556 9.961158
11.197898 -3.605477 8.471160
14.728212 -6.642723 15.059177
