-12.422351 11.725863 1.967533
-6.947225 3.598513 7.608088
-5.152847 -0.575219 4.479305
-3.947146 -2.500935 7.590546
-5.790254 -1.852772 4.504660
-5.824801 -1.300860 4.148408
-3.667568 -3.678378 5.069617
-3.270473 -4.315162 5.049900
-4.204336 -1.871187 6.393899
-3.655575 0.419440 7.254971
-3.285545 -3.204176 7.767735
-5.554402 -9.386357 9.661346
1.977824 -10.967796 6.693537
-0.184201 -9.885213 7.973688
-1.444620 -7.018186 6.639221
-1.174999 -7.464227 7.157276
-1.443147 -6.022338 5.029957
-2.358196 -5.152383 1.295254
-1.777232 -2.988577 2.386185
-2.825765 -3.212760 2.619597
-2.323792 -3.705263 1.129319
-4.509984 -3.568520 2.485623
-5.482488 -3.647610 3.093335
-2.823056 -3.010613 2.975209
-2.887082 -1.432752 2.786530
-4.459636 -2.170143 3.157987
-3.828603 -5.945023 6.545062
-4.855001 -6.814093 7.092498
-7.575085 -7.192552 6.259075
-3.452437 -1.763632 5.606966
-3.210422 -1.041058 9.048088
-0.732042 -2.011061 8.442561
-4.442025 -4.365178 8.890803
-4.024417 -3.342479 5.791693
-5.092996 -5.093273 3.785040
-2.725926 -5.939584 5.544147
-5.280527 -5.269319 4.880012
-3.520866 -2.697192 5.671027
-4.524468 -1.411951 5.299891
-4.748730 -0.658477 6.818369
-6.137229 -1.083404 7.250074
-5.823266 -2.756591 6.710655
-7.417317 -3.561957 10.551689
-1.511434 -3.898694 10.137577
-2.558885 -3.484642 9.260863
-1.583375 -2.811133 9.053690
-1.067086 -3.322030 8.515710
-1.009079 -4.172867 8.359856
0.295383 -3.173196 1.929016
2.777360 -1.729024 0.748496
3.212430 -4.563643 0.242836
2.960545 -2.521406 -3.176548
2.934055 -2.027523 -3.813709
2.230816 -3.351416 3.907258
3.639122 -6.661442 8.667779
2.062725 -4.945624 5.076209
1.086875 -2.595001 2.752690
0.214413 -2.088675 1.298987
1.417741 -3.961487 2.290561
-3.936758 -3.126187 1.316773
-7.330173 -3.385750 4.348524
-4.646296 0.641620 4.638028
-4.044932 -3.051661 4.891488
-3.649123 -2.294804 6.638356
-3.489341 -3.391109 7.678972
-4.766225 -3.035517 6.481131
1.842389 -3.998252 8.775653
0.869845 -6.973924 9.668122
0.045376 -5.725055 3.832831
-5.242003 -7.535660 10.581924
-5.695777 -3.290577 6.336495
-5.162127 -2.155623 6.730826
-4.640579 -1.076963 6.963951
-4.263424 0.644682 4.920991
-3.714183 -1.163191 8.801310
-4.011863 -2.671256 8.083488
-3.920367 -4.007629 7.976514
-3.185313 -2.519012 2.440703
-3.688321 -4.392467 5.338670
-3.417256 -1.877387 4.221349
-5.731926 2.594582 7.630072
-4.186794 0.456314 7.271813
-4.369772 1.017833 5.987236
-3.287170 -1.668056 3.113917
-4.469079 -2.912729 6.697479
-5.556450 -1.781877 6.505042
-4.368355 -1.463228 3.632521
-4.355149 0.945577 4.642391
-5.237506 -0.360257 3.949504
-4.347487 0.199421 3.343014
-0.543157 -3.224206 1.685153
-3.558116 -3.247229 2.697413
-3.645659 -4.728939 0.929591
-2.476318 -5.936433 6.774666
-0.411039 -5.592638 6.070889
-2.876363 -5.648677 6.967424
-5.048986 -3.256784 3.037162
-4.072085 -2.152680 6.718022
-4.689935 -3.565771 5.437831
-4.730790 0.601787 2.889180
-3.234880 -2.570621 7.249629
-5.612895 -3.316408 7.340493
-5.246351 -2.279156 6.092367
-3.235010 -1.049991 4.320617
-5.645871 3.318300 7.137269
-4.864325 4.528038 5.785496
-3.792790 -2.779180 3.152205
-0.136206 -2.845141 1.982544
-2.638182 -1.220606 2.870560
-5.659979 -1.233510 4.154752
-3.787574 1.427344 1.982580
-3.458634 -1.255222 6.827396
-3.514881 -1.449842 5.478263
-4.721273 -1.676834 7.076136
-8.133695 -2.054270 6.954645
-3.435758 -3.775270 7.348717
-4.369153 -4.461544 10.381099
-3.393610 -7.504110 7.401787
-4.406852 -2.189389 5.622938
-3.523623 -0.641233 6.296793
-4.331701 -5.486121 8.881341
-4.861574 -4.095472 8.694869
-3.227635 -2.576878 5.257978
-3.426293 -0.628925 5.119140
-5.248272 -3.530524 6.324376
-6.171218 -1.072242 4.956521
-6.805928 -2.324676 3.218346
-2.838097 -3.131073 8.305729
-2.952417 -2.935189 9.941669
-2.976985 -2.791213 8.645836
-3.464019 -1.875460 5.013252
-4.114493 -3.938463 3.237975
-3.893363 -4.725085 5.908839
-3.326552 -2.135132 6.151730
-4.019314 -8.510497 5.484781
-2.516732 -5.449635 6.877212
-0.769649 -1.579663 2.957058
-2.702734 -2.641786 2.976448
-1.281887 -2.138655 2.386872
-6.706937 -3.529102 4.505795
-3.545486 -4.945365 10.729099
-3.295426 -2.177689 6.009937
-3.804642 -2.891022 3.978182
-3.707118 -2.946172 1.790108
-1.367887 -2.275803 3.142664
-2.720089 -3.265411 2.400393
-4.466320 -3.266284 5.112697
-3.736058 -2.589309 5.139359
-3.676742 -2.268461 5.325553
-3.891150 -4.138005 5.194379
-5.914901 -2.030294 3.491128
-3.694035 -2.338630 3.649787
-5.137640 -2.035270 6.166720
-5.271966 -1.251266 6.483437
-6.106740 0.030928 5.422570
-3.250854 -4.244092 8.322913
-3.404735 -1.355095 8.829284
-3.589153 -3.921310 8.354733
-1.884753 -3.326060 10.930558
-1.168981 -5.926703 4.552760
0.587795 -0.654145 2.074378
3.034252 -1.226299 7.336194
2.125318 -1.818463 6.690007
-4.279498 -1.979373 7.448294
-2.588846 -5.578117 9.811690
-1.133714 -6.087533 7.141841
0.917249 -5.729833 5.990554
-0.468235 -5.710019 4.263612
-1.981743 -6.450309 5.599565
-2.479580 -5.050748 9.756238
-2.175982 -6.689300 8.001775
-0.932076 -8.649785 5.802777
