-0.468267 -3.606501 8.572073
0.854731 -5.493727 9.419734
1.169443 -6.288843 7.339784
1.566743 -4.813504 9.040309
-0.647913 -6.535738 7.018562
2.395673 -5.835339 9.400735
2.173790 -5.158340 5.459150
-0.815777 -7.398255 4.357659
-4.126889 -5.477336 5.797900
-4.423290 -7.934858 4.409568
-3.252761 -4.390353 2.276666
-4.757833 -1.666823 0.534568
-5.584466 -0.907387 4.455716
-3.565368 -0.903695 4.735783
-4.558260 -2.387349 5.726587
-3.270110 1.515874 5.065039
-4.537753 1.177974 4.787359
-4.042964 -0.331922 3.099543
-2.387152 -0.700441 3.053989
-4.484277 -2.267750 5.674233
-4.251496 -2.093761 3.958542
-3.470206 -1.766584 3.596774
-4.518621 -0.905087 5.084736
-4.556277 -3.224647 5.734470
-3.638779 -2.061279 4.718209
-3.844804 -0.462359 5.611299
-3.383929 -1.527751 5.911011
-3.797750 -1.217014 7.555521
-2.697085 -1.969879 9.421667
-4.202808 -1.849177 6.257154
-4.264181 -3.158396 3.685878
-3.775293 -0.709098 3.390803
-6.161414 -2.840648 6.296106
-3.629368 -2.343019 6.548170
-2.290238 -4.926175 8.576985
-3.377541 -2.323803 5.057263
-3.494313 -3.848421 3.665206
-3.291676 -3.781107 4.352093
-4.470518 -5.029159 2.122950
-2.229961 -2.885968 2.774925
3.175611 -5.028157 5.335732
2.333966 -2.538404 5.057812
-1.293565 -7.458319 8.443264
-2.405100 -5.580522 8.394282
-0.526481 -4.760690 10.591170
2.773355 -5.593467 10.033740
3.092117 -4.634543 6.346758
3.576174 -6.131202 6.156487
3.312003 -1.810220 4.724869
3.394229 -2.408425 4.648791
2.963745 -3.392241 5.471482
2.467855 -0.768855 6.152241
4.925092 -2.034871 8.535366
0.501289 -1.647187 8.640740
-0.384203 -1.414862 9.986069
-5.089159 -4.362163 8.199160
-4.741689 -3.427892 4.388822
-5.724899 1.701246 6.070492
-3.914736 -0.712908 4.471572
-5.037253 2.923239 4.308775
-6.809270 1.818041 9.103535
-8.597629 2.372935 6.326770
-7.863118 -1.238333 4.873648
-5.642747 1.793267 6.942352
-5.404285 -2.960253 7.363856
-3.916397 1.143757 9.069781
-3.994760 -1.536767 5.990589
-10.500546 -4.279050 10.760631
-5.537866 -3.794515 8.368106
-7.407135 1.250098 5.187472
-4.699973 1.282161 4.680336
-3.719507 1.224627 8.900828
-4.096984 0.223583 4.726900
-4.088111 -0.689711 5.531073
-4.059196 -1.642427 4.163199
-3.127812 -1.400134 2.421510
-1.255432 -0.981112 3.076975
-4.742067 -3.651718 0.994312
-4.306200 -2.210534 5.002738
-8.027811 -0.700172 2.868319
-7.551139 -0.362077 5.194664
-4.354005 -0.519158 5.921459
-3.519157 -0.001397 6.093982
-3.919945 0.183064 7.790366
-2.871783 -0.488959 8.975724
-4.256788 -0.885807 6.154995
-4.553977 1.146846 7.186734
-2.652706 6.441935 7.837534
1.123357 7.232556 6.911481
3.327660 5.382389 7.096033
2.552920 0.772058 5.413147
1.800225 0.859395 4.463885
2.873642 -2.834115 6.129439
2.468346 -2.512485 5.176275
-2.336255 -6.156579 3.485471
-6.934857 -4.452044 6.457132
-3.223867 -1.612529 1.754927
-3.806980 -1.675023 7.060395
-3.914550 -1.064006 3.034629
-5.013633 -1.855284 2.839355
-3.764307 -3.695857 6.546346
-3.458830 -3.035329 3.986570
-3.356102 -1.695667 5.744390
-4.093357 -2.176501 5.084668
-3.288790 -5.457032 4.359571
-1.204839 -4.322323 2.932611
-0.942662 -5.192351 2.769374
-2.330058 -3.243414 3.017278
0.182206 -2.462456 2.643300
1.127388 -2.207791 1.276016
0.358754 -0.497691 2.682653
-2.346945 -6.144538 2.538849
-0.879420 -5.638267 0.426676
-2.062237 -7.367578 5.864643
-4.770990 -3.823527 5.943575
-2.981389 -6.005717 11.435764
-0.191793 -6.170846 10.927876
2.775342 -3.318264 7.131778
2.475674 -2.519666 6.870521
2.348603 -0.432157 4.027224
2.685055 0.432099 3.558275
1.851344 0.126226 2.526242
