-8.771840 10.917011 -1.122981
-7.560023 6.358244 5.901704
-6.629342 3.075479 3.801793
-4.184906 3.792146 5.516858
-4.901852 4.140200 6.133747
-4.748207 2.267222 8.290574
-0.019858 0.508316 9.422216
-0.197611 -0.841897 8.247155
0.071293 -2.151978 10.992939
1.099481 -7.670216 7.741833
-0.493119 -5.257067 8.328794
3.299957 -6.214772 9.535393
0.979454 -6.073341 7.231964
0.880808 -7.317808 4.158014
-0.754972 -1.086613 11.811147
1.328321 1.773627 10.779598
2.456689 2.160898 10.378252
3.301736 -1.117126 5.343142
2.495833 -3.250319 5.699178
2.872320 -3.336536 5.780725
0.979080 -2.702055 8.987634
-4.006324 3.692578 5.746743
-4.820882 5.232047 5.286488
-7.677568 1.581093 5.495537
-5.291745 0.816808 4.370236
-3.240721 1.294796 7.689972
-2.826404 0.861104 3.187349
-0.539326 0.478061 2.626509
-4.449240 2.688773 6.703164
-5.252013 4.358218 7.359138
-4.569706 1.948263 5.800750
-1.232407 0.973496 8.795246
-3.853375 -1.318210 8.193842
-3.255730 -3.038285 3.611609
-2.881291 -3.511724 2.136278
-2.696272 -3.375406 2.241131
-0.579927 -2.289035 1.157813
2.016803 -3.401912 4.181502
2.168457 -5.688623 2.073980
2.256524 -3.631461 5.626863
2.431437 -3.122185 7.217941
3.576705 -3.160162 7.426608
1.952708 -2.495114 4.396576
1.985207 -2.907018 2.787147
2.224395 -3.597350 1.831105
-0.118672 -2.592790 2.382401
-0.088050 -2.200233 1.166815
-1.156676 -5.273904 3.093771
0.205837 -5.753755 3.493275
0.086139 -5.152215 11.586149
2.757653 -4.601266 9.971868
1.774475 -5.479390 8.185582
2.038268 -4.233460 5.230721
2.959640 -4.016921 6.794555
4.650617 -5.957554 7.731343
1.849210 -4.406979 6.467928
3.328364 -3.704645 4.634562
2.201602 -2.663199 6.970322
5.365761 -5.782876 7.149909
3.550651 -3.001995 3.952760
2.372153 -1.781209 1.653367
2.802096 -3.543181 3.699026
3.027971 -2.235957 1.339478
2.308976 -3.574797 3.487638
3.417376 -2.878129 2.258384
3.560678 -3.215149 -0.017299
2.902580 -3.995724 0.982652
3.071397 -1.800105 -0.717408
2.815202 -3.676079 -0.055267
2.590596 -3.629792 -0.522302
3.175352 -2.258393 2.478948
3.158613 -1.075622 5.032974
2.796141 -0.976529 2.869760
3.570884 -0.125631 3.443496
2.926338 -2.169777 3.601902
2.377604 -2.827791 4.181419
2.981266 -1.856571 3.782972
2.467476 -1.698659 4.550840
1.952912 -1.467921 3.601635
2.704615 -2.326017 5.161472
2.232315 -0.713270 6.889507
3.305829 -0.614331 10.876966
1.393600 -4.127265 9.154150
-2.387807 -5.186719 10.373591
-4.718416 -5.665041 7.289054
-2.280697 -5.806951 9.691809
-2.018798 -3.320745 8.753779
-4.594196 -2.996371 5.298371
-3.897079 -2.020492 8.101933
-3.521350 2.313626 4.512896
-4.891176 1.744537 6.328982
-4.454023 0.815278 3.132150
-4.625636 0.521239 5.387084
-6.663269 1.673237 7.905125
-4.546684 -3.138278 3.918277
-3.815115 -3.726626 5.724267
-3.045268 -6.203844 6.170729
-3.301425 -2.431160 6.174410
-3.487531 -6.175627 7.816776
-1.478947 -7.231373 10.291653
-4.755933 -7.678453 7.536767
-3.511737 -4.737593 4.683319
-1.727492 -4.887918 2.695509
-1.947171 -2.347850 2.711981
-4.108860 -1.112910 2.926953
-5.290541 -3.238590 2.241189
-4.002449 -3.753435 5.499377
-4.131308 -4.344903 5.412603
-5.640738 -5.207124 4.318087
-2.460720 -3.951077 2.012262
-2.632619 -6.117315 5.457013
-1.882791 -5.970771 5.655756
-0.380820 -5.083045 10.568602
-1.695540 -4.085505 9.699960
-3.380329 -4.546554 10.680162
0.221615 -2.510615 8.920265
0.449257 -5.046011 9.229106
2.213035 -2.231063 9.365237
2.143395 -0.932673 6.251332
2.198741 -2.225136 5.778548
2.713819 -2.880717 10.340041
-0.257662 -1.362342 11.771388
0.893905 -6.597914 10.804976
2.406417 -5.072369 9.252953
2.156972 -1.411875 5.066468
2.288275 -1.901294 5.048223
2.087954 -1.487081 3.342418
1.938727 -0.678186 4.750995
2.463104 -2.719513 4.974586
1.876694 2.070012 2.875175
0.515083 -0.909728 3.204967
3.018859 2.831023 4.985282
3.713653 1.258214 5.745285
3.271125 1.363326 7.754360
3.040846 -0.320569 4.989993
2.188057 -1.294877 4.580672
-1.341843 -7.710376 7.106605
-2.815779 -6.318282 4.237689
-4.308069 -2.227896 4.672469
-5.390835 -1.246784 4.904805
-4.600853 -1.953539 4.876306
-4.281138 -4.597124 4.147001
-5.041151 -2.768117 6.959353
-0.849271 -3.448954 2.987538
-1.705182 -3.669032 2.652103
-1.992887 -3.220442 0.380428
-4.375680 -2.670441 3.163018
-1.333084 -2.869794 1.275591
-3.382693 -3.281316 2.683619
-2.189789 -6.839620 3.247007
1.328586 -0.971784 2.883063
2.878236 -2.894121 2.993924
1.834650 -2.301260 4.051420
1.792059 -3.717622 3.898337
2.211340 -2.806018 3.735183
1.964073 -1.769437 3.791787
2.416512 -1.207788 4.053616
1.796214 -1.834586 3.305951
1.842676 -0.893780 4.755314
1.955280 -1.989537 4.639795
1.449500 -1.797058 2.301230
1.796112 -0.741240 6.884984
1.238213 2.337126 8.541066
-1.358823 0.703055 8.989959
-0.828504 -2.950982 8.441122
-0.225958 -6.279603 6.121721
-3.232406 -5.740036 5.800274
-7.663043 -3.998212 3.786850
-2.675093 -2.641960 2.751628
-1.940805 -4.051341 2.638813
-0.313192 -4.349318 1.828028
1.039690 -2.706335 3.121846
2.172430 -5.959322 1.267716
1.721534 -5.526351 3.530007
-3.114670 -7.218068 6.817860
-4.275246 -7.191710 6.644336
-3.360993 -2.421940 7.669569
-3.151834 0.324893 9.293193
-2.199374 -1.197709 10.350942
-0.190042 -0.138616 8.632184
-0.702562 -1.101885 8.869303
-0.525193 -3.109732 8.563828
