-3.168179 -7.123174 -16.898228
-1.225433 -1.109458 -6.528412
-3.092705 -0.312964 -3.573389
-5.212199 2.029218 0.616941
-7.263940 5.053921 4.209517
-9.103763 4.609957 4.814525
-8.377674 3.859463 6.633941
-8.574835 5.515686 4.316396
-6.809964 8.966413 14.957439
-5.880003 13.507408 12.606065
-9.515565 10.787714 5.402171
-10.145154 10.363003 10.921288
-12.900500 18.743752 6.000303
-8.240452 8.289912 4.473577
-12.218282 8.047157 6.443694
-13.128678 4.634111 6.255476
-9.618754 10.738056 5.611772
-23.737505 14.731927 25.313553
-19.037703 8.883184 18.323030
-9.268306 16.978943 25.562300
-9.292232 12.966132 25.520901
-3.448092 6.856225 14.753169
-3.947077 1.278526 8.983660
-3.498989 4.233268 0.287650
-3.949769 5.145748 2.670671
-4.808919 4.314493 3.018479
-6.206295 5.766810 7.090698
-6.820869 8.166049 11.281219
-7.208906 8.652516 14.013721
-5.134229 3.563902 3.924947
-12.670368 11.391295 16.962170
-20.834124 11.079159 14.585992
-10.262937 10.562435 4.569938
-13.413791 3.763882 6.884959
-4.826604 2.702194 4.733931
-5.620628 10.004946 10.400322
-11.559360 10.500167 17.539204
-13.937267 10.879075 11.683595
-12.288591 10.902802 6.596156
-12.228484 17.555819 21.296366
-12.743876 8.423270 19.223440
-7.490864 1.526830 8.558493
-8.617537 2.888442 6.025294
-13.291304 2.581866 4.942043
-4.706263 -3.749218 10.012752
-6.975470 -0.386729 4.975595
-7.458560 1.316826 5.898188
-7.914576 -2.776454 5.375772
-9.045817 -4.285656 19.970860
-10.013224 -6.237859 18.167768
-3.315688 -6.705112 13.878865
-4.873951 2.205975 15.550783
-5.886467 5.995277 6.261869
-10.439615 15.442645 9.579503
-7.853086 12.796856 16.480644
-9.669252 17.238949 11.968553
-7.754007 9.434983 4.017319
-13.888694 8.550264 6.052309
-23.807037 15.841540 9.497537
-20.434372 16.828636 11.489802
-16.121727 15.015556 16.266870
