16.509228 14.187078 2.153450
7.845405 8.238924 -1.552914
5.801000 7.974810 -4.608633
10.154155 4.500408 -6.069563
11.388467 4.181936 -6.171453
12.058905 4.666259 -7.415316
8.095540 5.277292 -0.959181
10.479306 3.414071 -6.239941
8.032048 2.074050 -7.019441
5.561258 4.559365 -6.540872
9.924741 -0.323034 -12.138961
6.084723 0.604307 -4.958516
5.418157 1.337184 -4.608289
4.466750 0.764065 -5.069958
5.643905 2.471487 -6.435688
8.773170 3.898878 -6.953485
7.890491 0.431704 -4.201231
6.812239 1.424898 -3.327415
3.597888 0.819750 -3.743530
1.487562 0.569339 -4.375014
1.892865 2.677897 -2.816183
0.520152 3.701452 -1.319264
1.847378 4.672247 -1.824159
1.176482 1.647954 -2.465428
2.984055 1.402937 -5.999557
2.055482 0.304100 -6.236327
3.575595 0.525514 -4.824643
2.157652 0.082194 -4.147797
1.141347 1.961384 -4.822595
2.011485 3.864066 -3.991971
2.135429 2.811009 -2.363092
-3.411871 -0.325123 -4.277352
-6.656058 -1.805298 -5.473870
