-0.677456 -15.738202 -9.844124
6.599915 -9.752115 -3.080769
13.634796 -5.276381 -7.630630
10.026800 -4.642819 -1.821357
10.751375 -4.490301 -1.609064
9.040495 -1.201459 -2.482080
11.246640 -5.967573 1.130111
9.255989 -9.187824 -3.097000
9.655445 -5.970485 -1.481422
11.353370 -2.983454 -1.879700
7.663095 -0.570013 -1.995205
4.958560 -0.243466 -2.893792
3.457243 -1.470600 -2.699319
3.195698 -5.105539 -2.368386
1.896106 -3.692311 -2.068640
2.853363 -1.980351 -1.477848
3.940148 -1.909968 -4.866120
5.261834 -2.197998 -3.007676
5.622323 -1.766169 -3.749348
5.343748 -0.915334 -3.969731
5.488940 -0.933037 -4.707325
3.587600 -1.204515 -6.163718
2.860512 -2.455503 -1.764973
2.752944 -3.294418 -3.760983
2.193153 -3.526693 -3.719361
4.596539 -4.798124 -4.727437
3.630250 -5.811552 -0.698840
3.530546 -5.076893 4.021633
1.658288 -3.722246 1.182173
3.447440 -2.201233 1.668025
2.937169 -7.674262 6.121010
3.825222 -2.509575 8.569695
6.198148 -5.743678 8.809165
5.047517 -4.208046 8.027923
10.506967 -5.779665 11.277623
11.082023 -1.952925 4.592701
9.293870 -4.800759 8.443592
9.327061 -3.426712 6.835408
11.385300 -3.983737 8.008196
13.392179 -4.472229 2.233722
11.713841 -5.014323 2.274168
12.645475 -7.654899 1.558975
2.495041 -4.940625 5.035622
2.626405 0.308014 -3.093690
3.374764 -1.097284 -1.784325
0.048294 -4.774844 3.171361
0.979872 -2.244673 2.583122
-0.134587 -2.937655 1.346596
2.093493 -3.378100 1.538348
8.693625 -2.823164 1.627809
10.115899 -4.271256 1.517907
10.159139 -4.777815 0.011785
8.824214 -2.385302 -0.748050
11.126895 -3.282098 -3.579217
3.649506 -2.480296 -4.052390
0.785334 -2.478792 -5.705026
3.871696 -3.427581 -5.217554
4.135412 -3.867796 -5.083843
2.411419 -3.515574 -1.808218
2.735896 -6.386599 -7.912292
2.198163 -0.787295 -4.726777
3.002638 -1.157665 -2.715979
6.390098 -2.352252 -4.323790
5.276227 -3.053714 -3.018143
2.980386 -1.033509 -4.917834
2.779056 -2.665376 -1.540131
3.538598 -2.896197 -2.225061
3.810646 -4.256643 -7.013461
3.241655 -4.770514 -4.831157
2.971288 -6.737068 -3.644882
3.523425 -6.582618 -5.686718
2.906183 -6.410102 -2.623360
2.446231 -3.407202 -1.101331
1.967687 -8.009199 -10.462276
2.174209 -6.776659 -9.027864
2.746413 -7.221186 -4.268396
6.967630 -6.196890 -4.412769
1.983520 -4.180934 -3.380229
3.357574 -3.756786 -0.414863
2.527843 -2.844245 -2.791578
2.839036 -2.467241 -1.807656
3.437901 -0.334748 -3.268315
5.343033 -1.642872 -3.444573
3.989479 0.626684 -2.448599
6.030310 0.282003 -4.025058
8.064322 1.033594 -3.340538
6.823005 0.956499 -1.553162
4.963836 0.237851 -2.942074
1.944491 0.020225 -3.588914
1.477847 1.484749 -3.745863
5.271307 -0.803226 -4.270054
5.350401 -0.412234 -4.021577
5.082239 2.078265 -7.990735
5.874123 6.297445 -6.149095
9.313111 8.242175 -6.911694
9.920847 5.852915 -3.387768
9.776496 8.547009 -1.827479
7.978061 5.825108 -3.900741
6.606713 8.179716 -2.314982
7.199059 7.642454 -9.530725
4.204762 4.691388 -6.867781
3.318187 2.944530 -5.972053
1.038181 1.919374 -5.369587
1.307068 2.927031 -3.563910
1.740177 3.728937 -2.442253
1.498717 6.776694 -1.692275
1.816876 7.219518 -3.727127
0.610362 5.307952 -0.897577
0.489983 5.564960 -3.852479
1.659784 0.574969 -5.316377
2.963290 0.924100 -3.327775
0.410717 2.397071 -1.021418
2.016043 3.973667 -2.617597
0.884685 1.597237 0.095017
2.915187 1.220228 -2.721970
2.887228 0.316915 -4.679330
2.938507 -1.748992 -2.665353
1.140450 3.353679 -1.257055
0.582409 3.069960 -1.887490
2.959702 0.489322 -2.130024
2.956910 0.424345 -4.400814
2.623836 1.322101 -5.499166
2.948193 0.059348 -2.243296
2.466949 0.899001 -1.492116
4.098684 0.432718 -1.809654
3.815942 1.359449 -2.541032
3.257305 0.128745 -1.708372
4.228997 0.328853 -2.644343
6.445582 0.940528 -2.301296
8.861416 2.660808 -0.845280
7.735213 5.193086 -2.311139
9.844303 5.263959 -1.869185
7.263412 6.043346 -5.757245
3.582033 5.584348 -6.891396
5.885759 5.508242 -6.737609
10.725864 11.921654 -4.198262
8.669575 9.386876 -7.325502
10.917030 8.474200 -1.354252
6.697246 7.741080 -3.159316
4.276350 6.839321 -3.681890
9.315787 6.895809 -4.813267
7.464717 5.774208 -1.909606
14.551851 12.495352 3.449868
19.445053 16.760754 4.705652
