0.178232 1.825067 8.784932
-3.450991 4.500807 8.703169
0.355293 7.112554 5.803235
2.623893 5.115651 7.551344
1.361489 4.729019 4.607111
2.044454 6.201872 8.709831
3.092397 4.086200 7.854076
2.270178 0.700504 3.773207
2.973379 0.218800 3.992979
5.802362 0.586836 3.784143
0.969684 2.610119 10.187431
-0.343044 3.662646 8.913151
-3.158098 0.517383 10.212315
-3.660019 2.007180 4.810402
-4.644818 2.214799 4.747626
-4.452225 5.344294 2.745261
-4.900887 1.952574 3.821239
-0.964995 3.158659 2.670742
-2.576030 4.754178 4.225989
-2.349116 5.218492 2.416021
-4.561967 4.018968 1.895428
-5.126808 3.222429 -0.797746
-3.052031 2.917724 1.209664
-0.118587 4.373079 2.341119
-1.766138 5.772099 4.825498
-3.441953 5.141915 5.579753
-1.620397 4.860981 5.382489
-2.031597 6.282276 4.003939
-1.207992 6.332659 2.761605
0.065016 -0.021852 2.754532
1.228877 1.145922 1.678361
1.272056 4.833503 2.223752
1.812892 5.157358 5.651586
1.672356 5.181119 2.962074
2.164733 2.368823 3.874101
2.002290 1.683960 6.089332
1.914155 0.169468 4.035903
2.681241 -0.811777 2.360344
-0.841990 -2.240921 1.869609
-5.600837 -19.541452 -17.830717
