-6.347271 18.138184 -15.708859
-7.011491 8.378124 -10.591602
-8.677448 6.086334 3.465351
-7.907987 8.728766 7.927297
-16.245605 9.681869 0.012145
-14.822345 8.373067 6.950000
-15.323729 9.769486 4.461184
-4.932470 3.620054 6.852790
-8.091881 4.843112 4.813849
-16.543924 6.055034 8.085174
-11.987267 8.378093 3.350718
-5.965318 5.579527 1.901441
-11.647838 5.207065 3.103054
-3.953161 5.542396 8.210245
-4.504085 9.816473 13.795753
-8.030556 7.046741 7.408415
-10.095561 9.200155 7.669632
-5.381011 8.980271 8.675470
-10.953789 1.212456 6.677108
-8.095901 2.132291 7.495318
-6.914217 3.648763 12.971395
-7.936669 6.355571 13.724116
-6.300756 4.171444 9.773430
-4.281309 7.320394 15.565413
-3.301666 -1.344867 6.652197
-7.906198 1.741526 5.976782
-9.104679 4.265464 8.225874
-7.953157 6.532916 6.577898
-7.546028 7.683525 15.140338
-9.458516 10.559587 11.327854
-9.365735 8.363712 7.196836
-9.779109 6.599712 5.416085
-10.016255 5.435007 7.575971
-13.613768 2.526600 4.486101
-9.390847 5.521965 6.640743
-7.724888 7.423788 2.469625
-18.626537 5.033592 13.581645
