18.254841 -8.087016 12.269219
5.682201 -3.869408 5.900325
-2.817828 -4.453732 6.226701
1.565338 -6.053869 8.130211
2.801793 -3.233293 6.989485
1.936909 -3.913895 6.054428
0.419850 -4.637486 7.906681
-0.629845 -3.981026 4.495725
4.216438 -5.556842 8.343325
4.848319 -8.925850 7.458637
4.752662 -0.874552 6.356045
-0.083589 2.339866 8.403437
0.532897 3.660764 8.917212
2.651625 3.429685 8.514219
3.849285 2.329650 10.219662
1.023628 2.241205 6.428865
-0.773181 3.001989 6.891865
0.236751 4.536164 8.388081
3.571423 3.061795 6.781194
4.403487 2.255207 7.141431
3.254844 2.412768 8.805452
1.932390 3.869001 6.981741
4.186144 2.239562 6.916548
2.803166 2.967123 5.438982
4.419568 2.740520 5.931769
6.243534 0.233258 6.879972
6.579348 0.371140 5.694442
6.948619 -1.553554 7.079831
8.355921 2.738949 4.590417
4.309218 0.492939 5.002553
4.973976 -3.607524 7.494895
5.668709 0.777618 5.216719
6.313174 -4.279989 5.704041
2.563941 -3.309841 5.460847
1.652584 -3.072008 7.953250
9.965465 -3.351802 6.729042
6.173377 -2.271126 4.627204
4.915553 -1.964880 4.016962
6.583124 1.040830 5.624624
2.102644 3.158756 5.689027
4.439390 3.404253 4.135903
6.310107 2.806835 2.709379
3.585000 2.540134 3.612246
0.879601 2.193177 5.344648
-0.303015 2.553615 8.445814
-5.118054 2.279072 4.356730
-3.057639 2.983785 1.217761
-5.601973 2.837060 2.439132
-6.287739 1.370624 7.278947
-6.010676 1.984296 6.349520
-7.686348 1.105253 3.806489
-9.074206 2.587469 3.827237
-4.627154 2.146303 2.883848
-4.422891 2.560160 2.504120
-7.508558 2.158067 5.093711
-6.174827 -0.290204 4.183617
-5.329680 -3.370784 6.133874
-2.920540 -5.969334 9.319993
-1.207231 -4.280350 5.294501
-6.627472 -2.432314 6.003152
-3.278788 -5.080552 4.855465
-5.628286 -10.157995 -1.531332
-3.659937 -9.751609 1.999457
-3.541725 -4.578861 3.108185
-2.270526 -4.467438 5.791779
-2.674357 -3.318247 5.849239
-2.809860 -4.977861 6.874951
-0.769958 -5.877767 6.726966
-3.849797 -3.096817 5.607584
-7.465435 -3.620633 5.297732
-6.125251 -2.382468 2.451141
-9.045001 -4.959326 2.419776
-6.405303 -2.698739 1.572883
-8.124823 -1.369945 6.156382
-8.234244 -5.134036 7.123610
-8.890610 -3.208317 4.200670
-4.530031 -3.297163 4.240882
-4.887053 -3.407744 3.970541
-5.493484 -3.039701 4.116812
-6.971292 -3.465286 3.382523
-6.432086 -0.761173 4.670696
-7.512482 0.381401 3.801520
-6.797160 -0.653154 3.573421
-7.721645 -1.223923 3.061268
-10.948627 0.183725 2.303829
-4.886464 -0.456835 -0.050544
-6.356037 -1.024457 -0.598900
-6.261425 -0.831441 3.366547
-6.430237 -3.547509 6.317643
-4.984727 -3.279592 3.889956
-6.618625 -4.186626 2.806260
-5.936789 -1.826288 3.557231
-5.832736 -4.179879 -0.165313
-4.825867 -3.128677 2.804339
-3.392779 -1.615705 0.264765
-3.063539 -0.237572 0.502961
-6.625162 3.213868 2.212748
-4.357247 2.894413 1.346971
-6.047487 2.659899 0.312357
-6.545557 -1.496536 2.535058
-6.058177 -0.673520 3.294176
-6.995436 0.915747 2.595137
-6.870955 2.705563 1.030920
-6.681023 3.139462 3.361897
-6.890219 0.201302 2.879538
-3.610144 -3.295048 0.930485
-3.827199 -3.492877 5.606230
-2.110858 -3.725920 2.709104
-4.265798 -5.156987 1.804600
-3.059530 -4.728809 1.180711
-3.511059 -8.022955 4.674006
-5.532419 -7.635588 3.848767
-5.590554 -6.022186 5.009262
-2.944915 -4.999371 4.240976
-2.290968 -6.467463 6.505462
-2.261969 -6.621214 12.580560
-3.488070 -6.338582 15.545639
-0.111306 -5.091385 12.784929
-2.632405 -4.659632 6.320560
-6.243097 -3.861047 6.503505
-5.914783 -3.695375 3.452859
-8.314259 -4.897722 4.426045
-8.514201 -5.509154 5.509285
-9.557873 -7.973241 5.211907
-11.004600 -1.154173 4.776755
-10.196651 0.364283 4.810417
-6.333937 -2.317719 3.419655
-5.012434 -3.936588 3.840447
-6.435123 -5.721482 4.695762
-7.213470 -11.631085 10.961423
-7.657010 -8.451385 10.862264
-5.113773 -3.949734 7.580888
-6.452458 -10.834924 11.242414
-5.138393 -7.693273 11.246997
-4.825249 -4.550380 2.578576
-6.065328 -4.832633 4.396837
-10.053008 -2.579361 2.525307
-5.403560 1.170236 -1.644012
-3.586184 1.778504 -0.722982
-7.043765 -1.355348 -0.030437
-6.428967 -0.642465 2.404693
-5.732414 -1.205530 3.906374
-3.921762 1.150063 11.440537
-3.380573 2.256117 4.927911
-4.151136 2.516670 6.415395
-1.408961 5.313219 7.227334
-3.150616 -3.899417 9.614923
1.102164 -4.193549 4.307129
4.236201 -5.553408 9.559434
-2.856003 -3.343654 9.541219
-5.600701 -4.041746 18.123260
1.416739 0.964692 14.858725
-2.038443 0.933644 13.271509
-1.252681 0.958026 11.204762
5.108343 -2.943713 8.545548
4.465714 -3.983565 4.954623
2.444545 -3.487423 6.191715
-2.233347 -2.388074 14.789267
-2.605901 0.225255 11.976583
5.510187 -2.487416 7.153772
3.264035 -3.531146 7.080905
0.838729 -5.026263 8.061013
-3.947176 -2.941728 7.895881
-2.170125 -4.823550 5.973791
0.111110 -3.740732 6.654706
-2.847909 -3.513843 8.014823
1.047298 -3.203765 6.531971
-1.569668 -2.967885 8.487468
-0.614238 -3.717631 3.319664
-0.286909 -3.883923 6.008796
-0.488072 -4.082718 6.727409
2.409663 -3.122440 4.614954
2.690362 -4.636779 7.208191
7.446187 -2.661222 5.457839
4.373618 -0.449301 3.437567
4.563800 0.287949 2.233129
4.783188 1.760636 6.743918
3.806127 4.199724 6.419412
1.045660 2.813214 7.142753
0.446179 2.362828 8.698114
1.292927 5.080793 11.169093
-1.009712 2.298194 3.584491
-0.427886 2.272895 3.690489
2.016106 5.516889 8.829352
1.041530 2.550832 5.742863
-3.119787 4.558532 9.834647
-4.299012 5.438460 7.768788
-9.454549 4.909510 10.824375
-6.403219 10.716981 15.501573
-7.641397 2.256731 4.911466
-6.247264 -1.588795 4.109661
-6.209304 -2.908044 5.128685
-4.231084 -3.705400 4.809714
-5.788901 -3.139733 2.739746
-7.607512 0.410049 1.033700
-5.780621 -2.342349 3.278108
-6.181014 -1.525072 3.374701
-10.991974 -3.809482 4.354712
-10.297559 -2.271155 4.526358
-6.838161 2.052318 6.828397
-7.857961 -0.814382 4.837780
-8.350297 -1.326317 5.752079
-5.596095 -2.976421 4.400418
-9.144161 -3.277167 4.730059
-7.708244 -0.891179 3.805541
-6.009919 1.444230 2.675777
-5.907111 4.253131 1.836290
-6.625201 3.259530 1.426270
-3.937534 3.212484 0.002641
-7.795304 3.884892 -1.442334
-18.419785 17.608559 -4.829665
