-11.991223 -17.928854 15.433340
-5.443443 -13.794018 9.708759
-3.118199 -5.185278 -1.894694
-3.691312 -4.156626 -2.352606
1.031761 -3.510666 -4.910350
1.809093 -3.913545 -4.681272
4.139806 -3.850482 -3.536292
2.095063 -2.509809 -6.138676
4.776959 -4.526225 -6.121484
2.154870 -5.767979 -6.802639
-1.184347 -7.146955 -6.429008
-0.200458 -6.323081 -8.587439
-0.695162 -4.380829 -8.068905
-1.422942 -3.816487 -5.153440
-1.288483 -3.572428 -4.200378
-0.816475 -3.618467 -5.300347
-4.251704 -4.033628 -4.809391
-4.717508 -3.367755 -2.147858
-3.456859 -5.237972 -2.829809
-3.769871 -5.443922 -3.355379
-2.877739 -5.500836 -2.806718
-2.989641 -4.617328 -5.132199
-4.607991 -3.735963 -4.979056
-1.196070 -3.771533 -5.915115
-1.236803 -4.358012 -6.875592
2.978708 -4.404812 -7.506793
0.522724 -3.919037 -5.127236
-1.323517 -3.948770 -3.567955
-0.494800 -3.244358 -2.597116
0.222881 -1.785731 -3.271101
