-0.002021 10.515096 -6.995192
-0.067234 6.985068 -6.180024
2.091964 2.104384 -4.277072
2.749572 0.043932 -3.466035
2.869852 -0.744474 0.253860
2.569521 -3.182468 -2.998865
3.876301 -2.727890 -4.595734
3.323194 -2.170757 -4.705745
1.292464 -3.636912 -3.382765
3.123058 -2.097347 -1.555590
3.984805 -2.041701 0.282369
2.700448 -3.537253 -0.768128
0.547277 -3.385958 -1.273158
0.222332 -3.270616 -0.647981
-4.940360 -8.175926 2.048378
-2.963950 -11.465803 5.140265
-1.402789 -11.016584 5.189270
0.712527 -8.511488 4.229247
5.332252 -11.804698 9.771212
-1.271966 -10.116735 4.604100
4.621843 -12.309774 -9.799150
1.424823 -8.913322 -8.031058
3.541028 -12.315594 -6.413128
7.656272 -8.399636 -1.780586
8.493617 -9.745582 -2.166314
3.404316 -9.661695 -6.052116
2.505968 -4.139631 -4.595400
7.404730 -8.653385 -5.896996
2.229698 -7.968045 4.070782
7.988498 -9.324670 -0.040692
9.228450 -9.248640 -0.145420
13.344281 -8.418928 -0.014578
7.588161 -6.675302 2.315493
7.743263 -8.565218 -0.574762
7.777995 -9.691442 -0.536308
10.762050 -7.236794 6.255366
5.407771 -5.359989 4.292117
4.472196 -2.255260 4.434813
6.207047 -4.449466 4.571841
3.061634 -3.192786 2.683680
2.436817 -3.328396 2.332564
3.445514 -3.925333 2.355660
-3.283845 -3.640278 2.353868
-5.298959 -6.311359 4.351562
-5.114019 -8.142658 0.982731
-3.273552 -6.531494 4.147718
-3.215332 -3.359461 3.017776
-0.670341 -3.247050 2.498750
-0.277495 -3.484506 2.174034
0.284704 -2.997712 1.592279
-0.807022 -3.168627 0.799598
1.361810 -3.219358 3.259975
-0.059818 -3.436271 2.349694
2.193628 -3.924468 6.022185
1.385129 -5.687999 5.998214
1.266343 -5.213928 8.215691
-0.607081 -5.954572 8.663763
-0.517417 -3.427383 5.701754
-0.918491 -4.105972 5.470731
1.723674 -6.177210 4.491182
1.488101 -6.878416 4.501989
2.597607 -4.284303 5.831685
0.644861 -2.916259 2.935782
4.697116 -4.041772 2.093700
-0.540625 -3.894161 2.067697
-5.150212 -3.824260 4.038364
-3.604127 -4.312664 1.435404
-3.223212 -4.539343 0.151944
-6.143554 -4.131523 -0.822009
-2.697555 -4.765285 0.758561
-3.757288 -5.756362 -3.437354
-3.830395 -4.832498 -4.516149
-3.763376 -7.480697 -3.286954
-3.798418 -8.342274 2.252135
-4.598597 -6.856945 -2.424194
-5.225299 -13.605808 7.416360
-4.833002 -10.204807 4.256716
-1.963474 -9.849869 5.048302
-0.646739 -6.242304 4.354019
1.198832 -5.988435 4.371566
2.431980 -5.176592 4.492820
3.383355 -4.455872 4.981339
3.640549 -3.583307 2.839666
5.474920 -3.251520 3.600738
1.721589 -4.100585 2.148230
4.716376 -3.323430 -1.291380
4.434594 -3.026711 4.373155
4.338241 -0.176849 7.040980
2.017169 -2.939156 7.610884
5.199925 -3.695234 6.522623
5.110271 -2.581595 4.094029
2.986351 -3.972424 8.736895
1.047377 -4.803701 7.563378
1.562360 -4.477452 6.551939
2.572372 -4.177849 6.515666
-2.258729 -2.910168 2.346064
-1.914683 -3.395564 5.000214
-3.314428 -4.764086 4.979378
-4.114642 -9.389373 3.410924
-3.388850 -7.058630 -1.035375
-3.218842 -6.823630 -1.763948
-3.056007 -4.814535 -2.326439
-1.789660 -2.369514 -3.214301
-4.286479 -6.733942 -3.280349
-3.452056 -6.313820 -6.453422
-4.198650 -9.906275 -6.987427
-1.481114 -10.461554 -6.213833
2.703217 -8.273424 -6.500356
5.467480 -6.855859 -6.105319
6.312950 -7.594800 -7.067612
6.604399 -2.745158 -5.713953
1.210292 -3.361808 -4.938072
0.177246 -3.567877 -1.998932
1.319417 -2.942307 -3.018734
-0.373022 -4.043366 -3.514135
-1.679952 -3.041149 -3.087990
0.331343 -4.067399 -3.252590
-1.017848 -3.997164 -3.104074
-4.297060 -7.800602 1.508016
-6.656590 -6.536356 -0.632339
-3.608708 -5.936651 -1.343062
-3.091212 -5.012183 -0.399570
-2.811148 -4.819252 -1.766277
-2.958784 -5.272446 -0.902955
-2.960194 -4.294144 0.738107
-3.452658 -6.847913 3.551956
-3.092733 -9.473145 6.526310
0.062961 -6.077320 5.451948
-1.474029 -3.462585 2.332921
-0.622484 -3.295516 1.565615
-1.541719 -3.617895 3.192166
-0.238922 -4.256761 5.171296
0.973614 -4.924109 4.558481
-0.511915 -7.444458 4.775092
-1.807291 -6.668925 5.152574
-1.736268 -7.161548 7.643375
1.713045 -3.326469 8.844386
1.593973 -4.320816 5.360252
0.350563 -4.433392 7.549066
1.422786 -3.740676 7.933474
2.256047 -4.734320 6.959732
3.269174 -5.741067 5.347452
1.849998 -3.835168 5.384159
1.149437 -5.470417 5.969497
0.450206 -3.678720 3.753262
1.895435 -3.443649 5.621550
1.747756 -4.594378 7.394442
1.278492 -12.238177 12.315555
