8.290372 -13.500830 4.654786
5.823093 -9.081615 4.512643
7.542911 -8.329712 4.343151
12.609876 -11.430165 8.272416
11.103154 -9.445137 3.343583
7.567788 -10.784014 3.564660
8.146711 -5.164839 1.033038
7.303999 -3.766239 1.865023
4.882862 -4.154267 1.162720
5.300138 -2.540826 0.425188
4.100775 -3.837795 -4.296877
5.453398 -4.131204 -1.265470
0.652075 -4.030961 -2.510259
-0.012438 -3.928643 0.055179
4.528932 -3.803412 -1.687408
4.540520 -1.502439 -1.473820
3.893884 -3.123652 -3.133728
3.263356 -1.776741 0.450587
3.615731 -3.522706 0.407729
2.954419 -4.078084 2.424879
3.172990 -3.934889 3.211810
3.379290 -2.993172 4.642760
3.329038 -3.055661 1.418275
2.412912 -3.029165 -1.034685
1.780654 -3.924345 0.415217
-0.838235 -3.660319 -1.905909
-1.233678 -3.576182 -3.650054
-1.287477 -3.423669 -3.322357
-1.048764 -3.987900 -1.431092
-4.557901 -4.032373 0.911146
-4.002591 -5.780023 0.636526
-2.953429 -5.510709 -1.958578
-3.323763 -4.901136 -2.609809
-3.320704 -2.824033 -4.295274
-0.055906 -3.779286 -2.266767
0.435156 -3.324202 -3.028180
0.975035 -4.083779 -2.106978
0.938282 -3.608351 -2.254507
0.306911 -3.805941 -3.481241
0.361719 -3.753377 -4.029325
3.424465 -4.211823 -6.602839
4.501323 -8.974208 -8.665998
1.898839 -6.982466 -8.257427
-0.431780 -6.633186 -8.172565
1.276488 -5.502611 -9.339452
4.286127 -3.394236 -4.764471
2.429249 -2.449998 -2.718669
2.889662 -6.231807 -6.878916
-3.204498 -6.328289 -7.489693
-1.222455 -11.338976 -6.518630
0.361441 -3.229229 -2.744786
1.384215 -2.353482 -2.898547
5.587759 -3.845372 -2.810712
7.956697 -9.591290 -1.644903
9.606626 -11.308034 -9.246728
8.946373 -12.930536 -8.607383
6.479974 -11.270291 -9.800800
5.028301 -11.097627 -6.666864
9.113629 -7.657215 -5.973146
7.261696 -3.695505 -0.037220
5.826270 -3.355566 -0.978043
3.696095 -1.722179 0.194673
3.426349 -3.957841 0.822987
5.511995 -3.800655 -0.854808
2.412287 -3.672600 -0.445254
4.353467 -2.595260 -2.495564
1.470088 -3.026619 -1.515213
5.857397 -2.954090 -1.523941
6.651697 -3.230936 -3.020501
4.450500 -4.086271 -2.331121
5.563671 -6.933817 -6.623150
6.917734 -8.029583 -6.966679
3.859581 -6.403060 -6.565983
0.742047 -7.124612 -7.474518
1.833547 -7.005257 -7.301754
-0.641858 -10.124154 -7.969606
-1.418140 -10.585391 -8.204533
3.710872 -6.463434 -9.249925
4.008018 -4.426243 -7.393342
0.882261 -2.133476 -3.839046
2.286541 -3.978969 -3.894650
1.385405 -3.752278 -2.282969
3.528577 -3.768758 -4.005198
1.801512 -3.336059 -1.127992
1.565750 -3.831533 -3.522880
-0.811161 -3.858282 -1.619714
-0.679387 -3.400887 -1.929626
6.821478 -3.356202 -8.089187
