7.225859 18.512665 -6.598887
2.508995 11.173696 -5.431457
-1.308555 3.620571 -2.318427
-2.151660 3.918096 2.176115
-6.094940 5.054270 2.524252
-8.016861 2.147774 1.321765
-11.745782 -0.267169 5.360525
-8.971861 0.229703 4.822742
-6.202133 -0.723407 4.596345
-7.411448 -1.041899 7.396075
-7.032498 -3.558576 4.236403
-4.780441 -6.145279 4.563305
-7.294789 -2.344593 6.532477
-2.802455 -4.547893 5.480478
-2.671934 -4.019608 5.901706
-2.731960 -3.947097 5.290588
-2.307611 -5.317680 6.858861
-1.268793 -6.530067 9.752981
1.984819 -4.066378 5.872257
-1.684229 -5.331367 7.022923
-0.997050 -5.234514 8.088025
-1.495018 -3.165426 7.225058
-0.757445 -2.941931 6.368450
-2.470912 -4.479779 8.363188
-1.387995 -0.951603 13.643764
-4.079617 4.111716 9.547537
-9.480224 5.272771 12.407455
-7.512447 4.423781 9.836277
-3.923451 6.045190 9.930327
-0.836008 7.780167 9.903979
-4.415255 3.025176 7.293938
0.639161 -3.094446 8.374058
1.207775 -2.912109 4.843490
-2.518486 -3.070871 5.188552
-3.085338 -3.981107 6.260411
0.085297 -4.178427 4.815936
-1.535207 -2.974824 3.925850
-6.739172 -5.732077 0.061738
-5.794323 -3.307844 5.179754
-6.215028 -3.553730 4.608440
-2.360892 -3.705952 5.577535
2.171065 -5.011782 9.489463
3.078005 -5.294238 11.066125
-3.668433 1.769808 10.746675
-3.006380 4.170144 7.311236
-8.801426 8.417581 9.509045
-6.354289 6.408741 11.201748
-2.843539 5.315576 10.153399
-1.612319 5.185153 13.632812
-2.203786 4.907315 10.272388
-2.944700 1.553663 14.352547
-1.534677 -2.005428 11.209243
-1.819222 2.331503 9.766788
-0.677352 2.729075 6.338046
-3.323282 -2.896933 10.216255
-3.608724 -4.669282 16.186813
-4.663972 -7.267824 12.139512
-7.958808 -6.195986 12.160053
-8.337870 -6.907921 20.152035
-7.553409 -7.933631 14.325057
-7.487365 -9.713941 10.300845
-14.868432 -9.915633 13.731891
