-11.077422 13.146654 11.595763
-11.569977 5.530808 6.921422
-6.243332 3.025212 7.091408
-5.227928 4.261549 7.638968
-1.895403 4.338247 3.910472
-5.366085 5.002865 4.927331
-6.727513 2.012516 4.746338
-6.028252 -1.984775 6.114875
-9.140770 -1.806000 2.744790
-9.576630 -0.024150 5.245834
-9.494848 0.890003 5.651015
-4.919251 2.442648 4.370256
-5.189684 2.348893 4.810513
-7.875307 4.665541 7.780253
-4.404692 2.358627 4.673862
-3.711165 4.527017 8.856290
-1.564960 4.176701 5.121182
-3.682360 2.980563 3.550160
4.407713 -2.870901 4.270198
4.804997 -1.236445 6.468322
6.421009 -2.731702 10.866359
1.014774 -1.629716 10.950082
-2.319624 -3.514797 14.911935
3.346425 -2.957432 9.671615
1.082031 -4.680985 5.161259
-2.544763 -3.542024 7.691922
-1.022953 -4.506907 5.497367
-1.640681 -5.735223 5.893044
2.067433 -3.510167 6.030345
1.257478 -4.023991 3.495853
2.119692 -3.540179 3.956130
2.135742 -3.100498 0.238537
0.234066 -4.011321 2.203209
-3.634960 -7.216614 3.780104
-3.281384 -3.777876 2.545548
-0.262789 -7.833596 4.669661
1.261638 -5.605337 5.621078
0.530693 -8.165382 5.088799
1.089058 -4.642945 7.161663
0.033639 -4.697023 4.173531
0.006455 -5.440024 6.430820
-0.998164 -3.226616 10.083841
-2.265146 -6.438791 5.854197
-2.412143 -2.968632 4.635256
-6.017282 -5.201843 3.610269
-9.585442 -5.825284 5.168940
-3.980448 -4.057937 3.812137
-4.666385 -3.234163 2.891156
-3.443981 -4.238510 4.359270
-2.458361 -4.446508 5.534453
-4.571962 -3.929255 3.178971
-4.234506 -3.801752 4.315271
-4.065071 -3.618717 4.624472
-7.256999 -3.786188 6.758266
-3.394564 -3.769432 5.920523
-0.577507 -4.801867 6.170855
-1.799599 -6.257237 8.470985
-3.067686 -2.358656 11.107339
-2.788779 1.921075 11.993383
-2.978124 2.969560 5.491168
-2.865082 2.342842 6.756744
-1.609863 2.171685 5.797153
8.091255 2.128920 13.094992
9.085320 -2.994662 10.253128
4.069926 -2.930667 5.658261
4.700452 -3.138123 4.462329
2.962124 -3.719551 4.390230
1.318368 -4.670064 3.994160
5.204957 -3.653066 7.046528
5.964081 -3.274711 7.658644
2.324149 -2.967780 7.599083
2.475306 -3.965318 8.234135
1.850652 -3.405128 5.631361
3.011478 -5.030277 5.050365
4.892819 -4.820149 5.230687
4.382645 -0.913758 7.336976
8.000493 1.679228 9.302350
6.287035 4.927716 11.257316
5.295717 3.584370 6.782267
4.840315 0.867893 5.661229
6.052789 2.313995 4.106254
7.499949 -2.190555 4.177737
3.845622 -3.293369 2.604439
3.601173 -3.445921 3.175097
1.023319 -4.856726 5.225942
0.875144 -3.476792 7.020019
-1.138874 -4.045760 7.418395
-1.584495 -5.740404 9.423387
-1.848323 -4.142462 4.720976
-1.436850 -5.399653 8.625380
-0.151592 -5.492616 5.416368
1.176232 -4.423954 5.083345
2.661308 -3.441252 2.631945
1.031093 -3.856024 2.988111
-6.546889 -3.520690 5.632006
-6.505857 -2.116829 7.287266
-7.698101 -2.372836 4.346805
-5.832990 -0.449090 5.596869
-2.748209 -3.492211 7.431503
1.526842 -3.658166 4.446150
2.798013 -3.976041 3.475141
-1.712671 -4.291959 6.466108
1.185819 4.205925 7.566945
-2.246083 2.654150 7.763440
-2.092876 2.567667 5.372656
1.312014 5.609849 7.846853
2.574068 4.236259 10.666838
6.043976 7.248536 6.781590
2.953576 2.530656 4.858493
2.353349 -3.069656 3.903718
2.411419 -4.844583 6.423511
3.210019 -3.297177 3.291350
5.860075 -0.401339 7.577914
4.563579 -6.601997 4.653379
5.757917 -2.088969 8.708706
4.241617 -3.082977 9.116699
2.059551 -3.808915 7.513827
-0.503783 -4.018416 7.906630
-0.089910 -3.550420 6.911127
-3.137019 -3.651939 7.062042
-3.728347 -3.039706 9.560622
-4.609161 -3.680509 3.248215
-5.680206 -3.091341 3.414621
-4.739915 -4.005028 2.989621
-1.690355 -3.364075 4.044552
-2.831714 -6.409150 5.995741
-2.860250 -4.712088 4.239116
-1.449186 -3.711234 4.648409
-5.416816 -6.533589 3.168680
-4.301008 -3.417191 3.788291
-2.878888 -5.225384 3.311685
-5.557190 -5.157807 4.008731
-6.191705 -5.793257 2.992552
-5.725190 -1.890387 6.482832
-6.333364 -1.339770 5.637330
-6.000576 -0.041554 6.230372
4.557269 -1.655751 2.885097
5.229921 -1.849429 5.118203
0.527860 3.730871 5.384888
-0.969083 2.827694 8.251858
-2.474087 3.490004 12.402608
-0.724449 2.369681 10.267418
3.457043 3.787681 5.592788
3.712125 2.919209 4.806726
6.654569 1.833108 4.256442
6.065478 -2.351551 3.349308
5.191055 -2.908041 3.016165
1.488603 -3.554256 5.725856
4.503817 -3.185393 6.661540
-1.899547 -3.805243 8.386741
-1.236612 -3.529609 5.943995
0.904387 -6.822891 8.003743
-1.135806 -2.583610 11.374483
-1.113654 -5.092952 6.202022
-0.515302 -2.899404 7.449802
1.261015 -3.479120 5.608505
0.950350 -3.871795 4.554653
-1.828415 -5.406641 3.981023
-2.526153 -5.567050 4.704568
-5.016814 -8.665904 2.142622
-9.152152 -13.109868 9.155864
-8.493577 -7.729049 5.046730
-12.277056 -12.849078 12.111860
-12.631180 -11.806693 13.955297
-12.061797 -17.431107 15.452930
