17.297932 -6.803971 -5.563004
10.383663 -7.744906 -3.555753
3.132291 -5.635939 -9.421110
6.084864 -6.147618 -8.084781
9.356923 -14.797266 -4.235773
9.099586 -15.626419 -7.196189
7.354732 -16.264235 -8.823632
-0.014006 -11.945658 -6.317900
0.992816 -6.061764 -7.830336
-1.767146 -9.784450 -8.473841
-0.903944 -6.108793 -6.595136
3.492110 -4.504668 -7.621456
2.250819 0.189008 -6.262303
2.937461 -4.001281 -4.056302
5.324806 -2.436278 -3.753769
7.983065 -0.805209 -2.442046
7.331198 -6.006341 -1.783349
9.556142 -6.290822 -4.312023
9.514964 -8.261434 -9.156834
7.299295 -3.446618 -2.301571
1.020924 -3.346890 -2.974395
-2.284034 -3.740059 -4.478960
-1.635801 -3.228769 -4.218977
-5.745124 -4.112532 -11.446597
-3.064623 -5.074741 -7.039973
-1.876744 -6.386090 -8.677485
4.445910 -4.442423 -6.969950
0.586384 -7.591658 -6.050041
0.460223 -15.425577 -7.114777
0.861304 -14.608432 -5.053853
5.703697 -17.088720 -12.707895
3.305887 -7.572088 -8.718492
1.256630 -6.110074 -7.757588
-1.029110 -3.767937 -7.763559
-1.320499 -4.080297 -3.862661
-3.826599 -3.244519 -3.733475
-2.794410 -4.393831 -3.984578
-3.632842 -4.942793 -1.654685
-2.690245 -6.952323 -0.401184
-4.439947 -5.522606 -1.213032
-3.509996 -5.268295 -0.894840
-4.172439 -5.021616 -1.788540
-4.763263 -4.767159 -0.339027
-2.807162 -6.690943 -1.643046
-5.418277 -6.300819 -0.741660
-4.275106 -6.011759 3.030661
-4.738262 -7.155884 2.382834
-10.237768 -12.494395 5.115276
-14.754327 -10.772869 11.135660
