-0.002021 10.515096 -6.995192
0.022409 11.660703 -3.862781
-0.094784 7.215594 -5.909688
0.896065 8.494447 -1.894165
0.811421 6.914391 0.294677
0.429951 7.881639 0.270910
-2.127678 6.486094 -2.146379
-0.611069 4.237414 -2.583291
-0.782181 1.894927 -2.557618
-1.081028 3.442487 -2.601594
-0.453671 1.581757 -3.955062
0.247739 1.929335 -4.328430
-0.106898 3.227587 -3.982845
0.961009 3.741755 -3.366894
-0.430496 4.796001 -3.612996
-0.588207 3.658333 -0.149845
-0.381555 3.722989 -0.587633
-0.518974 3.111989 -0.047606
-2.188878 1.705672 -1.051144
-1.978899 3.955762 0.596267
0.993694 4.746325 3.346369
1.581154 6.107697 3.359204
1.219635 4.448805 2.313612
1.867395 3.975068 2.931792
0.225946 3.355056 5.349195
3.917163 3.374133 6.001463
5.666109 0.689372 2.961297
5.649525 -1.608601 2.181596
5.164260 -0.391215 7.960872
4.148133 -3.304410 5.511719
7.145551 -1.360548 7.663828
6.232296 0.023744 6.643732
6.492489 -1.076328 7.757041
3.180618 -4.065333 6.292463
2.934427 -3.695276 3.282206
2.141783 -3.682718 9.771111
1.278492 -12.238177 12.315555
