12.061470 4.595741 9.928766
9.345837 -0.356512 5.392105
4.372671 -1.704916 2.089032
5.887228 -2.855985 4.307935
2.280239 -3.026880 2.470522
3.837021 -3.220202 3.263542
2.454421 -3.805824 3.447983
4.021508 -3.519207 7.020999
3.177862 -3.326359 3.779128
3.995418 -3.714433 2.902472
2.955326 -4.024500 2.179989
3.740051 -2.346340 -1.330205
2.250190 -1.655561 -0.783033
0.778431 -3.676084 -1.902950
0.982124 -3.399067 -7.448260
0.453979 -4.351559 -7.522091
-6.062799 -6.561979 -9.654763
-6.204248 -8.340819 -8.689200
-1.068116 -11.532984 -6.449007
1.750026 -18.416956 -12.161285
-0.561150 -15.292596 -1.605187
1.189562 -16.317247 -2.917070
-4.513610 -10.014426 -10.371198
0.541894 -3.245840 -6.298428
1.352374 -6.009858 -6.170793
4.590199 -7.634423 -6.819222
4.775312 -7.581622 -6.922238
3.191389 -8.844329 -8.844919
1.348280 -11.156105 -7.809809
-0.439953 -10.372161 -6.271360
-2.799552 -7.414689 -8.261789
-2.028275 -9.026828 -6.341555
-3.646610 -7.185308 -4.710927
-2.803780 -6.785054 -0.666865
-4.127291 -6.100649 -2.551135
-3.349035 -8.994454 -3.037576
-3.905745 -16.545612 -7.761449
5.356317 -15.386919 -9.187662
4.540402 -16.685789 -5.241317
5.818591 -14.783258 -9.394921
4.993963 -25.389380 -6.800454
5.477399 -15.319136 -6.307188
7.984088 -16.019049 -8.310604
3.529093 -7.490530 -8.754741
3.381371 -1.967983 -8.882667
2.200170 -1.731690 -7.080516
-0.152364 -7.996653 -11.158746
2.400424 -10.396988 -8.499812
-2.550573 -9.903422 -17.092455
