-9.655799 13.682678 5.328538
-2.954017 10.047794 -0.757372
5.071878 6.071596 -4.961410
3.544622 4.873648 -4.670777
4.971260 5.091779 -5.057689
10.860776 6.510013 -3.106763
14.016438 6.729990 -0.781512
7.663100 6.823420 -6.498950
4.268922 6.889107 -1.168421
5.229885 7.731985 1.452626
5.078456 7.538396 -5.819302
6.300474 4.055285 -3.686397
7.514233 6.112230 -4.184563
2.244866 3.752828 -4.010565
3.122960 6.828044 -5.180921
2.282301 3.252438 -4.399410
1.909796 5.133664 -5.007816
-1.775258 7.100892 -5.082091
-1.981423 4.907196 -5.572639
-0.381988 3.534623 -2.902380
-1.151515 3.520716 -1.418226
-2.120541 2.936071 -0.944740
0.180052 3.536708 -3.622395
1.031454 4.207884 -4.204514
1.569748 3.499770 -3.824683
1.803681 1.776424 -4.725276
1.537214 4.845864 -3.074377
1.720407 5.010870 -3.617628
4.082557 6.351227 -3.793261
5.559773 7.078340 -1.258031
2.617179 7.672917 -1.944960
3.720206 7.466211 -0.171651
4.079750 12.007939 -2.099296
3.415269 5.727676 -3.328477
3.752382 3.505501 -4.190225
2.905886 2.751029 -3.133710
8.704721 5.554014 -4.845154
3.837504 7.293446 -2.801028
3.955749 3.798637 -6.573114
7.125801 3.716719 -5.232717
5.549212 1.530155 -4.182034
8.156497 2.905051 -5.675227
5.462656 0.916414 -3.094396
5.908593 0.904625 1.761495
5.521793 0.334097 -0.260755
5.002849 0.985838 -3.520875
8.960988 -0.867373 -3.326642
10.366012 2.475905 -2.584334
9.786870 3.226594 -1.703131
13.301860 0.176026 -5.539844
9.628782 1.013129 1.093237
3.170556 1.425933 0.229296
0.031481 6.893948 -0.014271
0.590022 6.930257 0.303790
2.692415 7.495142 2.815410
3.762558 4.574087 2.327321
5.176454 4.835614 3.150905
6.529508 4.164916 2.480043
4.265449 3.863950 2.709507
3.279669 7.359224 4.454756
2.604788 3.990871 3.403457
2.285848 2.639612 2.131658
3.187217 3.266385 4.043425
6.218477 4.555389 5.285192
5.028040 2.936205 2.103839
6.830910 1.608974 4.014055
5.550310 -1.450168 1.981350
4.720531 -3.326844 0.542411
4.719040 -1.929779 0.090347
6.813184 -2.343073 -0.310593
6.164218 -1.928314 0.087774
5.604088 -4.065562 1.538127
2.425151 -3.487961 5.038285
0.433833 -4.043172 4.866682
0.299718 -3.751355 5.150729
2.087872 -2.916649 2.015904
2.672990 -3.274242 5.409628
1.511879 -3.273802 3.154723
0.224987 -3.485986 5.494936
2.345903 -3.444679 2.498951
2.266910 -4.054163 2.390792
1.744187 -3.704202 1.061287
-2.423887 -4.062367 1.240813
-1.103911 -3.034077 1.977199
-1.279271 -3.322437 0.259065
-1.700951 -3.673725 0.745977
-3.702555 -6.188604 -1.737256
-6.755860 -8.081450 2.137980
-3.721374 -7.632267 1.354784
8.176770 -4.527536 -6.790664
7.575580 -1.496219 -6.648092
6.786892 -3.616761 -8.305269
4.156592 -14.524461 0.112516
1.464449 -3.665046 2.185071
1.745035 -5.149949 4.602194
1.985826 -6.735784 4.550445
4.053022 -3.244237 2.757347
1.229763 -1.515549 0.407602
3.081281 0.571662 -0.073927
4.034255 0.469880 -0.302964
5.656196 1.030103 2.581861
8.153144 2.080986 2.267963
10.356100 4.544539 2.286234
5.967767 1.314769 2.541130
8.662518 3.274395 2.212043
8.322767 1.120811 2.169944
9.299927 -0.867096 3.755155
5.853266 1.196940 2.056937
5.367134 0.164906 2.662387
12.796189 2.287152 -1.626924
8.542193 -0.377839 1.650455
