2.458717 -18.872381 -4.124546
-1.720229 -14.644313 -2.834101
-0.907984 -12.634601 -9.104385
-1.196819 -11.546434 -7.030190
0.841078 -7.830931 -7.476458
4.729689 -11.056742 -7.692729
1.327164 -3.390130 -2.735798
-2.245354 -2.816816 -2.035281
-1.201046 -3.329077 -2.719417
1.502547 -3.218468 -1.663183
3.719410 -3.704140 -1.894122
5.314712 -3.782475 -2.413073
3.165844 -2.563762 -4.239174
-0.888054 -2.468654 -3.001957
-2.438358 -2.904095 -4.422188
-1.106170 -1.018053 -4.423428
1.058764 -6.161843 -7.654416
-2.051569 -2.693529 -5.422265
-2.851178 -8.796863 -5.137276
-4.998723 -14.857684 -5.758657
3.683330 -9.421544 -7.391658
4.319283 -7.391457 -6.602561
-0.500275 -4.052410 -6.172667
-1.433750 -3.717067 -5.658638
-0.710148 -3.234375 -5.282293
-1.264017 -3.645538 -4.756470
-0.099964 -2.076551 -4.045101
-2.523632 -3.684289 -5.397439
-4.007222 -5.618265 -6.552872
-4.787835 -4.546419 -4.595434
-0.468421 -3.585433 -5.217121
0.705005 -4.172656 -4.536131
1.366875 -1.937166 -3.828398
2.276698 -4.515098 -8.026045
0.844324 -6.532836 -8.040505
-0.181760 -7.042183 -6.248520
-2.066847 -4.246249 -6.188601
1.770747 -3.586305 -5.074386
2.565269 -3.901528 -3.466833
-1.488670 -3.687832 -2.984200
-3.279495 -3.747058 -3.167418
-3.968251 -4.984385 -3.169536
-3.340513 -7.169015 -5.067858
-4.462439 -5.525428 -3.772883
-6.113739 -10.353837 -10.330675
-2.878376 -7.418614 -5.800489
-3.155024 -4.600486 -4.219453
-3.912158 -5.063159 -4.720504
-4.579027 -2.662057 -7.078406
-1.975689 -4.101078 -5.657969
-1.042933 -4.088306 -3.858535
-0.054098 -2.897469 -1.736663
-0.603436 -1.735913 -3.670869
1.248455 -3.731944 -0.531571
2.721422 -1.650226 -0.619543
4.797912 -3.186197 0.350147
4.270967 -3.102016 3.714617
5.976771 -3.692325 2.781136
9.961289 -1.375592 9.158212
11.866971 -5.917428 2.636434
8.733491 -7.583154 3.772018
3.857787 -5.307240 4.557642
5.242863 -6.859057 4.000185
3.291226 -3.607403 2.394398
3.308114 -3.448784 0.794433
2.926947 -4.053260 0.400878
3.380563 -3.839674 -1.923835
1.351051 -2.045906 -2.207150
4.723728 -3.927277 -5.555461
5.125115 -3.784422 -1.483895
3.817222 -3.406540 -1.399189
4.941348 -4.176694 -0.052244
5.998576 -8.458989 -6.245417
5.093680 -8.115870 -6.745630
2.129714 -10.483994 -7.680756
3.709646 -7.388994 -7.071097
4.375702 -5.387880 -7.059972
5.709196 -3.903349 -7.588118
2.212577 -3.811805 -2.872151
-0.010256 -3.630487 -2.053088
-1.076969 -2.927186 -2.884095
8.716638 -3.304667 -2.804878
3.515592 -2.927661 0.060633
2.100348 -3.837607 -2.628511
2.223087 -1.461688 -4.906738
7.027312 4.030266 -11.256859
7.417467 -4.359917 -4.326035
8.130951 -6.231724 -9.561318
3.048795 -10.733135 -8.660816
2.962291 -6.875420 -7.161763
6.070234 -6.422486 -6.151815
6.344826 -6.170264 -7.369387
2.633764 -9.885578 -6.962872
6.093422 -9.696374 -7.695745
3.051232 -8.598927 -9.011284
8.349829 -9.678144 -3.483129
7.440132 -5.952497 -4.314676
5.965745 -2.931324 -2.189437
7.509294 -2.004583 -1.474876
3.511455 -2.632751 -1.266752
6.223631 -4.007506 -1.706329
4.619597 -3.183044 -1.430567
1.852383 -3.491663 -4.782228
2.611076 -2.101320 -1.169180
5.623631 -3.101047 0.311422
4.068351 -3.015343 -2.440428
5.794138 -3.795694 -2.833284
4.394997 -3.419783 -3.163968
4.729894 -3.589912 0.939026
7.993087 -3.660450 1.954258
13.401430 -7.500766 2.104286
7.988232 -8.185613 0.934738
9.196219 -6.781958 -0.068056
7.913117 -4.496574 -1.427773
7.414297 -3.285371 -3.073035
10.381826 -6.818920 -4.975066
4.249335 -3.032655 -2.676592
3.194673 -3.451997 -0.673041
4.833912 -2.796971 0.621509
5.455346 -3.805386 -2.147778
5.076773 -2.547696 -4.476504
7.871915 -3.582654 -5.704142
9.121012 -4.544759 -5.186171
5.819864 -2.158491 -4.023911
6.254802 -3.605195 -5.628114
4.052503 -3.718976 -4.567685
4.262737 -3.482793 -4.896407
7.417861 -2.748226 -8.043013
9.239993 -9.011175 -5.720425
8.954669 -7.882350 -4.174994
9.806118 -2.400906 -4.298861
4.825832 -3.476602 -2.068597
2.139870 -7.102274 -6.428857
0.511093 -3.593714 -6.218443
0.980248 -3.187625 -3.977849
6.972932 -9.647126 -7.883991
2.774182 -6.751526 -6.509455
4.786767 -6.978450 -6.044282
10.365644 -7.693708 -14.446007
7.034981 -9.273156 -7.977399
1.799727 -5.425884 -6.022861
0.923857 -4.034627 -6.940450
0.450451 -3.277957 -5.842256
1.795915 -0.748858 -5.904234
1.155735 -3.087615 -3.997512
9.796252 -4.545401 -2.928205
4.771142 -2.942462 -3.400344
2.628156 -3.462338 -6.199340
3.654908 -3.704470 -7.892245
2.269390 -4.029721 -2.783817
2.551597 -4.174421 -1.264202
3.571516 0.088518 -4.791831
4.180443 -3.111603 -6.501400
2.999409 -2.266830 -2.173646
2.193279 -2.359167 -1.820805
1.554761 -3.897207 0.653980
2.678678 -3.171713 -1.425063
2.444829 -4.026939 -2.703494
2.673185 -3.584559 -2.769277
1.920568 -3.236258 4.300720
2.222953 -3.870069 7.288682
2.439771 -5.091488 4.129889
-1.172305 -3.645750 4.705623
1.876769 -4.063422 3.463133
1.978680 -3.987733 6.647834
1.370502 -4.483502 6.742980
1.468252 -6.135576 4.994308
2.163858 -7.129580 4.253552
1.153502 -7.678624 4.730370
0.999762 -10.295748 5.805166
-1.663290 -8.045508 5.093569
-2.599781 -10.531662 4.631824
-6.732859 -10.810364 -0.643493
-3.869643 -5.900296 0.571284
-2.971510 -4.773257 -3.132849
-4.166269 -3.697220 -2.833599
-1.960721 -4.141237 -1.092387
-0.988722 -4.139299 -0.443353
-6.627050 -2.500972 -1.419761
-2.982964 -3.944083 -3.203967
-3.600227 -8.424630 0.038605
-3.699261 -13.347994 -3.858210
-6.245077 -14.544672 -7.009511
-3.917533 -11.513449 -4.011744
-3.350597 -5.400279 -2.672144
-4.910087 -3.791312 -0.165219
-3.444925 -3.093878 -2.306544
-7.766821 0.161700 -2.938831
-14.101448 2.274576 -5.545074
