-17.280016 -13.447051 12.546357
-12.862640 -15.074586 12.868784
-5.344810 -8.546926 4.203330
-4.595814 -5.130308 1.831469
-4.194850 -4.678456 -0.262882
-1.001201 -3.396167 -2.672116
0.325894 -3.668216 -2.638978
-0.395189 -4.162460 -4.675254
0.802615 -1.614996 -6.348274
-1.385801 -7.696738 -6.978458
-2.221774 -5.696251 -6.115727
-1.410075 -6.050436 -6.522586
-4.396044 -7.211358 -7.140215
-4.835643 -4.245966 -5.005906
-2.079167 -3.730346 -5.643705
-2.075545 -1.115680 -6.629189
0.048439 -3.281615 -5.577535
-3.346879 -3.372242 -4.723968
-3.248035 -3.882744 -8.613917
-1.639597 -4.232731 -6.042955
-4.215308 -2.752755 -7.285486
-2.334188 -3.260291 -2.429365
-3.067030 -4.591304 -1.942833
-2.119472 -3.551949 -1.641062
-4.726433 -2.731034 -0.396992
-3.706419 -7.688225 -1.839692
-2.704026 -4.912624 -4.851197
-2.820616 -5.495603 -5.073420
-2.642949 -9.518995 -7.565049
0.769905 -7.199435 -8.422917
0.179515 -3.641858 -7.158797
0.104504 -3.512453 -5.311170
0.034585 -2.630807 -7.743371
-0.242958 -3.444686 -4.163928
1.356100 -2.346481 -5.093795
-1.303169 -3.678687 -5.009671
2.853682 -4.035037 -0.907668
1.652060 -3.943846 9.140927
3.230265 -5.329217 6.520222
2.985245 -4.325422 4.917263
4.433200 -5.787995 5.399065
1.889476 -3.993184 4.446922
1.576025 -4.112803 3.154727
3.327583 -3.540570 -5.680417
1.805266 -3.252123 -5.858627
2.946592 -3.925586 -3.785176
3.319205 -4.134770 2.210787
0.431027 -3.123365 -6.803777
2.019318 -2.996628 -3.831734
1.759624 -3.322864 -4.526961
2.672322 -4.015960 -2.910244
0.520342 -4.057992 -1.803680
2.027076 -3.552099 -3.365588
3.241004 -2.237189 -1.271324
2.718225 -3.073042 -0.487876
4.460615 -3.940892 -1.002211
3.243643 -4.071834 -2.511441
4.352932 -3.401206 -8.555058
2.355121 -10.891226 -8.433064
6.524879 -8.009936 -6.545386
7.686535 -7.468573 -9.858354
8.277252 -7.318117 -5.208388
7.830497 -8.031548 -0.529814
7.844984 -9.322500 -0.861226
8.678922 -8.035135 3.131635
8.131082 -9.169164 1.808640
8.399336 -11.375808 5.565173
8.789280 -12.664050 0.854127
8.650981 -14.436354 0.119770
7.568859 -9.676902 -5.108612
3.647990 -5.355525 -6.534029
5.545469 -3.777900 -2.996338
7.243064 -4.099611 -5.348420
7.006906 -3.723729 -5.028039
3.977028 -3.618939 -3.406695
6.047713 -2.557713 -5.899096
2.955246 -4.433750 -7.698378
3.483849 -3.711804 -6.078514
4.469640 -3.329832 -0.953550
6.300221 -4.142888 0.689668
3.680080 -0.182285 -3.442203
1.166130 -2.144683 -4.261863
1.734806 -3.727333 -4.196901
4.508121 -3.650256 -4.774444
3.770919 -3.681644 -0.639351
0.665198 -3.272294 -0.505710
0.153179 -1.903198 -0.932899
2.583700 -3.195923 -1.165724
2.747129 -3.325686 -0.282074
4.966875 -2.414135 -0.968096
5.219222 -3.026642 -0.688347
7.891826 -3.810994 -0.944246
4.354208 -3.024363 -2.696811
7.592237 -5.160888 -0.149142
2.895014 -4.054102 -0.702918
1.818716 -3.306838 -1.531233
2.120657 -4.049696 -4.392787
0.450069 -3.319616 -2.602443
1.533280 -4.188383 -7.440763
2.172064 -2.624156 -7.660188
4.948320 -7.756784 -6.439518
8.176909 -7.090608 -10.228587
3.753156 -5.227849 -7.973350
4.171928 -3.830874 -7.481596
4.654251 -4.146790 -1.903965
1.823339 -2.363256 -2.561764
3.947291 -2.987597 -1.945570
5.489788 -2.535475 -0.945286
5.733629 -3.570960 1.383460
4.990872 -2.521289 0.373582
4.870942 -3.149170 -0.492390
4.742549 -3.189916 -0.193744
6.504900 -2.642763 -0.443877
7.454411 -6.941506 -4.258418
7.696147 -5.350315 -1.579947
10.008293 -9.583636 -5.247759
8.902118 -10.237886 0.028483
7.529361 -5.866860 1.810493
8.337268 -2.818737 -0.364285
4.298843 -3.838089 1.529632
4.354260 -2.978937 0.347024
5.754916 -3.117350 2.282490
9.653111 -4.878893 0.056901
9.065284 -6.368679 2.527606
6.741229 -5.393487 4.555941
3.997795 -4.028390 5.003380
4.825205 -5.025768 6.448349
4.837562 -5.563105 4.284347
4.681219 -4.462369 4.157640
6.485896 -5.634217 5.307712
8.671624 -3.599817 2.161806
3.342934 -3.549108 0.851800
5.352928 -2.291439 1.704414
5.286434 -5.324407 8.858476
7.579895 -3.272058 6.112351
6.120681 -3.327486 6.219457
3.095519 -4.473127 4.314990
2.645277 -5.248482 4.142239
4.766343 -5.382719 4.686962
7.602035 -10.085045 4.814027
10.182594 -8.338244 3.568601
5.353870 -6.652921 5.511696
5.135085 -5.821224 5.365316
6.766556 -5.589998 4.597720
3.039805 -3.203377 6.201001
3.943110 -3.246837 2.990454
2.775328 -3.913879 3.684669
2.136961 -3.962396 2.194191
5.235472 -2.499295 3.062679
4.438943 -2.428108 3.170651
9.008649 -2.126039 3.709344
3.604787 -2.894494 2.429019
2.076645 -3.129398 5.964053
4.271164 -6.843441 5.306916
5.170229 -3.290844 -3.513301
3.000678 -3.569002 -2.610118
1.122694 -3.958781 -2.385327
0.899354 -3.791157 -0.429762
1.074475 -3.895576 -1.659738
-2.794896 -4.557515 -2.657493
-3.649648 -4.754958 -3.144528
-3.466195 -5.090458 -4.460888
-4.348766 -3.046559 -5.296659
-0.703294 -3.789132 -7.114343
0.560151 -3.473773 -2.878752
-0.206812 -2.673364 -2.846877
-1.476881 -4.008600 -3.064017
-0.986472 -3.667512 -3.570053
-1.453758 -7.832050 -6.628075
-0.769424 -5.236776 -6.579350
-2.970116 -6.224843 -4.125493
-4.218855 -8.739276 -6.458501
4.811462 -6.606910 -7.809540
2.442533 -2.953806 -5.476008
2.723771 -4.060226 -3.779721
3.335489 -3.850453 -2.326542
2.758888 -3.435795 -0.000248
2.773908 -3.865104 3.092100
2.828053 -3.816271 3.105913
3.145739 -2.999234 3.520176
2.346085 -3.305660 4.893559
6.013662 -5.913648 4.440534
6.948126 -6.127735 4.354003
5.967411 -2.450640 5.540971
7.547335 -5.948991 4.078094
8.557734 -4.136804 1.655039
6.578852 -3.491641 2.078426
5.320289 -3.241791 3.103066
4.175971 -3.784080 3.166832
5.397374 -3.900189 3.053885
3.832211 -3.994877 -2.946039
4.746386 -2.805320 1.294819
4.959481 -1.633107 -0.987939
6.571779 -3.564902 -0.482272
5.931170 -2.474179 0.562358
8.396670 -5.821160 2.398376
7.405169 -4.453887 1.555536
8.864790 -7.350082 2.106647
6.416496 -7.460533 8.659015
5.192404 -4.105498 5.616948
7.491832 -4.889507 5.521238
8.232429 -6.322818 0.760963
7.340443 -8.272525 2.985486
9.782334 -6.778961 -0.112243
7.941906 -6.842249 -1.920968
8.747475 -2.908046 -3.229220
5.145104 -1.939912 -1.708879
4.400220 -4.045480 2.779298
4.237149 -3.631616 3.569077
9.731948 -4.987215 6.823090
5.921649 -2.343708 7.134430
6.395167 -6.895550 4.188063
4.822256 -5.833873 5.491567
3.707706 -7.385567 5.663927
5.010902 -2.545751 3.391327
6.150307 -3.738143 2.844983
4.972964 -2.035748 1.625673
6.552165 -2.853107 -0.546759
5.859772 -2.948058 1.875138
12.041285 -6.145740 1.242841
7.904068 -13.796596 -0.747171
6.216903 -15.109262 0.677567
11.044356 -15.728694 -5.929020
9.655189 -6.722943 -2.272587
11.692487 -8.243022 -6.714952
9.918727 -10.524731 -4.462047
8.756325 -9.511529 -1.400048
11.992324 -7.624590 -6.562710
12.028850 -8.239526 -5.275785
7.534306 -7.618958 -4.859497
7.096233 -10.887827 -11.487415
6.607040 -8.954220 -7.230309
5.429551 -3.874224 -6.930908
3.927366 -0.658172 -7.809663
4.415401 -5.533143 -7.741205
4.989845 -4.244974 -6.089506
1.549796 -5.783953 -8.118509
1.421664 -1.782059 -3.892362
0.652337 -3.477268 -3.557731
1.246798 -2.333105 -4.706006
1.806138 -3.100008 1.739019
2.440081 -3.533964 -2.578409
2.901717 -3.468070 -4.269321
5.450112 -3.666127 -0.297114
11.057170 -1.000697 1.664816
11.368822 -5.798424 -2.191568
7.832915 -6.638000 -2.008769
9.533702 -7.188109 -3.066356
