7.645415 -16.179367 10.156727
9.052358 -8.896875 11.274759
7.029027 -2.100007 10.217960
6.336101 -1.991678 5.902686
5.771757 2.748474 2.281694
4.065140 0.708819 -2.808769
3.707163 0.808355 -3.623294
0.410190 0.217339 -4.603035
1.309698 0.761736 -3.997901
2.161496 2.226544 -3.247761
2.117712 0.737726 -4.345589
3.169599 1.452460 -2.062144
2.515776 0.676076 -5.042554
5.410563 4.069860 -3.041487
4.314722 4.781063 -3.186636
2.967490 4.382732 -3.216625
1.571604 2.843003 -4.091511
0.566636 3.032299 -4.009316
0.890883 3.913164 -3.078212
5.189797 4.457366 -3.367834
8.434322 2.935274 -6.536563
1.578560 3.564540 -5.789675
3.993772 4.771824 -6.308608
3.322840 4.830978 -3.346341
3.832447 5.210618 -3.745694
5.873547 6.297975 -3.833112
2.087559 6.183908 -3.738753
0.789796 4.741300 -3.495337
6.029483 6.611759 -3.592262
5.783252 5.626298 -3.696449
4.315911 8.178146 -2.313373
1.617212 7.137114 -2.380730
2.503598 6.535154 -1.095314
4.022892 9.593048 -0.995025
0.942243 8.094748 -0.318590
1.715256 7.246800 -0.316830
-0.029810 8.636820 -1.627701
0.250388 6.039773 -3.664716
4.369032 3.814158 -3.266153
7.165837 4.867353 -4.537611
9.397109 4.773091 -3.518920
10.958569 6.502444 -0.902611
8.951257 7.913221 -0.513951
8.513500 8.769035 -3.901862
5.315688 18.012367 -12.153624
