-1.320186 -9.001287 16.470945
-2.154750 -4.003918 13.722691
-0.003331 -1.071257 16.191303
-0.498183 -2.940522 13.746301
0.594663 -0.276086 12.235258
1.023917 0.828554 14.154875
0.969147 3.175337 9.147019
0.339830 4.058029 6.764046
1.241868 5.448152 11.821863
-0.141275 2.999009 17.210243
0.474305 4.379511 8.976995
1.487221 3.208337 8.307702
2.771620 -3.492838 9.989997
3.776091 -3.884845 5.648085
4.422833 -3.755013 6.010255
2.522242 -4.900761 11.497025
0.434478 -4.585624 6.078934
2.135675 -3.926949 3.344190
2.666906 -2.953275 3.504031
2.778016 -3.411151 4.952772
3.394072 -5.499774 6.126030
-0.398254 -5.099562 4.808662
0.613830 -3.544817 6.920227
4.970992 -3.623514 7.150652
5.911218 -1.299521 8.452007
2.836653 2.447198 13.664183
-3.177032 -0.717740 18.009071
0.027833 -3.951219 8.093107
1.451336 -3.678193 7.801835
3.021343 -3.471893 7.710717
1.839631 -2.889465 8.095757
5.222171 -4.087903 8.707949
4.437949 -1.159689 7.027653
4.518476 -3.954952 4.325840
4.705370 -2.500377 6.716197
0.564299 -7.587508 9.255864
3.689021 -5.520365 10.976249
0.317265 -2.972775 10.577709
-0.645210 -4.668716 8.868806
0.033673 2.361099 5.165399
-0.062995 2.433755 4.261494
-0.718640 -0.362701 10.812380
3.724136 -2.916631 10.093501
4.989538 -5.477472 7.473500
3.694775 -5.182403 5.988915
2.746744 -5.045253 7.083690
-0.386347 -3.902759 5.604838
-2.441576 -3.535722 4.916875
0.838779 -3.114848 3.469458
-0.650592 -6.079507 8.190905
1.265349 -5.531098 6.723912
3.083273 -7.729051 7.043824
2.344228 -4.883376 4.246812
0.249744 -3.113773 8.002118
0.279192 -3.242439 8.038349
-3.436653 -3.484521 9.768256
-2.317351 -3.580133 13.072104
-0.554160 4.361512 13.648560
1.686020 3.196100 14.624896
-0.749709 4.075167 8.081184
-1.823487 2.511818 7.947799
-0.128369 3.185547 4.955669
-0.236944 2.494528 9.500579
-1.711010 2.773201 5.143000
-4.727077 2.263105 5.815738
-4.325210 6.120149 7.038039
-3.947306 3.697515 4.303869
-4.965199 2.735034 6.130297
-3.633839 2.227663 5.175761
-5.072708 5.028771 4.299813
-3.163714 3.683376 11.068460
-5.370064 5.606872 11.659582
-1.631673 3.026478 6.472477
3.663518 3.896787 6.510354
4.639023 0.950695 4.304200
7.411004 1.142678 7.698502
4.453853 -1.392299 6.345019
5.127472 -1.693809 5.494863
2.865189 -3.168111 4.334773
5.330060 -4.437673 6.720165
6.325612 -6.786526 5.363737
1.732790 -6.963161 8.059563
1.591300 -4.892312 6.832369
0.230409 -3.763032 6.423834
-2.366980 -3.257147 5.107256
-2.698114 -3.084012 4.766932
-3.224410 -2.998894 5.954528
-4.604777 -3.104317 3.714465
-9.016756 -5.123691 3.260113
-7.932617 -1.162392 0.913838
-7.197858 0.498479 6.856496
-6.050476 0.069155 6.681337
-6.484880 2.607889 2.597039
-4.669387 6.067631 3.014135
-3.189767 4.489430 3.711657
-1.241685 2.750098 5.776877
-1.242670 4.206563 3.276382
-2.956642 2.869654 3.251084
-1.940036 2.210905 4.047330
-2.952693 2.390666 6.842568
-3.204341 2.405101 4.846517
1.397417 2.116614 5.961421
0.016871 3.481876 8.619527
-0.236602 2.578650 3.024324
-0.970730 2.756434 4.959709
-1.940918 2.790572 4.897093
-0.463743 2.543270 5.249130
-3.771689 2.780733 2.070087
-5.028793 2.374533 2.537726
-6.228644 2.074596 4.245651
-4.393642 2.599416 3.528653
-5.370129 2.670941 0.871158
-5.467325 0.231111 -1.829481
-4.184023 -0.349023 -0.955752
-4.032992 0.052276 -1.501553
-5.534006 -1.323879 -0.616938
-5.754387 -0.988981 0.803913
-6.406108 -0.415804 1.778768
-7.710031 -2.374271 1.615460
-5.265409 -3.944731 0.990374
-6.720918 -2.482885 3.837847
-7.075513 -4.653306 4.267575
-7.153922 -2.028963 5.973264
-5.871846 0.947194 3.457907
-7.187242 -1.742423 4.494829
-7.633435 -0.924168 6.802586
-7.644459 2.900947 6.288919
-7.487589 1.830064 4.610317
-5.816978 -0.784366 7.142884
-6.974444 1.586787 6.755456
-6.676934 -1.382177 1.117534
-5.879468 -5.642777 0.490341
-4.764556 -3.145777 1.841776
-6.254753 -3.685546 6.076918
-0.354475 -3.662570 6.264140
0.102158 -2.941633 4.322943
-0.589193 -4.872016 9.305906
1.768551 -3.958305 6.816397
0.050917 -3.182276 6.680274
-2.307765 -4.824462 7.033901
-2.769919 -4.190441 5.128347
-4.721568 -6.819456 1.109800
-5.880195 -10.048141 5.928839
-5.936036 -6.447186 2.592229
-7.189875 -4.236806 4.184139
-5.440159 -5.758796 4.493732
-2.698532 -2.950133 4.616817
-2.911233 -4.982577 6.874474
-6.720531 -1.612265 5.986100
-8.602429 1.327485 5.397151
-6.022581 -2.106824 7.293367
-5.544136 -4.854698 3.500257
-4.442191 -4.405214 2.646786
-3.933469 -5.061629 4.723614
-1.039341 -3.535492 4.344786
-5.538850 -3.433446 6.151727
-6.279847 -1.663064 5.622546
-6.558778 -2.336167 0.894515
-6.391614 -3.340574 1.313954
-4.441706 -2.921427 3.577933
-4.512530 4.891932 3.698328
-5.772357 3.055335 1.105475
-6.894560 0.889371 4.536455
-6.295123 1.069345 4.534635
-7.774030 -0.820262 4.092676
-6.672347 -2.683826 4.914670
-5.827448 1.597462 4.555462
-6.156689 2.546830 4.375583
-4.483008 2.619673 5.776031
-8.358881 5.446846 9.624092
-7.575531 4.549494 9.255923
-2.448930 5.329511 6.750463
-0.935001 2.543785 10.039053
-1.892060 2.639012 9.447305
-2.761506 3.209294 5.613953
-1.490679 4.174467 6.698289
-1.796886 3.594765 5.534711
0.191998 3.038249 6.697510
-1.208678 2.293630 4.350775
-4.631129 3.694207 5.089358
-7.564528 5.060528 9.877319
-5.972511 4.930741 7.522392
-4.370590 3.392301 5.854289
-2.284559 4.844454 2.408055
-0.800115 8.541568 -3.582457
