-14.076888 17.803711 18.705418
-8.842367 3.951099 11.373558
-2.996864 4.022004 6.131945
-4.397165 4.762174 6.201447
-3.013726 2.295138 6.342451
-2.840234 2.656861 5.794973
-6.599901 2.118240 4.945220
-7.356507 0.063319 4.434661
-8.344363 -1.027290 5.501883
-5.946008 -0.278686 4.280055
-9.563306 -4.695115 1.998468
-5.242352 -5.467482 3.649426
-3.847260 -2.437530 0.007367
-4.807432 -1.300410 0.164501
-4.366853 -1.880087 -0.033152
-5.466791 -1.895427 -0.203290
-11.593029 -6.555005 3.339278
-13.809871 -5.498415 3.531096
-11.280491 -6.658446 8.159987
-9.019584 -3.931215 5.743642
-0.050988 -3.388469 4.735832
2.247352 -7.074804 5.822836
2.338586 -7.302855 5.581208
4.910686 -9.223229 5.313347
6.296551 -4.807210 4.520576
6.606842 -5.455082 5.148470
7.591576 -5.717649 3.622336
8.902964 -3.487981 -0.167062
