-11.333795 18.472803 -18.959349
-8.575801 4.752251 -17.324207
-6.263144 8.472775 -7.585015
-3.555713 7.153342 -7.300921
-7.994430 5.308990 -7.772073
-11.983181 6.773938 -9.129594
-8.953313 11.715869 -15.537436
-10.016705 9.494357 -10.712747
-9.159115 8.063598 -11.973921
-2.586061 4.429467 -8.401406
-5.032069 7.422931 -10.712867
-2.875850 1.661788 -11.795425
1.251555 6.252758 -13.860644
-0.142394 10.939440 -12.309364
-1.106477 13.440003 -16.010595
1.810692 13.146802 -16.499823
0.328581 15.714992 -12.800339
-5.007174 15.536956 -12.822697
-7.161993 13.477431 -15.311547
-1.492375 8.829079 -12.880670
3.341562 18.160301 -19.692184
-6.167918 15.382154 -12.477978
-5.899429 11.359958 -10.923484
-5.698424 5.448793 -11.594705
-4.770116 4.591119 -11.198646
-5.104465 5.210279 -7.611012
-10.539844 4.533939 -11.535153
-10.728051 4.979268 -8.417412
-7.202154 1.722790 -6.941501
-2.979681 14.018955 -11.694207
-5.912561 16.216763 -7.227312
-7.150680 11.554825 -12.916552
-9.397758 13.761477 -10.352216
-2.335680 9.929087 -9.940228
0.198389 11.310435 -5.163380
-4.338762 9.396051 -9.146894
-0.472306 11.690294 -6.476140
-1.229371 9.287815 -8.269756
-1.815018 7.062818 -10.729884
-4.584045 8.712245 -9.913465
-3.390529 6.473787 -7.288559
-4.856611 1.294809 -6.101752
-5.616414 1.765556 -7.730925
-7.415887 3.481466 -10.327603
-7.719580 4.926593 -7.096286
-10.161504 4.321231 -9.286633
-12.247565 3.124500 -9.948539
-16.909945 -14.021842 -11.214187
