-15.248425 -10.780845 11.207735
-5.193813 -9.240726 3.201386
-3.270306 -3.977574 2.015856
-0.222295 -3.824296 3.823037
-2.317408 -5.538326 5.045987
-4.781494 -7.736409 2.810287
-2.654726 -2.903911 1.629626
0.201098 -3.455724 1.697072
5.287211 -3.958835 4.284838
5.014293 -2.214189 3.785496
3.390529 -3.929335 4.290971
-1.212028 -3.694233 2.776136
0.194066 -3.180507 0.915029
-0.122728 -4.123423 2.197365
3.741228 -3.925545 2.278362
3.136450 -3.065742 1.004187
6.721369 -3.930396 5.328818
5.939373 -5.714426 7.575309
6.981912 -4.821603 5.451990
5.669862 -1.695904 2.401680
5.211565 -2.265869 2.738077
5.631134 -7.716001 8.810524
1.414191 -10.295841 5.770257
4.905940 -10.000926 5.426306
3.729568 -5.537485 4.993656
5.670341 -8.212609 4.395319
5.223879 -6.347719 5.364622
4.225410 -4.715046 7.162810
2.382982 -3.381511 2.165648
-0.030348 -3.746861 6.984340
-0.092950 -6.504757 6.018257
-0.244763 -8.395560 4.182457
0.876334 -8.713655 6.286548
-2.138832 -8.650504 4.044577
-0.982057 -7.389249 4.646194
-2.891999 -9.661324 5.570062
-6.583631 -10.489160 3.224625
-6.484274 -8.844780 2.354696
-4.460633 -7.788677 4.931852
-1.887200 -5.307250 4.533291
-0.729382 -6.301172 4.067803
5.106909 -10.475341 4.732094
7.793496 -13.406732 5.095520
