17.925442 -19.847298 -2.443780
7.626218 -17.285982 -4.155184
8.645026 -10.784622 -4.587537
8.965302 -18.996445 -7.985381
4.952557 -7.058762 -7.294433
2.546049 -5.999783 -6.357931
4.080181 -4.287123 -6.206950
4.376777 -2.923395 -5.070681
3.286604 -4.090228 -3.751393
2.195396 -4.080616 -2.971241
1.347821 -3.481990 -4.945376
1.166971 -3.766371 -1.537272
3.021779 -2.703171 -1.795094
9.008914 -1.250308 -5.235400
8.207030 -6.134392 -6.901220
6.817618 -7.337211 -8.267272
2.483865 -5.556398 -6.338425
4.220949 -6.184153 -7.657853
3.106635 -7.144521 -6.818412
2.560080 -6.855383 -6.163258
3.034470 -3.496475 -6.395180
3.352515 -3.400797 -5.250690
5.195991 -1.833500 -4.572381
4.361457 -2.033436 -4.946605
3.482580 -2.287555 -5.001678
3.364961 -2.649690 -4.163246
2.184072 -4.019847 -4.642883
2.841698 -1.725673 -4.230096
4.429915 -3.944418 -1.426615
2.968137 -3.436564 -1.178546
3.369326 -3.885153 -3.840479
5.165697 -3.469357 -0.439014
2.908271 -2.279741 0.229988
4.048180 -4.051284 1.682429
2.633887 -3.384237 5.235262
1.645122 -5.075460 7.096417
2.471861 -6.978036 4.138847
3.977332 -6.812315 4.403314
3.093862 -10.243711 7.325812
0.485533 -6.865799 4.659800
-0.994978 -6.660366 4.668753
1.686126 -4.543753 4.556447
2.395385 -3.213357 2.706419
2.372394 -3.242867 5.213185
1.211335 -3.875278 2.363761
-2.760438 -4.032792 0.863480
-0.225821 -3.246802 1.107485
-1.107959 -4.133593 0.690563
-2.304694 -4.154113 0.862372
-3.301023 -3.381726 1.043253
-3.005039 -4.286226 1.833857
-7.182551 -7.151636 4.761442
-3.500398 -7.069830 1.881552
-4.770315 -6.068861 -2.655354
-5.652590 -5.677526 -1.805278
-1.438968 -3.908809 -0.289365
-2.211630 -3.834724 -1.099916
-0.069755 -3.801510 -1.655509
-0.622416 -2.745421 -2.741220
0.372507 -3.447639 -2.690141
-3.773329 -2.989113 -3.996008
-3.727181 -4.609584 -1.285330
-3.975922 -9.564317 2.603259
-3.140254 -8.133615 3.468451
-5.823101 -7.816984 3.817009
-0.010812 -8.330981 5.345379
1.506928 -8.266255 4.066113
1.785790 -3.873224 2.792799
2.398036 -3.991949 2.798089
1.198951 -3.673314 -0.181405
1.541173 -3.358829 5.463431
2.422525 -5.116257 4.701514
1.656919 -3.912178 3.307149
2.568551 -3.614254 4.712594
4.472859 -2.626363 2.733266
0.996834 -3.310937 2.418607
0.955044 -3.803914 3.798062
2.440220 -3.204736 4.338271
2.731373 -4.049433 1.536132
1.713347 -3.203820 3.602775
1.927270 -4.154270 0.211100
0.859487 -4.147171 0.673692
1.945276 -4.106464 2.050694
0.779729 -3.439053 -0.538827
1.602238 -2.677347 0.018324
4.279006 -3.910029 -1.233109
4.646256 -2.503443 1.561372
3.987207 -2.807407 -2.028749
3.172061 -3.680967 -0.948439
3.474583 -3.697551 -0.693957
3.344496 -3.674640 1.958069
3.188142 -3.509561 -3.239528
2.825873 -3.895892 -3.586822
6.172564 -7.560121 -8.937631
5.299354 -10.532427 -6.754547
7.651644 -6.743089 -6.146697
7.988926 -8.330321 -2.821882
7.362051 -3.144342 -4.725058
0.769929 -4.164534 3.512667
2.620360 -5.488059 5.856104
2.685416 -6.434847 4.302060
3.753386 -5.916152 5.535050
1.262604 -6.477125 4.853632
1.126505 -6.713950 6.164839
-1.737634 -4.450465 4.895216
-0.606216 -4.201551 4.101592
-0.203548 -3.486275 1.533089
-0.962207 -3.736535 1.872122
2.443234 -3.469763 0.408178
4.146713 -3.263136 3.524493
4.923561 -1.803455 3.299562
9.160851 -2.029679 -0.228529
8.450887 -6.535379 -3.475434
7.642150 -5.999076 4.341194
2.450386 -8.669467 5.419277
7.670003 -10.202105 -3.214181
10.490178 -9.609113 -3.652531
8.805166 -7.011649 -3.880503
2.459363 -3.932127 -2.688252
0.163976 -3.989011 -2.355175
-1.233834 -3.300429 -1.022104
2.416695 -6.564552 -8.948120
-1.131853 -6.583633 -7.297788
-0.246573 -8.431111 -10.859064
-3.679909 -11.515830 -8.355548
-3.368743 -7.380432 -4.278607
-3.143713 -5.611174 -5.224889
-2.012163 -3.103950 -4.380572
-1.424712 -2.774350 -2.275482
-2.011901 -3.821434 -5.058942
0.407054 -3.815765 -3.419175
4.812505 -1.430076 -7.704436
7.249754 -4.785115 -6.698361
7.630137 -2.445383 -5.930743
8.514087 -7.243658 -0.546675
7.351018 -9.163696 -6.199811
0.639808 -4.499261 -6.524373
-0.722178 -2.263055 -6.164456
0.399267 -1.083775 -3.464127
0.939261 -3.432460 -4.304828
-0.217804 -2.193733 0.457217
2.847026 -3.738081 0.634013
2.360940 -3.943799 1.790010
-2.457348 -3.533924 -1.781352
-2.416880 -3.155207 0.705701
0.894441 -4.176784 -1.187092
2.171140 -2.157455 -3.308879
1.948833 -3.472438 -3.569611
2.570797 -4.161047 -4.353385
2.357628 -2.004972 -2.904078
-0.562540 -2.963166 -2.059960
-3.154191 -3.223549 -0.931444
-6.362410 -7.172237 0.318383
-15.828947 -7.568394 -0.985309
