-1.982874 7.145761 16.565939
-4.574511 7.906664 14.017827
-7.189888 2.971226 5.707740
-6.052583 3.292660 4.154646
-6.952915 4.567969 9.724597
-8.257868 4.412788 6.187317
-7.102019 1.121180 2.049426
-7.354417 0.978941 3.203878
-4.976168 -0.776022 -1.298585
-5.572773 -0.268177 -0.897285
-2.862274 -2.427436 -0.189071
-4.990313 -5.366007 0.212343
-4.350449 -5.462255 0.772453
-2.462801 -3.423090 0.646657
-3.402145 -5.317136 -0.462581
-2.701931 -4.316225 0.536043
-2.504820 -2.853230 -0.504146
-2.177385 -3.820889 1.041020
-0.609704 -3.478713 1.833557
-1.933273 -3.960979 3.564874
-3.004355 -4.051945 1.509745
-4.711066 -5.847425 3.230378
-2.093383 -5.322760 4.714390
-1.500829 -6.208813 5.039971
-2.918678 -4.794193 7.289246
0.603190 -6.269200 7.242067
-1.672143 -3.824629 7.990640
-3.443032 -3.873612 5.740917
-0.230342 -3.444551 6.841666
-0.847515 -4.617323 4.278656
-0.294951 -4.376245 6.365316
-0.023350 -3.408854 3.326488
0.979575 -3.910455 -3.122092
1.240125 -3.671547 -4.656675
-2.514396 -4.205144 -7.983119
0.322876 -6.026451 -6.348393
-0.619176 -1.620443 -5.634033
-0.469089 -3.202266 -4.793681
2.332125 -4.067926 -4.610143
3.691937 -3.242733 -5.617950
1.512403 -7.820926 -8.126099
1.179224 -10.447679 -7.347751
-1.619417 -16.685801 -13.037517
