-16.023127 3.229262 -0.270051
-7.692801 -3.744665 6.906543
1.230920 -3.450814 4.801742
-2.606704 -3.691942 6.468806
-5.506797 -3.584102 4.712508
-3.214503 -2.945681 1.788484
-1.999813 -3.423687 5.255641
-5.114468 -3.429262 1.982912
-5.703501 -3.401933 3.065025
-6.510130 -1.697369 0.813076
-6.199577 -2.613268 1.503497
-4.997707 -3.847334 5.475211
-4.255666 -3.925102 2.937390
-6.143011 -2.758608 -0.528471
-5.909412 -1.818292 0.142940
-7.031608 -1.120874 6.788478
-7.083819 1.372046 6.548788
-4.675928 -3.764135 7.321157
-4.839430 -10.981114 12.779389
-3.189997 -5.776854 10.629100
-2.865420 -1.771817 11.821373
-2.292158 -1.031073 12.098397
-4.299963 -3.484581 2.244071
-3.909870 -3.754636 2.360106
-6.446798 -3.424944 6.986739
-1.170289 -3.300232 7.916637
-1.222285 -2.660806 13.035005
-3.192171 -0.463978 11.405156
-1.982455 0.310119 11.358308
3.167907 2.353873 4.822541
2.699431 2.635705 3.257905
6.642012 6.019420 11.265851
2.478456 4.012144 6.647973
2.215451 2.845938 10.094196
-1.145947 2.120281 9.311665
-1.144008 -3.056337 5.930553
-2.136061 -2.919306 3.616753
-2.954988 -3.536456 4.396996
-1.551459 -3.283039 3.788287
-2.034785 -3.513897 4.132589
-2.104373 -4.361262 5.921411
-2.530924 -3.053434 6.385079
-1.454766 -3.170449 4.160131
-2.998900 -3.631458 7.876997
-2.259901 -3.623238 6.221398
-0.492186 -3.864582 3.709418
3.852176 -3.780625 6.244407
2.334743 -3.381087 6.253172
0.076457 -0.135797 14.078495
2.817454 -4.535236 9.905496
0.857137 -4.113554 7.484374
0.447040 -3.331236 3.019758
3.216223 -2.904237 4.261077
-3.434853 -3.550314 7.558739
-2.131341 -1.949022 13.682089
-1.729408 -2.322468 11.408326
-0.536897 -3.870079 6.771938
3.027828 -2.956778 8.597952
2.373889 -4.456129 8.678118
3.572163 -5.628949 14.314246
0.904281 -0.549275 12.223237
-0.671515 -2.320315 13.603224
2.451299 -4.343877 7.580465
-0.127704 2.558552 7.463529
-2.307009 3.336883 6.571880
0.468091 4.722563 6.925037
1.486816 2.605210 4.211150
0.963478 3.166683 7.123888
-1.894748 2.165892 4.057834
-1.936402 3.096322 5.962656
-4.280169 4.454135 7.727876
-8.145054 5.936173 9.763913
-1.453832 8.381351 16.445635
-0.133178 5.649831 7.714152
-8.897629 4.031226 10.432410
-7.704437 6.331082 6.023428
-6.191931 3.820700 5.740520
-5.800839 -0.406022 4.160115
-4.860089 3.511110 6.048932
-4.388407 4.265492 5.185060
-6.826746 5.793544 12.508140
-3.795607 4.377757 9.160507
-2.536142 3.627343 8.027987
-6.747634 2.695469 6.637537
-5.687305 2.523785 7.088476
-5.661703 3.623876 6.786483
-3.550135 2.303173 5.034011
-6.619521 5.493435 5.257332
-4.550751 4.980488 10.952712
-1.053013 3.176394 8.635262
1.321426 3.523496 6.786790
2.181128 4.223476 6.456790
0.755830 5.210496 5.349336
-1.688361 3.361739 6.321097
-1.323442 4.313463 4.882017
-3.392049 2.759705 7.060443
-1.772644 2.251165 5.346449
-9.765152 1.648818 5.606104
-8.576161 2.190576 4.552319
-10.539140 -2.697292 4.758052
-6.788207 -2.132610 2.734164
-8.276999 -3.741207 0.751028
-6.120322 -1.278561 0.817477
-7.183111 -0.298701 2.785149
-6.610971 -0.919994 1.444177
-6.548100 0.368565 0.148621
-10.080805 2.618686 0.931901
-6.118579 1.100847 5.612181
-6.370027 1.769242 5.496804
-6.920199 7.148051 3.991834
-5.430286 2.198376 5.317930
0.135364 2.820137 6.681035
-0.571080 3.148427 6.321922
0.666354 2.150590 6.537198
1.429405 2.290876 6.707079
-4.820519 4.363162 3.885541
-4.713910 8.414794 5.424104
-6.948016 3.838964 5.157199
-9.578801 1.935435 5.142738
-5.960933 -1.365688 5.332663
-6.001630 -3.378821 4.746456
-7.773600 -6.452439 3.853498
-3.340755 -3.942326 -0.628486
-3.624955 -2.924520 0.759103
-6.068591 -4.167541 2.767129
-5.858928 -2.682210 3.516163
-8.026682 -2.611337 3.780523
-6.497468 -1.793809 7.358247
-6.246066 2.126402 1.732560
-7.624712 -0.317734 6.744577
-7.374199 -2.079181 3.275211
-6.013422 -3.673555 0.771152
-4.738349 -3.065619 1.694363
-4.860956 -5.009365 2.835440
-3.374422 -3.257192 3.912491
-1.553276 -6.608730 7.563132
-3.632891 -5.898268 3.345697
-3.662880 -6.476714 4.264295
-8.502045 -9.782297 3.403529
-4.601239 -8.379193 3.395367
-3.041720 -9.443020 4.269608
-2.185036 -8.048856 6.670645
-0.305333 -5.349274 8.268076
-1.741364 -4.543854 9.635421
4.583989 -4.205132 10.765154
-0.625742 -7.269367 7.259804
-2.020343 -4.850237 5.349597
-2.485323 -4.050448 3.851560
-5.050510 -2.895028 4.981656
-5.656912 -4.750133 3.505388
-6.967947 -2.823328 4.110396
-8.773250 -0.905267 5.702806
-5.099480 -4.339943 4.716257
-5.400358 -6.272222 4.893995
-5.675233 -3.230368 3.715643
-2.595273 -3.026452 2.342669
-4.201634 -3.590640 7.124607
-4.879438 -3.530488 7.552500
-8.635578 -1.662818 1.851542
-8.535768 0.772787 2.860668
-8.403315 0.661577 1.475516
-5.261604 0.886988 0.001060
-4.136247 0.756067 -2.079916
-3.619553 -0.277910 -1.028739
-5.849114 0.892650 -0.386237
-5.756056 -0.304226 1.709177
-5.134511 -3.110874 0.826973
-7.079228 -3.776445 1.869764
-2.905825 -3.585953 1.295225
-3.665390 -3.085084 1.351960
-3.825386 -3.797818 4.657343
-4.218179 -3.176751 -0.314466
-4.407346 -1.589259 -0.756021
-4.257856 -0.422006 -0.454835
-5.908741 -0.539811 -0.151118
-8.385572 -1.861340 2.286678
-5.973443 0.397790 4.007190
-6.558600 2.223784 2.561501
-4.776526 4.060709 5.862236
-5.880659 3.092565 5.985669
-6.675413 -0.358346 5.444084
-6.961343 0.416549 5.522895
-5.993869 -3.113974 5.844733
-5.397307 -3.271542 7.096112
-6.686770 -1.877117 6.512340
-8.114026 3.860008 7.368130
-8.677183 1.452747 6.576542
-6.194541 -4.113930 3.061489
-2.661164 -6.647898 4.559742
-2.738265 -3.897858 1.847676
-2.751142 -3.393505 7.013122
-1.024311 2.186256 8.008719
-1.051430 3.011476 6.882502
-1.832569 3.790188 4.480765
-4.388206 3.448809 2.956805
-4.006974 2.896719 5.048485
-2.785035 2.578967 4.129535
-2.477735 3.064486 5.328431
-2.363592 3.274878 3.649381
-2.922940 2.759362 4.064584
-2.957665 4.127967 2.317604
-2.782528 3.086596 1.564900
-3.001061 2.159127 2.028255
-7.033556 0.813788 5.895438
-8.191525 2.361911 -0.342859
-9.615432 1.091602 3.235503
-5.883865 1.343442 5.754875
-9.392810 -5.227820 7.560261
-6.317610 -0.702270 6.850506
-7.272568 0.198266 4.569706
-6.033308 0.282783 3.249926
-7.725978 -3.233796 4.269934
-7.041759 -2.900794 5.145477
-5.423102 4.481545 4.083970
-5.255875 3.029461 4.630361
-3.332144 2.203385 6.068835
-2.659936 4.111861 7.006854
-1.019670 5.039225 5.863832
-4.704535 2.816363 7.111554
-6.193645 4.454410 4.836243
-3.512947 3.669775 7.132096
-2.924034 2.302195 5.979540
-3.945016 3.160245 7.885843
-4.326090 7.675822 14.679321
-8.109084 6.155754 6.525835
-5.839014 2.754373 7.542104
-7.651266 -1.913007 7.305069
-3.683038 -3.945217 5.587770
-3.534806 -3.432284 10.292988
-4.304007 -7.659178 10.965620
-0.567596 -3.126100 10.501515
-0.788041 -3.146671 10.639350
-3.698391 -1.639705 11.735126
-0.143858 -4.643930 10.335085
-3.634686 -10.380126 7.608016
-0.050151 -3.434150 5.289927
-1.570185 -5.418768 7.014714
-2.058018 -4.044956 4.303965
-5.340687 -3.661928 4.060890
-3.810748 -3.843581 5.304808
-3.168758 -3.172643 4.536477
-1.839298 -3.877725 6.835622
-3.939716 -3.231303 7.877112
3.674353 5.790066 11.192554
3.427729 5.436202 10.578423
-3.654044 -0.024784 10.781496
-1.924098 0.571007 11.697924
-2.516078 2.660735 11.141741
-3.728654 2.581750 5.629556
-3.353865 2.523871 6.363660
-6.608538 3.113284 3.847114
-6.977789 2.775489 3.987530
-6.236736 4.291548 5.829473
-6.342060 0.076457 3.871834
-5.828839 -0.718170 2.001377
-6.863280 -1.281150 1.999247
-6.427346 -1.590506 4.075837
-10.257994 -6.720240 7.051127
-11.979161 -4.185884 5.822853
-5.746595 0.595950 7.450282
-5.969700 -2.868358 4.772926
-5.068188 -3.004041 5.151961
-5.538215 -3.302132 5.415923
-4.526778 -4.245515 4.202612
-1.957072 -2.971814 5.977094
1.920818 -5.108387 8.950182
1.958574 -4.392685 4.789185
2.875504 -3.467249 5.887981
2.173007 -3.789534 5.746667
1.293250 -3.450401 5.836826
2.108108 -3.247107 7.164696
5.130653 0.772664 8.397553
4.428058 -2.658294 5.958766
3.392296 -3.090703 6.411520
5.884799 -0.318846 5.709116
5.677825 -0.971270 8.356976
4.514544 2.335335 10.235417
3.853975 2.548584 9.029035
0.979554 6.030094 12.040304
0.404242 3.422391 8.518920
-2.404803 2.323457 6.621535
-6.082821 2.608989 4.179167
-6.677006 3.230608 6.676661
-7.019457 -0.336451 2.296563
-7.400148 -0.964133 1.413140
-7.379735 -0.798943 6.353878
-1.654569 2.328999 5.695562
-2.413970 2.385831 4.899803
0.550005 -3.181412 6.340052
-0.064375 -3.969454 5.427421
1.055997 -4.140560 2.590164
-0.304852 -2.955312 7.871439
4.206592 -3.549730 6.418345
5.852297 0.523116 8.528060
5.326272 -1.061084 10.212624
3.281821 -4.774963 5.690860
2.487842 -4.180930 6.291159
1.095712 -2.921599 3.837373
1.001525 -4.137619 3.189438
1.158956 -3.601233 4.879476
0.840316 -3.671601 5.298766
0.803866 -3.880675 6.691932
4.977777 -2.923851 5.284674
3.755972 -5.989854 4.095733
2.768610 -4.194478 6.221128
-1.350785 -4.360998 7.473529
-3.436481 -3.504537 2.429124
-4.301687 -3.398801 2.442606
-4.581695 -3.317039 4.835073
-2.945843 -3.093993 4.922262
-2.391724 -3.111389 7.382696
-2.606587 -3.784523 6.583087
-5.731956 -1.119845 7.156812
-5.775469 2.105000 6.274324
-5.065645 2.678156 4.015158
-8.294456 0.669554 6.615135
-7.238281 -1.841496 4.596345
-5.396393 3.412601 6.842836
-4.968290 5.201042 6.986530
-3.981495 4.309963 5.346123
-0.960549 2.889071 12.131826
-0.678435 -0.165360 12.569140
-3.322585 -1.015198 11.291895
-2.293964 2.391034 11.563221
-1.816907 -1.358434 11.866769
0.111580 -2.932166 7.953546
0.023130 -3.339082 7.397362
1.460354 -3.529791 7.447120
-0.929870 -3.306557 7.496901
-1.384524 -2.897185 9.476820
4.485935 -2.873771 5.333132
5.656126 -1.777195 4.151177
-2.225728 3.165491 6.966431
-2.843833 2.957819 8.050741
-7.088607 0.173038 5.704385
-6.032789 -0.709675 5.180840
-5.932348 1.374626 3.094367
-6.062285 -1.779150 6.556339
-7.367540 1.670550 5.898427
-8.471375 1.789971 6.966640
-6.889558 5.849545 6.340919
-3.531733 5.236934 6.983858
-1.342532 4.263077 6.309592
-2.620569 4.691381 8.187768
1.842476 -1.665700 13.000750
0.219791 -1.438904 14.167787
-2.062811 1.057243 13.642969
-2.812337 -0.643734 11.540787
-2.027839 -3.920312 11.699119
-3.714906 -3.251457 7.790523
-5.976266 -1.931118 5.394813
-7.134351 -1.142837 5.841458
-6.038349 -2.476038 4.870858
-6.685801 3.307832 5.699872
-4.817894 4.162972 4.442175
-4.591180 2.408015 3.441967
-5.363008 3.951927 4.751483
-7.066677 1.187556 2.805409
-5.725038 0.247747 2.904502
-4.964006 -3.016995 3.895629
3.250716 -5.475183 9.419542
0.532096 -4.019802 7.627210
1.347553 -4.354694 8.251969
-1.297723 -3.104999 6.130425
-3.487660 0.712102 10.758990
-0.924755 -1.553685 10.798345
1.593494 2.930336 3.342702
0.297106 6.413766 6.070621
0.375941 4.569294 7.715373
1.333193 3.788981 8.932567
2.848524 2.750248 7.189884
3.595973 2.717028 5.587469
4.737519 3.216372 6.640034
4.335899 1.176396 5.668682
3.132986 2.409242 5.676845
4.340479 2.341661 8.202944
5.235576 0.083437 8.494041
0.916991 3.281681 8.612803
-1.270260 3.058583 8.890701
-2.373142 2.131126 3.086390
-1.783025 2.527567 3.463764
1.872761 -2.980426 6.317926
2.019389 -4.505279 4.237769
2.164074 -3.415940 5.370734
4.945357 -0.586003 7.162331
4.459617 5.171753 8.916566
2.653313 3.328255 6.765433
-0.620902 3.491133 6.927264
-1.494199 3.523167 7.849390
-4.061560 4.519553 10.162727
-1.777310 -2.012808 10.800613
-1.690828 0.207913 11.997190
1.874368 4.424733 11.177241
6.161252 0.596873 7.268981
6.883660 0.248997 9.016654
1.994450 -2.891337 5.907853
-0.796585 -4.776022 7.465302
-1.568452 -6.289449 8.508735
4.764099 -7.130762 4.400310
1.587236 -5.465464 9.227949
1.142210 -3.221188 6.187595
-2.393085 -4.107213 7.107591
-3.103925 -3.476619 3.621834
-4.426183 -3.293516 2.992566
-6.868050 -2.599670 3.933831
-7.502145 -1.070859 6.074899
-6.016107 -0.595303 6.752079
-3.560424 3.143295 3.591036
-3.651030 3.509573 4.657703
-3.732367 3.268273 7.483450
-3.942773 4.090992 5.994747
-3.218089 2.136441 6.611794
-1.650948 2.995932 7.334139
-1.718107 2.180686 4.213655
-5.503078 4.263531 8.363524
-3.085026 2.688025 3.415718
-2.727571 3.608889 3.094789
-4.349502 4.312357 6.787205
-1.275697 3.001546 4.624409
-2.420269 2.208778 5.580778
2.058580 3.260838 6.891258
2.719686 5.459149 7.502934
1.092397 0.018037 13.870064
-0.416984 -1.003097 10.776411
-2.945992 -3.397260 10.725071
-8.941430 -3.583911 3.069404
-8.137642 -1.278459 3.092527
-6.991709 -0.738571 5.277538
-6.987581 -2.375474 7.362302
-7.364865 -3.676098 6.866451
-4.217698 -3.229375 2.835122
-6.921795 -2.694813 6.040277
-8.431589 -1.668164 5.196066
-6.189540 -1.885261 1.237743
-6.204203 -0.194034 4.324870
-5.849811 0.749963 5.096956
-6.219401 1.839830 4.382682
-7.044749 3.454008 1.107881
-8.363346 1.519805 2.153983
-1.989661 2.960508 2.800835
-0.382531 2.447071 4.240143
-2.295331 2.194946 5.006373
-4.415505 3.961677 1.355503
-2.193775 4.109497 6.986682
-0.557189 2.357213 6.340158
2.744160 4.767591 6.604632
1.348629 4.097341 5.393694
-2.628005 2.112480 6.542459
-1.085032 3.224559 4.415394
1.118063 -7.441543 10.731454
-2.679455 -4.672359 8.391851
-0.592466 -5.000380 4.465466
6.277052 -4.091425 8.397376
4.958101 -4.878242 7.273870
-2.195139 -5.747695 5.502327
-1.506964 -3.698965 5.529553
-3.260969 -4.452647 3.221076
-2.425048 -3.693145 5.218795
-2.288743 -3.257786 2.622073
-2.131451 -4.021573 2.781271
1.372155 -3.705186 4.499584
3.318331 -3.421740 3.985479
-0.107033 -3.861596 3.051888
0.011214 -3.262033 5.749852
-3.378813 -5.059826 4.530430
-2.250055 -6.497874 4.454467
-1.069725 -4.749028 4.373005
-4.683446 -6.203523 4.740227
-4.972683 -6.451990 3.362379
-6.973258 -10.489857 5.878576
-7.228637 -12.017951 7.141858
-5.829360 -9.401933 3.758694
-2.339420 -4.088427 4.765639
-1.154197 -3.701320 6.702337
-1.817557 -6.036455 11.601647
-3.111851 -2.669194 10.967775
-3.486590 -2.337748 13.096260
1.146223 -0.438976 14.301853
2.694902 1.670762 12.989168
6.055401 0.844668 9.739125
6.842879 -1.051842 6.835234
6.386723 -0.831406 7.448427
4.512302 -0.246041 4.486071
5.323939 -0.286647 2.792051
4.554151 -2.135147 4.131282
5.344978 -5.695385 6.623235
3.604539 -3.738281 6.952321
3.199112 -3.660371 7.155370
1.393082 -3.385101 6.935446
1.192341 -3.531584 7.783957
0.728313 -3.607870 6.831684
-0.304669 -3.163868 7.613367
-2.442546 -3.784306 6.711930
-1.856649 -4.833634 4.039171
-1.948737 -5.838755 6.009806
-3.050271 -5.432146 3.584740
-5.804499 -9.836414 2.849111
-6.422780 -8.629434 3.276265
-5.057877 -8.818485 3.717108
-0.929015 -4.768822 4.874176
-1.902508 -3.775470 3.889270
-3.701827 -3.656962 4.641679
-6.143829 -3.063018 3.905119
-6.025327 -3.239542 6.418463
-8.410297 -2.413914 5.422035
-9.627782 -2.314248 6.095273
-5.508506 -7.422889 2.892935
-10.532640 -5.884300 2.750443
-12.375587 -6.209854 10.013422
-11.880145 -6.714619 11.964501
-17.185745 -13.034516 12.082090
