18.777588 18.446287 4.582428
11.982279 8.873476 1.811459
7.564083 0.654641 2.458968
3.876659 -0.677008 -0.954184
1.445527 -0.400319 0.287567
-0.756019 -2.432631 0.631144
-6.745196 -5.941220 0.774904
-4.825662 -4.875720 0.455769
-6.041804 -8.196196 3.781669
-1.127336 -8.949665 4.893592
-1.900725 -12.900397 8.395108
5.432723 -9.796538 4.617011
7.469845 -16.377871 5.905606
5.327852 -14.676329 4.293047
-0.644737 -11.867053 5.229760
2.667938 -7.823110 4.086153
5.137045 -4.683684 4.792483
4.120184 -5.282783 4.358614
5.999596 -6.323882 3.984499
3.771736 -4.091895 5.948500
2.969312 -3.273399 3.027016
4.361399 -4.098106 3.512357
3.314311 -3.492293 0.737769
2.433102 -2.240538 0.236555
2.691804 -0.874596 -4.197557
2.493035 -7.015978 -7.599815
5.850086 -8.512020 -8.281960
7.675950 -7.278275 -6.296255
4.103249 -4.960966 -6.333861
0.091420 -3.284512 -7.184748
2.587037 -2.784927 -0.710600
6.204775 -4.014510 -4.028532
6.897224 -2.422838 -1.166613
8.102737 -7.282697 -6.908641
2.956299 -10.512635 -7.349581
6.175210 -11.424309 -10.210539
7.013902 -10.474023 -7.946044
1.944675 -7.203575 -10.011814
-1.111804 -5.578189 -7.355731
-3.456126 -8.747487 -9.206774
-6.121305 -6.107124 -8.314593
-1.709025 -2.811717 -4.743021
2.098379 -3.077786 -5.513001
1.439347 -2.022261 -4.383394
-2.522640 -3.514935 -0.822207
-1.093082 -4.157674 -2.514665
-3.461094 -3.578245 -4.472059
-3.134441 -3.960967 -5.868600
-4.267307 -4.858690 -3.371867
-3.454876 -5.055462 -4.481492
-5.055913 -4.062593 -6.066298
-2.790389 -4.795404 -2.046370
-3.527163 -3.084417 0.596228
-3.544061 -5.953689 0.714624
-8.377051 -10.112431 0.757948
-13.582556 -15.372635 1.600152
