18.777588 18.446287 4.582428
10.853438 14.005619 0.886624
-1.999997 2.926043 3.519758
-4.669519 2.535917 3.579798
-7.201357 2.957932 3.791373
-5.768889 -0.499906 2.866294
-7.097726 -3.602453 2.565114
-5.790830 1.499175 2.286551
-7.951494 -1.677139 1.909577
-6.646785 -2.245034 0.648651
-6.784196 3.261061 4.891681
-2.447081 2.136090 6.429321
-0.379294 2.195685 5.329906
1.586806 6.952981 9.875326
5.305985 6.362275 5.497513
5.787488 3.036759 5.197505
5.094749 2.691464 5.013091
5.689864 1.646477 4.125473
5.396253 -1.986595 2.899306
4.689725 -3.768610 5.684825
2.415898 -4.802664 4.199491
2.302106 -3.686495 5.322405
2.752182 -4.029029 6.025375
5.315386 -5.192168 7.279433
2.115912 -4.335331 6.117906
2.837556 -3.639816 4.428288
2.268679 -4.760666 4.160178
4.633133 -3.487746 5.709028
4.361547 -1.126256 6.054277
4.327572 0.135066 3.563747
5.322602 0.231730 4.771832
5.251765 -2.927347 7.237235
2.593897 -4.048629 6.252586
0.418208 -5.671587 7.218117
0.229291 -3.697998 5.232008
-1.010155 -3.249990 3.402367
-1.012735 -3.837819 1.573800
-0.604417 -3.869559 -3.955297
-1.692495 -4.030773 -1.646761
-3.424496 -3.845130 0.113007
-4.714041 -4.678574 -0.513339
-5.435331 -7.067566 -4.894280
-3.384814 -6.670007 -3.309935
-3.600617 -7.373133 -2.061785
-3.991879 -6.226539 0.322069
-4.308287 -5.025512 -2.982958
-4.010676 -3.458592 -4.689768
-0.637730 -3.643576 -3.566284
-1.440777 -3.931977 -4.007750
-2.652241 -3.689170 -1.200770
-2.902848 -5.828041 -5.818119
-3.578011 -3.513925 -8.335369
-1.695313 -1.592389 -3.975421
-1.945045 -2.635182 -3.132948
1.979661 -3.276915 -2.851687
1.315660 -4.111920 -5.134880
-1.600834 -3.319609 -2.258039
-3.384256 -4.267894 0.786766
-3.235379 -6.103691 -0.687065
-6.682951 -10.002685 6.827311
-3.019959 -7.523083 0.882544
-6.292367 -3.049945 3.834188
-4.721318 -6.616148 3.661762
-5.084188 -6.024570 4.130154
-3.611391 -6.461755 4.855981
-3.950041 -6.293564 4.291888
-4.645410 -4.419798 4.322400
-8.299341 -5.772541 3.794560
-3.731854 -6.078729 4.819413
-5.984048 -1.048581 4.499614
-7.496283 -1.490859 3.805612
-3.051593 -3.904695 7.649999
-5.978389 -2.962005 7.508728
-1.421594 -3.522188 5.056743
-2.840836 -5.317612 7.218840
-1.154714 -4.784839 5.642777
-2.076487 -7.368976 5.637290
-1.604042 -6.958969 6.615705
-2.696804 -5.897137 6.788729
-6.716327 -2.167556 4.437166
-4.538899 -4.949833 2.102746
-6.577244 -7.123646 1.979634
-4.729781 -3.543981 4.963530
-4.661561 -3.411742 4.833138
-8.574955 -2.784523 3.408494
-5.784038 -5.060842 4.656495
-4.953928 -4.408133 2.965306
-7.088307 -3.502333 4.199115
-6.273431 1.414788 5.924362
-5.802466 2.206079 5.020705
-8.344268 -0.241251 7.229464
-8.323132 -3.313227 6.750232
-2.544580 -6.620132 7.500781
-2.501565 -3.305699 3.213808
-7.934640 -3.502242 7.029955
-5.664769 2.288435 5.185116
-8.634979 2.805927 7.016354
-4.572588 2.931661 5.340961
-3.070049 2.128899 5.283154
-4.246808 3.355757 2.693763
-3.097956 4.055468 2.395372
-2.053138 2.763344 1.381574
-1.140882 5.858037 3.781296
-2.730576 4.325362 5.728579
-8.012127 3.594690 5.551693
-3.757653 2.393252 5.221817
-7.201179 1.090963 2.389339
-5.812913 -0.298907 0.447069
-4.528877 -2.998338 3.463305
-3.958575 -3.446210 2.188976
-5.013040 -2.927595 4.245230
-6.004175 -2.161169 1.807101
-7.256920 -0.509117 4.760834
-8.581362 0.535770 3.530625
-8.965372 -0.057944 3.481684
-6.712203 -2.216545 6.768824
-0.326282 -6.054107 7.304462
-2.264992 -4.115691 5.199266
-6.492584 -2.703371 4.669743
-5.774019 -1.750770 4.121979
-7.340079 -0.209482 3.981223
-7.434069 -0.980407 6.958829
-3.102767 -3.133080 5.275853
-4.355362 -3.762279 4.236843
-3.789999 -3.098633 5.953384
-3.573917 -3.941669 9.544073
-2.387126 -2.488718 14.703259
-2.819793 -5.773115 19.396055
-5.730725 -7.813696 19.967184
-6.385353 -10.786139 13.001647
-3.231122 -9.297441 7.046457
1.525122 -10.892671 8.195584
-0.989378 -5.955225 6.070322
0.796328 -3.796197 4.864578
-2.865730 -3.028392 7.308243
-1.513211 -4.042222 4.236216
-1.712142 -3.506244 6.655855
-1.173666 3.216314 4.678652
-0.117327 4.464022 3.105265
-2.378972 6.621469 6.359420
-1.838890 5.632136 8.164584
-1.177329 6.030223 9.605843
1.327242 4.788440 6.568474
0.790884 3.888734 8.114197
0.148549 2.130029 9.291207
-2.372290 3.774561 6.646279
-0.364014 2.761380 5.505696
0.331646 -5.260980 5.441092
1.257426 -5.106839 4.074365
-3.983655 -3.315595 1.862432
-3.647331 -4.864382 1.872039
-3.418622 -3.543262 0.480841
-0.468196 -3.133598 1.999018
-3.056674 -5.159647 1.386582
8.083327 -2.828824 4.178404
7.466262 -1.900867 3.732930
4.673632 0.867382 5.629979
5.394719 -1.978439 5.029359
2.383928 -4.512767 9.106573
1.608705 -3.957191 5.686213
3.348524 -3.512360 11.178649
3.134652 -3.801075 8.511080
4.036717 -3.805609 6.727583
5.614225 -1.508547 5.503855
5.234449 0.353009 6.393647
4.757739 -0.013048 7.417018
5.467454 0.846497 6.933332
7.533521 4.818373 10.669171
2.991402 2.270971 11.159698
3.600392 3.124675 11.520445
1.594091 2.623656 4.793403
1.878619 2.366210 5.041719
-5.643621 2.564266 5.424022
-6.028813 3.015883 6.272506
-2.606421 3.327954 5.417268
2.012048 2.806115 5.510761
-1.671620 -3.397781 4.437505
-5.104933 -0.787319 -0.103124
-6.301318 1.443555 -0.162717
-6.058250 0.405498 -0.027678
0.598773 -4.968797 5.173670
-2.520224 -8.621321 10.131746
-0.704411 -5.102285 7.059176
1.160872 -3.288864 8.033399
4.540904 -0.336812 5.705521
4.601541 -0.859351 5.671269
4.717622 2.665019 5.532135
4.873492 -0.084338 7.691860
5.721841 1.705562 5.008846
2.727253 3.345515 7.182859
1.600256 2.750804 4.567167
-0.770230 -3.241496 6.608534
1.371351 -3.650771 4.696231
0.854166 -4.129074 7.502112
1.089864 -3.073334 5.472215
0.495354 -4.299418 4.036987
2.804123 -3.244449 4.959254
2.898759 -3.155304 6.689427
-1.298494 -3.042881 5.563982
-3.017788 -4.462359 3.060555
-2.258465 -5.430185 5.733781
-1.175695 -2.988160 5.152528
-3.213528 -4.812588 4.689181
-4.135437 -4.822596 2.485612
-3.635022 -3.707973 3.649995
1.077220 -3.671438 5.164872
-1.132254 -3.932872 3.949269
0.461759 -4.548729 5.485027
-0.606243 -4.691496 4.509042
-2.315073 -3.074844 5.973788
-2.593193 -4.394510 7.179661
-2.193568 -4.802471 4.412711
-6.494331 -4.523523 4.637652
-7.928321 -7.961080 3.241575
-2.792259 -6.891636 0.075871
-3.407868 -4.858953 2.044927
-2.443560 -3.795661 4.646942
-2.264352 -5.229121 4.690255
-4.598799 -4.824457 4.519030
-7.058643 -4.758381 4.240367
-8.559136 -8.614885 2.055910
-13.582556 -15.372635 1.600152
