-17.280016 -13.447051 12.546357
-8.444091 -5.953732 4.619730
-4.219935 -4.764380 -2.052429
-3.624482 -3.265758 -6.623668
-2.942499 -3.426290 -4.696136
-0.375885 -4.073073 -4.076255
-1.677829 -3.322899 -5.132133
-3.346345 -3.488754 -1.611784
1.949974 -2.044664 -2.803714
3.285429 -3.601347 -2.125023
-1.112329 -3.761548 -1.957129
0.388829 -3.928445 -0.308157
3.256307 -2.258531 -2.141515
4.382238 -3.394808 -1.042628
8.231943 0.164939 -1.280377
9.989669 -4.079145 -0.064370
9.533702 -7.188109 -3.066356
