12.994169 12.324352 16.358978
3.478558 10.009799 7.253649
7.041667 4.778983 11.912841
7.095722 4.573217 8.444187
10.615697 3.408623 13.227707
9.604714 8.036067 9.117140
4.740856 8.859645 2.991508
5.135072 9.360993 5.934207
11.648111 6.030873 14.112293
11.702641 7.508916 12.053137
5.786197 3.857617 5.750771
7.435642 10.910233 8.498486
8.399388 4.848462 8.317934
12.846903 9.181228 5.904088
8.559618 9.029857 6.057207
4.918514 7.013639 1.671043
5.402850 7.204314 0.747941
7.986415 8.630758 -0.547920
5.712733 7.022399 0.369941
9.015047 9.687702 -3.837440
10.883745 4.488521 -3.497746
9.658586 3.859430 -4.889726
6.915109 4.696009 -4.458754
7.918208 4.905673 -5.681715
7.954683 1.225393 -3.028062
10.086158 -0.013469 -1.290784
11.760861 1.835842 -0.949064
7.313869 -0.027551 -3.138822
5.600732 4.043967 -3.745436
7.126792 4.816308 -6.204156
2.245955 3.771246 -3.544399
1.562351 2.656729 -3.297607
1.602620 3.133363 -3.888567
5.730817 2.632053 -3.783883
6.024474 3.176670 -4.526290
3.831642 2.843597 -3.178382
5.281072 1.867058 -4.492364
5.601107 0.518130 -5.106587
5.714722 3.969196 -4.152631
-0.680929 -4.162661 -9.907388
-3.241576 -8.406222 -8.304755
-4.670125 -16.468025 -13.949865
