-18.254414 -18.228249 -0.099636
-4.273532 -13.498812 -0.136082
-2.652469 -4.996781 5.432187
-0.818225 -5.291954 7.055937
3.518862 -3.925913 4.748344
-0.380206 -5.565700 4.008391
-0.255635 -6.188749 7.166623
-2.514863 -4.482547 9.315279
-1.299894 -4.344236 9.033382
-0.997555 -3.195215 4.284760
-3.886005 -3.066221 3.540293
-2.183984 -3.588405 2.208906
-2.983464 -3.130921 4.454952
-6.015609 -2.563948 3.288829
-4.670000 -4.158099 2.124665
-6.470256 -3.480332 0.994465
-6.023279 -2.218264 5.974217
-6.250022 -3.549592 2.175808
-6.726031 -2.451547 6.664178
-4.671344 -3.802393 4.928087
-5.076402 -4.676611 3.123077
-5.869573 -3.083559 4.374621
-1.758928 -4.065208 2.837146
-3.353986 -4.131157 2.699522
-3.499892 -7.340871 2.477804
-2.843457 -5.015552 1.304130
-5.425134 -6.175653 -4.520639
-10.315463 -6.608454 -5.344241
-7.518286 -6.628786 -1.570000
-2.920421 -8.595764 -6.428555
-2.379601 -9.504592 -6.037921
-6.632921 -9.207145 -6.903006
-3.992207 -7.974751 -3.523235
-3.294161 -10.090126 -2.384423
-4.517557 -6.623013 -3.378719
-3.962551 -6.695632 -2.412639
-6.221231 -7.593938 0.100139
-3.394767 -4.858582 -0.325426
-4.764025 -3.399513 2.444867
-3.832752 -3.202919 1.705120
-2.681802 -3.847453 1.911294
-0.654607 -4.107828 0.417941
-0.577989 -3.630981 -4.904855
-0.694155 -3.358706 -5.256512
3.882627 -5.715109 -8.423382
-2.802835 -7.002642 -8.262527
0.144470 -2.966128 -5.852973
-0.965683 -3.302168 -4.806908
0.507020 -2.422114 -4.104316
2.187496 -2.622701 -1.501154
1.786661 -3.346006 -0.166795
1.937029 -3.762316 1.390698
2.528065 -4.104300 4.606312
1.772274 -4.119143 4.312511
0.566923 -7.617970 4.326156
-2.312978 -15.816998 5.163807
-0.491036 -14.482574 4.635779
5.414157 -14.353157 6.895222
5.968860 -14.275107 -1.877928
12.935604 -15.966342 0.294419
