-17.432076 6.279350 11.284347
-9.524731 6.771429 5.919966
-5.670506 2.264683 5.086268
-6.280631 2.035341 5.278236
-6.332366 0.945112 2.404471
-7.550838 1.393192 3.936540
-6.198616 0.322649 2.747961
-7.794234 -0.335795 1.148275
-8.618700 -0.128822 1.525909
-8.930964 -0.639292 2.453514
-7.650157 -0.822955 2.418514
-7.353777 1.921549 2.855826
-7.245450 5.444617 2.686365
-8.657030 4.701026 3.605215
-6.186208 4.628246 3.378428
-3.688265 5.740223 2.036985
-5.113460 2.973073 1.166194
-5.993728 1.537516 -1.814511
-5.457771 3.265355 1.221148
-5.046584 2.574799 0.868661
-5.134195 5.159365 0.092281
-4.051645 0.499170 0.539303
-5.609294 2.432696 0.707199
-5.195352 3.770851 1.516392
-6.432337 4.122771 4.452806
-2.223134 3.206339 3.660029
-1.080831 3.106489 4.557669
1.967619 2.587256 3.238884
2.486889 2.896181 4.678926
6.475044 1.986015 6.773149
5.087587 -1.249721 6.971425
6.520430 -3.464420 5.916487
3.253772 -3.627150 5.932705
3.199693 -3.298644 3.165059
-0.100049 -3.971348 5.033437
-0.393752 -3.746927 4.092580
3.849035 -3.245193 6.345213
7.154754 -15.686003 10.527683
