-11.473164 -9.390626 12.892839
-5.555656 -9.745955 10.073392
-4.465927 -10.528142 6.339499
-4.825256 -9.788543 15.366589
-1.815088 -6.851440 9.145420
-1.790805 -6.719505 8.897973
-2.401949 -3.386312 5.854617
-3.008861 -3.324936 6.406881
-4.133155 -3.482421 2.028601
-2.353576 -4.872355 4.562955
-2.291549 -3.453516 3.853465
-1.819228 -3.229958 6.128181
-1.454329 -3.393682 7.912406
-2.627256 -4.554493 6.283121
-2.854407 -5.169170 8.353309
-4.860295 -4.729571 5.011987
-0.563488 -5.741315 11.945105
1.101940 -4.016441 10.125249
-6.567448 -2.434562 6.260744
-6.146209 1.979677 6.455677
-6.088157 1.942701 7.463643
-3.926008 3.260085 6.303462
-2.058846 2.531637 7.840521
0.503264 4.629814 8.915492
1.511906 -0.769142 13.458586
-1.999567 0.241613 11.100139
-2.075964 0.300990 11.373108
2.725513 -4.185583 11.554008
-3.974548 2.847495 7.620911
-3.413155 2.777464 6.823837
-5.424999 5.107901 9.751600
-6.245504 4.644312 10.946189
-3.633607 3.903127 17.270721
-1.042646 2.370316 13.637183
-3.169497 3.078702 4.251897
-5.834912 2.506581 3.637220
-6.585767 2.663369 6.040270
-7.209135 7.496955 6.324012
-7.335443 4.199346 9.026439
-5.984506 5.476700 16.171776
-0.952444 -5.463741 5.846240
-1.722013 -3.554141 3.676832
-1.219399 -3.721626 9.039557
-3.005978 -2.648600 12.033816
-2.574504 -0.085858 13.128642
-6.194835 -0.200126 4.861731
-5.991128 0.129003 5.912739
-8.300875 -1.657967 3.527438
-7.765597 -3.899650 5.839656
-6.272104 0.686646 5.439705
-7.775783 -0.013217 4.572331
-7.776942 4.722902 2.375003
-7.231608 5.249198 6.174150
-5.972586 3.483001 7.532037
-2.375989 2.474705 5.667647
-4.238171 3.970159 7.149087
-4.313024 4.127595 9.168845
0.030917 2.464688 10.020333
-2.601197 2.645284 12.978630
-2.042426 -0.308702 12.346461
-1.595105 -1.350491 11.135362
-3.473677 -1.867257 12.895808
-2.822352 0.158206 12.459546
-3.168504 3.566690 10.982493
-3.184268 4.687196 8.461676
-3.724462 3.188039 6.070148
-1.290554 -4.255873 6.897697
1.000988 -4.108548 6.257992
0.664793 -6.028959 8.350745
3.477153 -4.848690 4.043046
2.746131 -6.176527 5.186977
-1.256242 -3.077624 5.161036
-1.152476 -3.702034 5.713702
-4.524626 -3.237241 5.255956
-1.266086 -4.014054 3.986931
-3.345512 -3.587322 3.213004
-2.702143 -3.046289 4.165669
-1.961932 -3.840204 6.448504
-6.277880 -2.677668 2.973308
-9.680810 -4.184144 3.325593
-6.367401 -1.265889 1.922237
-3.874460 -1.308746 -0.476657
-2.369751 -2.816208 -0.756669
-4.287817 -5.526488 3.082216
-10.301384 -6.267997 3.686765
-5.441615 -5.404061 3.009861
-4.111340 -1.706348 -0.941191
-3.939228 -1.870837 -0.951201
-7.477221 -4.067204 3.822728
-6.031314 -2.417611 5.425460
-5.885322 -2.094589 4.013537
-7.060753 -1.326867 4.991895
-4.601551 2.547271 4.375937
-5.641167 2.117245 6.838656
-8.912277 -1.031499 3.100490
-5.880783 -1.816472 1.754397
-4.251387 3.300117 3.994842
-5.789190 2.915457 2.625625
-6.842844 0.695303 6.044796
-7.830714 -4.121768 4.329246
-4.557511 -5.929655 3.520741
-4.574573 -3.488355 2.014877
-0.133239 -3.004833 5.116010
-2.070823 -3.082717 6.293036
-2.373123 -3.941998 9.258362
-2.116838 -5.332943 6.964540
-3.539749 3.767706 9.256458
-3.915747 4.920560 6.487847
-3.750820 4.348372 7.918449
-4.567967 2.629539 6.811678
-6.110044 -0.129206 5.132267
-7.378503 -1.200454 6.466064
-6.243705 -3.685368 5.751793
-6.893213 -3.946728 0.174942
-9.945412 -9.166476 8.549098
-9.860979 -8.288724 4.067346
-6.093422 -0.144299 4.481050
-6.222332 -3.083522 4.325554
-6.576246 -4.915357 3.325898
-4.449328 -5.371165 3.265337
-5.622850 -5.016743 3.012389
-5.028399 -6.962035 2.404996
-2.909032 -5.044632 2.211816
-4.924196 -7.013652 4.955428
-3.833312 -8.022426 3.276414
-3.187603 -3.042117 0.671337
-5.640094 -2.945117 1.146268
-5.826337 -3.216127 1.721537
-5.511971 -2.753491 -0.588207
-5.305414 -2.225993 -0.188595
-6.194191 -2.653460 1.510282
-3.129618 -4.243401 1.496848
-2.695413 -3.070310 1.650081
-2.808236 -5.191477 2.205889
-6.615824 -4.317924 3.545941
-7.610985 -6.917794 4.186318
-4.261329 -5.368254 2.360445
-3.878726 -6.541188 2.735226
-3.629202 -3.314054 0.473496
-1.635721 -3.790850 3.471478
-2.201664 -5.662378 6.555773
-2.424246 -3.959604 3.923906
-4.131056 -3.902642 5.970948
-3.628660 -2.927147 4.126551
-7.086769 -7.299758 2.822968
-6.081757 -7.553386 4.799797
-5.799166 1.492644 2.743350
-6.527975 1.557244 3.520380
-5.655980 3.368344 2.879867
-3.882678 2.901384 0.698562
-2.077561 4.778144 -2.552741
-0.424792 10.530045 -6.510396
