-8.673446 -11.168427 6.413085
-3.818882 -8.727457 3.068876
-0.265116 -8.101880 5.983660
3.247557 -8.014042 5.274237
4.262894 -4.344040 6.909899
-1.313086 -3.931072 4.970233
3.284917 -3.608395 2.627572
6.003735 -3.104074 2.652496
3.133916 -3.315834 0.571548
5.114703 -3.404029 1.953648
6.390211 -2.947297 1.180503
11.650585 -7.312314 1.132360
5.878547 -2.695308 -1.223239
4.238570 -3.473902 -2.478759
6.273589 -3.503024 -2.046742
4.896292 -3.463328 0.688238
2.108470 -3.722893 -0.120944
3.808703 -3.742185 -3.097696
3.413277 -2.927700 1.385983
5.578892 -4.008034 4.470160
5.314005 -4.994227 4.416453
4.512102 -4.573772 5.875475
5.897260 -4.825058 6.287877
4.123519 -3.054670 2.015279
3.260353 -3.116228 3.606750
3.257473 -4.007757 3.606777
3.315467 -3.235449 0.442494
7.331112 -2.705927 -1.444974
8.193111 -2.822069 -2.857914
5.100752 -4.001964 1.823511
2.941492 -3.259448 -0.019328
0.590897 -3.589678 1.131636
2.546843 -3.391536 4.090797
-0.081281 -6.885127 4.876840
1.941013 -7.615472 5.206910
1.355156 -3.643235 6.010757
2.385224 -3.643121 3.199283
2.869219 -4.582895 7.573014
4.608346 -0.905795 4.785304
6.656943 0.319167 0.230380
5.110656 0.329820 2.359384
2.888200 -3.703621 0.590099
2.326660 -2.451483 0.465671
2.540434 -3.577543 -1.506119
3.165803 -1.942014 -0.624616
4.788158 -2.137604 4.125743
9.819255 -4.822106 2.961207
4.047231 -5.240325 4.099812
5.047371 -3.416482 4.303181
5.711728 -5.154782 5.974491
3.642062 -6.261924 6.183275
2.899358 -5.111118 5.563226
3.400432 -3.349613 1.361047
4.474401 -3.837849 0.098566
5.287449 -3.051343 0.441010
10.119510 -8.707330 2.628236
10.269586 -11.046661 2.071450
8.289474 -7.991882 -2.390150
8.245052 -7.622886 3.196138
3.089402 -3.868692 3.174953
0.860397 -3.477566 3.292987
3.192633 -3.092852 5.753194
2.582589 -4.862271 4.003644
1.760374 -2.979172 4.362138
0.285412 -4.165231 3.402692
2.392575 -3.972922 5.684386
9.289425 -4.548629 6.258785
0.952086 -3.823857 2.456342
4.059364 -3.199510 4.164470
3.278169 -5.572014 6.053325
3.135721 -5.175665 4.902585
4.135701 -8.610512 4.413591
1.606916 -5.595437 4.849675
6.410667 -11.023902 5.385885
7.816621 -7.158504 3.702590
8.046809 -4.565022 4.504541
7.609690 -4.697917 1.191102
8.333642 -2.592997 3.571712
3.414452 -3.626036 0.650359
4.722744 -3.586797 -1.639319
1.559251 -3.954238 -5.352768
1.683274 -3.791095 -4.317811
3.300278 -2.610557 -5.391667
5.967243 -5.535388 -8.254760
4.300730 -11.702508 -8.572258
2.777571 -8.290483 -7.934607
-0.872827 -5.485015 -7.305495
2.496794 -4.977419 -6.731374
3.885138 -3.148945 -5.869505
0.481403 -1.963537 -3.389235
-0.647481 -1.713073 -4.443365
-2.471401 -2.178040 -2.844151
-1.964300 -3.695369 -4.346628
-0.066808 -3.495292 -3.127780
1.240250 -3.571928 -3.885648
2.336111 -3.462688 -2.775953
4.771169 -2.820343 -3.560777
2.799777 -3.196540 -6.738469
8.005116 -9.637175 -10.492687
9.089551 -5.231602 -5.718313
10.812656 -7.293410 -6.910223
8.456933 -8.279536 -1.647359
10.706757 -17.106142 -4.987584
2.498570 -7.272182 -8.747114
1.672406 -3.838559 -4.915040
-0.048724 -18.662550 -7.075209
0.807421 -19.000793 -12.426298
-3.427723 -6.785256 -2.675793
-1.159581 -4.732027 -7.096402
-4.725068 -5.495487 -7.932065
-1.061013 -3.686720 -5.357665
-0.165114 -4.133177 -3.705289
1.575774 -9.282866 -6.797289
3.355263 -7.581831 -9.377759
0.732637 -7.571656 -10.052897
7.072554 -9.335573 -11.087132
-0.441425 -5.149381 -8.080940
1.105455 -5.741176 -8.813155
-3.695772 -7.393187 -8.854477
-2.814029 -6.734152 -1.699228
0.289869 -4.155818 -2.519230
-0.915463 -4.155952 -0.449953
3.435446 -3.169795 -8.779997
1.865387 -2.516607 -8.201448
-1.396301 -3.372608 -4.942647
-1.785717 -3.630193 -3.381035
0.666010 -4.038011 -4.346137
-0.892731 -3.179025 -4.493761
5.398812 -1.680557 -3.496462
4.780287 -2.448997 -4.204669
2.770978 -3.614609 -3.360737
1.337607 -2.312262 -1.773315
2.912001 -3.847424 -2.711404
-1.724941 -3.431176 -3.962994
-1.881290 -2.927196 -4.873453
-1.461150 -4.146796 -4.077965
-4.494540 -2.906277 -3.906384
-2.806877 -5.157703 -1.454909
-3.683468 -6.352399 -2.905740
-4.781121 -8.791087 -3.316265
-3.116866 -7.959243 -1.537633
-2.988313 -8.864053 -4.231011
-0.289513 -3.021920 -2.862484
-1.569103 -5.973200 -6.116337
-2.119961 -2.893287 -5.575436
-2.133563 -2.789992 -4.019019
-2.685879 -4.434410 -4.270087
-3.754308 -5.322711 -4.088478
0.649912 -14.342916 -3.656583
1.787773 -9.343661 -8.684918
2.438545 -9.789876 -7.045229
6.270433 -13.138808 -6.549139
6.801622 -15.701174 -12.447013
8.283049 -13.927573 -3.738869
7.996799 -13.456594 -4.661471
8.485571 -12.156926 -7.385048
5.772422 -10.794411 -7.226158
1.821188 -10.650139 -7.720833
0.049831 -14.272375 -6.901487
2.522329 -9.254589 -7.725720
10.379882 -9.703398 -9.138297
3.361125 -8.283940 -7.937085
6.239306 -4.558665 -6.348903
7.610039 -5.119375 -7.918815
3.095519 -4.025170 -6.669373
2.584950 -3.488324 -4.130797
3.228171 -3.434479 -3.715371
2.566992 -3.136383 -2.092569
4.127635 -3.578464 -0.661412
5.012704 -3.806945 -1.978919
4.108703 -2.998107 1.164569
5.885937 -3.877034 1.286451
3.930711 -4.068176 1.043180
5.237449 -2.868400 4.864493
9.625104 -4.901477 4.656878
7.654639 -4.979376 1.664611
8.287435 -8.237216 4.618829
6.107080 -7.183822 5.128121
4.782756 -4.768168 6.668008
3.780457 -3.785779 3.567251
3.605454 -4.681734 5.713703
4.324804 -4.757707 4.161038
4.447285 -13.605304 6.127592
-0.266340 -17.215527 3.262912
4.123840 -14.490973 2.385289
17.444267 -19.513340 -2.004367
