-15.257370 -12.853514 -15.387238
-11.212240 -8.495343 -9.938872
-2.307001 -3.289142 -5.864888
3.059315 3.150331 -3.050643
2.162729 2.388260 -5.842502
2.751601 1.393523 -2.841796
2.431383 -0.654342 -2.494768
3.786001 -1.183954 -1.627653
4.199099 -0.216309 -2.064658
4.453094 -0.572373 -0.292115
5.033410 -2.260977 4.468206
4.057388 -3.203302 5.153761
2.042832 -3.880934 4.480861
-0.006424 -3.144196 5.107180
2.844262 -3.531226 9.058528
3.840865 -3.859209 6.648944
0.790794 -3.350602 9.684434
0.766880 -2.764968 11.469873
2.328798 -0.982122 12.527678
2.351492 -0.322248 13.733892
1.327728 0.300052 11.463625
2.349941 -8.401258 14.432166
1.935026 -3.166163 9.972367
2.757581 -3.301422 9.336012
2.676894 -3.135527 4.693622
1.620170 -4.206473 4.569831
5.881680 -3.061395 9.240034
1.469706 -3.476969 6.296528
0.059594 -4.021453 8.199107
3.464872 -4.015862 7.382738
5.618040 -2.295225 6.840771
5.481157 -0.543648 5.317787
4.804825 1.079406 5.587050
6.520999 1.003180 7.922759
4.890661 -4.031047 5.244352
5.584572 -4.396452 5.417020
6.964198 -2.375246 8.903701
7.241871 -2.039132 5.813759
1.177173 -4.463491 7.856705
1.187940 -3.181091 6.324906
-1.202368 -0.700554 11.644442
2.758210 0.312714 15.067779
0.663264 5.065013 9.873490
1.840388 2.227537 6.189402
1.035313 2.341576 8.125690
-0.245601 2.772442 3.151916
2.729369 2.693908 6.372629
1.091297 4.352103 7.564240
0.676455 4.809716 8.917482
-0.242435 2.530799 6.368105
1.738774 3.839442 3.190144
3.618740 2.504928 2.552634
2.956037 3.275104 3.712492
9.148036 10.864607 0.649428
18.347294 18.530725 4.092658
