-13.991426 -15.816914 1.579975
-3.255916 -12.511172 3.392429
-3.604314 -6.073894 -1.308833
-3.951612 -7.632065 0.525037
-3.964474 -3.243465 1.577739
-0.983705 -3.134299 -0.526565
-1.802861 -3.209034 0.029537
1.533340 -3.192452 -1.001639
2.733500 -3.144625 -0.993594
3.553335 -3.886520 -3.679901
2.923798 -3.908374 -2.459903
2.756329 -3.339345 -4.582374
1.290549 -2.877351 -4.019530
5.727666 -3.457558 -6.581803
4.985923 -3.622695 -3.606006
1.860118 -2.922874 -1.543561
3.179263 -3.272227 -7.317273
2.585679 -2.911683 -6.052195
4.981155 -5.399814 -7.559581
2.364404 -5.556155 -6.474484
8.763402 -6.298720 -11.660737
6.431706 -9.004823 -6.792696
3.720505 -10.320866 -9.251709
1.687971 -4.692258 -6.091411
0.857371 -4.822602 -8.102415
-0.025233 -1.361104 -5.487999
1.720707 -3.996605 -4.450962
1.432018 -1.610891 -3.769111
-0.516026 -2.960725 -3.342240
0.982584 -3.674739 -4.005038
2.868344 -3.874633 -2.908791
-0.585948 -1.917872 -3.778644
2.648234 -3.999137 -3.512022
1.889520 -3.970244 -4.695356
-0.726572 -3.867688 -2.078928
1.763705 -3.084194 -5.497585
6.828349 -7.221900 -7.555451
4.030370 -5.650654 -6.254288
2.901539 -9.195786 -6.199734
1.087059 -5.511545 -6.146054
6.431510 -6.044948 -9.195146
4.021638 -3.406443 -4.766693
6.099810 -2.581410 -3.126749
2.117341 -3.336970 -3.392504
4.146496 -3.028031 0.604952
2.737100 -3.450083 -1.727751
0.876692 -3.890588 -2.390650
3.390178 -3.823529 -3.712358
1.857057 -4.013197 -3.191708
3.069860 -2.879998 -1.846479
3.966340 -6.947862 -7.632755
4.460315 -8.772984 -6.969816
2.295032 -3.253086 -6.248781
3.246691 -4.061963 -5.281645
4.564164 -3.123478 -5.138959
-2.763983 -2.355978 -3.173052
-1.545961 -3.957097 -1.003071
4.799999 -8.208211 -7.515872
3.706549 -10.106027 -7.528643
1.207273 -7.262931 -8.160652
2.088526 -9.299807 -7.775306
4.749341 -4.036632 -6.726639
4.857456 -9.481657 -9.269706
8.308410 -9.908268 -6.336028
9.317779 -13.418984 -4.547493
7.619588 -12.338469 -4.001931
3.520286 -8.228659 -7.122264
7.452298 -7.303811 -9.491303
3.873870 -4.110564 -3.599422
1.290217 -2.527352 -4.325529
6.977031 -8.433765 -6.605160
5.455543 -6.251291 -7.244528
4.299031 -8.047873 -8.292394
3.007618 -5.517800 -8.335953
-1.815635 -4.699509 -7.451747
-3.573790 -5.895521 -7.170218
2.066868 -9.201233 -7.645135
1.760293 -5.824438 -6.974040
4.787509 -9.433420 -8.421009
1.563207 -9.936053 -7.338713
4.997251 -5.320632 -6.372253
10.343318 -7.851197 -9.337712
7.685572 -1.182689 -8.395391
4.249782 -3.528843 -4.504163
4.333559 -3.721495 -5.187138
1.716421 -3.987802 -4.923990
-1.173536 -3.165099 -3.126164
-0.332221 -4.156112 -3.589200
-2.236301 -2.529227 -3.087894
-1.151683 -3.340005 -3.400217
1.203087 -3.900736 -5.478638
-0.402198 -3.790112 -3.900939
-0.759788 -5.429350 -7.239606
-2.662470 -6.951558 -8.198414
-5.534275 -7.870869 -2.850357
-2.704327 -6.363644 -4.733257
-2.683042 -6.828493 -5.455465
0.918782 -9.190324 -8.903419
0.040678 -1.842658 -5.631414
0.946228 -3.746812 -3.168220
0.371540 -3.683210 -4.097711
1.084371 -3.641540 -3.780825
-0.259906 -4.171730 -2.470953
1.241555 -3.580031 -1.957372
3.907076 -3.233900 -6.434279
2.999888 -2.025973 -7.856815
3.438744 -4.081866 -7.576581
3.482502 -6.891131 -7.533506
1.825480 -6.232567 -8.352939
3.181558 -7.816761 -6.315712
4.258410 -5.794420 -7.416722
2.744873 -11.582179 -7.870764
2.841562 -12.807092 -6.054533
-1.249459 -8.848026 -6.571869
5.783995 -11.307194 -8.553856
-4.328296 -4.541739 -5.469292
-3.923285 -6.898911 -4.782871
-0.444316 -14.794838 -4.986764
-2.086311 -14.868216 -3.209253
3.558320 -14.056387 -11.451650
10.505293 -18.473608 -7.691815
5.660123 -6.931316 -6.082598
4.767638 -9.134156 -7.051325
7.473300 -7.604889 -7.153759
3.974319 -1.760318 -5.699346
3.521486 -3.079510 -4.523459
1.795579 -3.109087 -2.280161
1.184260 -3.400161 -3.602554
-2.295809 -2.150198 -3.174596
-4.010804 -3.007809 -4.118306
-3.025446 -7.615949 -3.024932
-3.449839 -4.785300 -5.691462
-4.554737 -5.278615 -5.237973
-1.713512 -5.840297 -6.827552
-1.868503 -2.164137 -5.874184
1.129360 -3.026275 -3.843958
-0.286041 -4.129982 -5.047271
1.038148 -4.021845 -2.824660
6.702089 -3.258676 -0.613538
4.910008 -3.932134 0.738568
-0.819458 -3.358304 -0.850057
-0.557206 -2.609210 -1.010071
-1.133069 -3.051434 -0.032265
-2.622586 -3.912170 0.358536
-2.937562 -4.361328 2.402412
-2.728123 -5.118922 0.982316
-4.411614 -6.978918 -3.238687
-3.262091 -4.816921 -1.148031
-0.659809 -2.986216 3.117863
-4.677061 -4.541498 1.551066
-5.267049 -3.122609 -1.211628
-5.770268 -1.143499 -0.000708
-3.324995 -1.559116 -0.006523
-3.177593 -2.702599 -0.046435
-4.547990 -3.784709 1.240649
-3.920489 -4.002992 4.549210
-1.456896 -6.638493 5.522821
0.164404 -4.113379 6.353937
3.260134 -2.895276 4.336013
0.964425 -3.054150 2.479669
2.104245 -3.809507 2.819174
6.709918 -2.483066 1.084235
5.910114 -2.999860 0.245868
3.951386 -6.967884 4.935034
5.687811 -9.920878 6.286701
4.349232 -5.592616 5.574295
5.491861 -2.950192 1.955365
4.627385 -1.316228 0.393830
1.388727 -3.647424 1.635628
0.345192 -3.439342 6.473484
1.161156 -6.436890 4.682337
1.097429 -6.066551 5.617798
-0.465877 -9.063294 5.073186
2.487536 -7.273598 4.339137
-1.737098 -5.554791 4.169099
-3.551215 -3.204081 4.769488
-3.044480 -3.006077 2.810620
-2.741452 -4.403707 0.891307
-2.656246 -3.997687 -0.828480
-0.701394 -4.023211 0.903493
1.279559 -3.965250 1.336352
2.439275 -3.550560 0.785255
2.255079 -7.404465 6.012607
4.331147 -3.002432 2.404960
6.300315 -4.388294 5.721985
1.198905 -4.163985 0.672249
3.851309 -3.182738 0.404844
0.818480 -3.363826 0.290513
-2.771704 -9.735940 3.411063
-3.226337 -6.013139 0.132682
-3.471396 -7.051246 -0.362462
-2.854613 -5.170706 2.035079
-6.820790 -4.672543 0.477571
-2.292439 -3.397420 -0.392097
-0.584179 -2.514446 -1.316440
-1.168392 -3.936178 0.871139
1.917235 -3.529386 4.750865
1.994933 -5.368661 5.282376
1.016587 -7.282692 5.522772
1.015000 -7.007385 4.206333
1.542115 -3.050006 3.921650
0.307289 -3.403296 2.187690
-0.691099 -4.122513 1.756914
0.461097 -2.070034 -1.253991
0.523951 -3.378326 0.110133
1.612052 -2.775029 -3.885181
1.854938 -3.348379 -5.412139
1.663124 -3.194091 -4.557326
3.551389 -2.721789 -2.607203
8.354884 -1.727895 1.079113
7.559756 -1.076344 -2.650055
7.817291 -6.363180 -3.276461
9.212403 -6.103346 -0.034304
7.579144 -9.733055 1.248170
10.441098 -16.011808 -5.249798
9.448964 -13.547563 -3.498127
8.283384 -8.922113 -6.311185
5.672889 -12.096658 -7.139890
3.552034 -5.994018 -6.191175
7.200045 -12.982762 -8.395224
3.064156 -8.034403 -7.761752
1.574804 -1.213791 -8.557100
-0.522069 -3.373351 -4.584885
2.628155 -3.414100 -0.111661
2.719998 -3.768078 -1.361408
1.114329 -3.177496 -3.589210
-1.968791 -3.400507 -6.649511
2.721968 -4.609139 -6.286831
3.251281 -1.318703 -3.425423
1.996240 -2.405559 -3.994483
1.651261 -1.222101 -3.591237
2.028786 -3.378409 -4.055049
0.988209 -3.395926 -3.177245
3.347958 -1.725967 -3.311287
5.615282 -5.502506 -9.587953
6.563489 -11.166385 -12.431855
1.479736 -7.773561 -7.088015
5.804775 -7.021168 -7.696123
5.946969 -10.164176 -7.160139
9.776159 -5.075096 -5.497537
8.698639 -5.001816 -0.891113
7.457178 -2.282843 -1.213397
6.088528 -3.637715 0.115042
4.179167 -3.153510 1.676309
5.544950 -2.017792 -0.752954
4.855751 -3.639254 -1.929797
2.876298 -3.976872 -2.636163
5.030674 -3.725140 -0.910849
5.696081 -3.777378 -2.767788
9.263603 -6.333919 -5.133554
17.048067 -8.053763 -15.398105
11.590953 -11.127810 -5.384162
7.844553 -11.223941 -3.062099
9.178042 -7.969812 -6.032699
3.429201 -7.696970 -6.133021
3.299686 -6.756208 -8.382258
3.603611 -1.468876 -4.989971
1.987320 -2.605705 -6.767878
1.618077 -6.050438 -7.190901
6.270281 -6.680458 -6.205757
4.612692 -4.520575 -6.755623
5.236176 -7.424687 -6.295112
1.166953 -14.565858 -6.584351
3.530214 -15.192125 0.055834
9.343407 -15.715605 -0.215414
14.470313 -25.589607 3.127283
3.796415 -13.528739 4.351081
2.868450 -10.250001 6.234325
4.480954 -7.873734 5.056131
4.188197 -3.633379 4.376974
2.696433 -3.196381 -0.892621
4.043676 -3.318043 -0.514893
2.962260 -3.398969 -2.850651
9.844304 -4.796539 -4.058369
8.671309 -7.661218 -7.508625
6.144300 -6.449953 -7.485777
7.771915 -7.824045 -5.904495
8.326212 -9.676250 -2.635016
8.089014 -5.930666 0.616533
7.700992 -11.572621 0.435496
9.390551 -10.714017 -5.840271
8.385281 -10.925856 -5.636478
6.792070 -9.001535 -7.910592
17.126217 -13.999218 -12.976912
15.067258 -10.765171 -6.644507
9.347376 -11.895923 -4.131475
7.783959 -15.429890 -3.322384
9.361573 -12.615014 -1.006082
12.076639 -15.180770 -7.332461
6.096660 -14.295849 -4.097499
2.438466 -16.319742 0.053464
0.288844 -9.683069 4.164003
-1.648405 -8.200605 5.169527
2.672271 -8.812372 4.370229
-1.010466 -7.431900 4.662841
-1.325950 -4.973883 7.471177
0.502027 -3.035649 2.291697
1.315301 -6.440231 4.193671
3.807674 -5.997803 5.719061
3.477610 -4.027752 1.882256
0.838519 -4.612948 7.206797
2.518575 -6.749407 7.182938
4.811807 -8.041119 5.509483
5.021112 -14.429254 0.700551
7.632252 -9.569026 -4.980504
8.566665 -9.488614 -4.728784
3.299614 -5.330071 -6.299455
-0.719180 -7.728596 4.077678
2.394400 -10.661010 4.556075
0.232259 -8.482973 5.175199
-1.740945 -4.104957 1.681934
-0.707876 -4.049650 0.678674
-0.339519 -3.154560 -0.476746
-1.243962 -3.888850 1.291990
-4.195958 -3.751714 1.873651
-4.534049 -6.844176 2.341027
1.563606 -5.517487 4.065435
0.216670 -3.547788 4.789200
3.115550 -3.320456 2.409652
1.661264 -4.084673 0.349810
4.231374 -4.171828 1.453973
-0.867275 -3.552354 -2.404918
1.344948 -4.056269 -1.572577
2.106149 -3.188265 -1.974691
4.548293 -3.654982 -1.936996
2.999055 -4.003419 -3.672981
1.250815 -3.708643 -4.796543
2.735541 -10.482349 -8.676418
4.735480 -14.920933 -4.335900
-1.126299 -17.031988 -7.911200
-6.084007 -12.389560 -0.574187
-3.397512 -6.183389 -2.698341
-2.734474 -7.348449 -4.271535
2.251837 -4.158195 0.839284
1.292325 -3.931545 0.512302
8.572267 -11.308120 -3.296432
9.689268 -6.144594 -1.862455
5.640539 -4.158411 3.082912
5.919785 -3.682337 -0.351154
3.641524 -16.268345 -8.008965
9.813185 -18.085165 -7.788051
5.829921 -17.988094 -4.022900
3.527151 -15.087358 -0.412312
1.089439 -8.847576 5.114917
0.603901 -11.750264 4.981729
1.447694 -18.109055 6.692114
0.146571 -11.825665 4.803946
3.181420 -2.313485 -0.640950
5.267201 -4.086369 0.278526
8.804108 -3.125971 -0.107156
10.570154 -4.283314 0.417049
4.780676 -3.779223 -6.270245
2.738290 -8.227224 -9.372921
3.852749 -3.617099 -8.240953
0.800786 -3.960636 -1.174699
2.558178 -3.992269 1.957491
2.255589 -4.130385 2.291785
1.646370 -3.784848 3.469732
3.723836 -3.598746 3.511636
7.264428 -5.468016 6.529042
7.438235 -9.020083 2.573050
3.573417 -4.925794 5.138103
2.056392 -5.155205 4.009341
3.687074 -8.114886 4.108393
6.144207 -7.452338 4.048211
2.809489 -4.965307 5.277632
1.512895 -6.905499 7.481715
4.742320 -4.718450 8.905972
2.669607 -4.298170 7.800475
5.158274 -3.951044 6.812160
3.154967 -3.401477 2.291650
-0.180802 -3.228781 2.200737
-2.334010 -3.236466 1.241739
-3.791325 -6.788849 0.645431
-3.345409 -9.364421 2.394260
-5.523527 -8.482174 4.256465
-4.393639 -3.445105 2.265298
-5.368269 -3.702751 2.312653
-3.984965 -3.686066 5.085252
-1.120292 3.115533 7.399185
-1.687988 4.045643 8.048074
-5.871511 -1.172385 7.147322
-6.014627 -0.188655 7.025456
-6.998801 -1.080347 4.629992
-8.612473 -0.697339 3.827665
-8.424247 -1.765063 4.709760
-7.790801 0.231719 2.646357
-4.849375 3.066675 3.913024
-3.325918 2.589403 2.851804
-6.623113 2.099081 2.741499
-6.896596 -0.875723 0.615859
-8.760754 -0.641453 2.031260
-4.848867 0.151563 -0.165933
-1.931739 -3.534686 -0.040914
-1.436325 -2.529119 -0.801673
-1.854407 -4.144226 1.661180
1.712567 -3.706870 -2.988468
1.178258 -3.787394 -2.270976
1.036557 -4.088818 0.041529
-2.337310 -3.125428 0.660468
-3.292616 -3.426275 0.548224
-2.816373 -4.691136 0.008667
-3.867220 -5.602829 0.535017
-3.935006 -9.623313 1.574661
-3.497820 -6.054526 -0.937400
-3.685193 -6.764910 1.454304
-5.609625 -4.880334 1.445961
-1.966350 -3.984810 1.587889
-0.913069 -3.875634 0.463149
-0.622475 -3.908897 -1.937612
1.871868 -4.119241 -0.949607
1.336258 -2.389804 -3.110802
0.891152 -3.107620 -4.909575
3.450818 -3.870281 -7.662781
1.376408 -5.784194 -6.073565
0.433939 -2.518716 -7.334901
1.633886 -2.625949 -5.534589
-1.703004 -3.888298 -5.018789
-0.960298 -4.112679 -0.384105
2.951531 -3.053924 2.056567
5.315051 -3.403430 8.126927
4.648653 -8.576193 6.161150
2.877723 -5.112690 8.789448
5.190406 -7.537624 8.127429
4.715302 -7.425403 7.454256
-0.646654 -5.552294 5.650010
2.041616 -5.081676 4.059146
2.312605 -6.502273 8.293349
-0.512297 -5.533579 4.091675
2.010843 -7.405595 4.179732
3.549822 -5.075991 4.594356
10.136378 -14.922014 -2.456527
11.336114 -13.844350 -1.589566
8.136811 -11.018974 -5.355744
9.781082 -9.109073 -2.250494
11.696754 -8.326830 -5.761614
8.531774 -4.984043 -4.086527
3.354347 -4.165165 -2.066972
-0.604143 -2.908937 -4.657702
-4.170559 -3.584019 -6.145915
-3.197076 -3.425271 -4.403610
0.605420 -14.757474 1.312386
8.896009 -10.503759 5.191762
7.058644 -12.670368 4.092829
8.260310 -8.476393 -0.605326
1.611552 -3.471946 -0.385310
0.967887 -3.417689 -0.719206
5.046170 -2.727483 0.146070
7.376863 -10.204079 -5.868741
7.069986 -11.749601 -6.957011
8.685427 -7.367455 -1.591464
3.169044 -2.638485 -4.756080
5.817554 -3.949888 -0.639117
3.755058 -2.932196 -2.530255
7.757865 -3.357609 -3.269016
6.552844 -4.146163 -2.682055
4.389021 -2.941851 -0.671741
2.668264 -4.055329 0.219271
2.643997 -2.534904 0.440964
3.538845 -4.157632 0.382572
4.617729 -4.142167 -2.514841
6.534629 -3.267037 -5.347029
5.151605 0.602995 -5.416708
4.050167 -4.930888 3.990112
2.104223 -5.222085 4.878479
1.698052 -6.838488 4.943135
1.942007 -3.190166 4.827751
0.831657 -5.216862 5.322577
-1.278529 -7.530258 5.231226
-3.359416 -8.036376 3.784596
-2.883151 -5.993755 3.558376
-2.670717 -3.982620 2.518901
-4.392000 -10.135382 -0.034882
-5.163326 -9.617615 -1.461111
-10.612223 -12.644676 4.315609
-0.726307 -14.806535 -0.368284
-5.942217 -13.826657 -1.265128
-4.441813 -9.114815 -1.570592
-2.705291 -7.912277 3.420298
-5.120794 -4.023524 0.201727
-3.888263 -3.412632 3.276075
-6.127073 -3.913996 3.886021
-0.934424 -5.293018 4.313549
-1.106598 -3.628795 2.773655
-1.426925 -3.240366 2.888296
-0.527291 -3.437571 2.079097
0.983297 -3.432707 2.706686
0.981926 -3.197301 4.281485
1.529041 -6.452497 5.188251
7.967613 -7.625110 3.861343
5.224479 -3.404351 6.340975
2.971549 -4.675605 8.131111
6.136197 -6.203241 7.354356
3.052960 -4.117812 -1.918514
-0.657738 -3.922923 -2.900787
-0.346142 -3.817405 0.562033
0.794482 -2.734960 -1.360382
2.865742 -3.883701 -3.873049
3.741361 -4.051158 -5.963096
4.047185 -3.869382 -7.066447
0.092576 -9.080606 -8.984350
5.071941 -5.525061 -7.383400
11.874631 -6.913680 -6.884858
4.340456 -5.317445 -7.326520
4.597855 -3.355538 -5.570148
4.214256 -3.909532 -3.844214
2.155809 -2.768224 -4.803159
1.449834 -3.940102 -3.501445
1.889068 -3.124722 -3.706360
5.193549 -3.097513 -4.622757
1.989480 -3.101514 0.139170
3.493841 -3.531003 2.515742
0.835075 -3.827829 3.625820
1.468121 -3.241811 5.980917
3.641527 -3.161928 3.304447
1.029993 -3.037514 2.929558
3.200311 -3.997217 7.485547
2.031551 -3.939089 4.781461
3.782044 -5.570177 4.917553
1.749378 -5.541094 4.649816
-2.861095 -5.425510 4.704342
-0.705024 -4.275580 4.834900
-0.119789 -3.514547 2.386510
1.975309 -2.927056 1.293429
3.046435 -1.660984 0.225863
3.054522 -0.386941 -0.761544
3.868196 -0.354822 -3.617615
3.744061 -4.140161 -3.885377
1.851760 -3.711740 -2.986633
1.661494 -3.487838 -4.859308
2.636193 -5.254060 -9.176810
4.160487 -8.251682 -6.971954
9.589802 -10.403979 -9.095551
10.160851 -9.947122 -4.890574
7.593116 -8.407618 -5.291369
7.416690 -7.006489 -4.227571
5.699363 -1.600360 -5.162816
6.674448 -3.917493 -2.624893
4.859458 -3.547020 -0.833658
1.728961 -4.095566 -2.590305
3.098208 -1.969557 -3.170496
0.827701 -5.036908 -6.088953
3.168721 -7.530741 -8.109201
5.265830 -17.578186 -9.916720
4.456455 -13.079748 -12.707806
2.135630 -12.309926 -8.323901
-0.462598 -7.029684 -6.424832
4.023328 -3.913114 -4.192022
1.277914 -3.466948 -4.768616
-3.850948 -5.038446 -3.012833
-3.072633 -3.663504 -1.896204
-3.663898 -4.104911 -6.477927
-1.304924 -7.191206 -6.580790
-1.652940 -7.120355 -6.399666
-0.765673 -5.612789 -6.124352
-0.004968 -6.031540 -7.672915
2.289133 -4.397090 -8.401909
1.842695 -3.186402 -3.476910
-0.378082 -3.467557 -4.261481
-3.443890 -5.534728 -5.594316
-3.152775 -5.813190 -4.907934
-0.861058 -6.578454 -6.195917
-3.520085 -5.990742 -7.683806
-1.255208 -5.808712 -6.289489
0.376372 -3.712069 -5.886006
-3.255193 -7.516722 -5.691751
-3.132407 -6.762723 -3.980578
-2.105576 -6.350059 -7.348053
-3.724478 -12.569864 -8.204595
-1.157956 -17.681648 -4.926223
-4.174787 -12.604701 -8.060361
-3.029398 -7.744569 -3.932508
5.964686 -15.427172 -7.309452
10.015559 -13.932606 -7.047485
5.629072 -14.621211 0.319521
6.435263 -14.347345 -8.088154
7.521453 -11.892836 -8.302899
5.851074 -4.981649 -8.471152
3.261663 -3.772339 -5.869684
1.977647 -3.196954 0.192985
3.365424 -2.968131 1.437205
2.498687 -3.159671 0.395173
3.136615 -3.342673 2.128911
2.766955 -2.820007 0.452460
2.996698 -3.700579 -1.495226
3.943609 -2.826614 -1.080243
6.010515 -3.262271 -1.523921
7.415763 -6.772178 -0.938555
8.338865 -6.176221 -6.422355
12.541788 -6.769395 -1.674701
10.912722 -10.683632 -0.151708
10.182133 -12.472501 -6.029433
7.573356 -9.325886 -1.223003
7.636560 -6.043181 -6.557717
3.261535 -8.185987 -7.705571
2.698633 -8.865022 -7.454203
2.380607 -9.861883 -8.033149
0.774551 -3.917420 -4.278347
1.658314 -3.346177 -3.905034
5.345294 -4.161663 -1.060752
4.572719 -3.854962 -2.854526
3.069570 -2.694087 -4.611373
1.550716 -2.285384 -6.057659
4.481917 -4.413821 -8.586751
5.621352 -3.965076 -4.899699
4.423113 -3.810894 -4.046662
3.329751 -3.305835 -1.938315
6.215841 -2.648365 -3.318318
13.803959 -7.273109 -10.228735
3.194027 -7.662742 -6.361708
4.895822 -7.983727 -9.447802
2.203021 -9.227844 -8.181815
-1.804948 -7.180211 -7.549486
-2.888505 -2.695273 -6.283417
-4.212991 -3.729552 -3.019158
-2.892604 -7.662494 -5.367105
-3.004929 -7.209954 -8.065712
2.499078 -8.200671 -6.080287
3.998336 -3.934569 -6.650063
1.845985 -3.927383 -3.746953
3.927547 -3.128534 -6.670152
2.707009 -3.417711 -2.245957
-0.498683 -3.613888 -5.232006
-0.988420 -3.308157 -4.470443
-0.984814 -3.283957 -4.840001
-3.789611 -5.162220 -7.326465
-7.870178 -4.977716 -8.775388
1.263954 -6.637185 -6.443523
1.269472 -8.716364 -8.008977
-2.022420 -3.219968 -7.278495
-1.591615 -3.363506 -4.337820
-0.027574 -2.725386 -3.224845
0.936220 -2.700131 -5.916396
1.535993 -3.653194 -3.925588
1.739231 -3.520607 -3.502893
1.942292 -2.482076 -3.478656
4.223280 -3.015407 -3.417192
1.655575 -3.396079 -1.071698
2.489186 -3.725030 -1.790766
3.832233 -4.025611 -2.048965
1.695000 -3.077420 -2.745449
2.790315 -0.921600 -4.193282
1.539537 -1.455733 -4.256439
-1.595961 -3.665660 -4.998524
2.010493 -2.826392 -4.376866
4.839465 -4.495662 -6.740122
3.734688 -9.691796 -9.876975
7.634215 -6.277339 -4.063703
8.937974 -4.924349 -1.088099
7.485226 -5.080360 0.304074
9.386107 -6.903674 -3.287603
8.094915 -7.320030 -3.478571
7.886486 -9.264900 -2.449233
10.008885 -5.869919 -9.787527
2.413637 -13.313128 -11.133562
2.617047 -9.458156 -8.085505
3.322016 -10.845906 -7.403689
2.818706 -6.170967 -7.654030
0.677596 -2.665967 -5.329616
-1.118462 -3.795284 -5.462613
-2.161802 -2.790165 -6.042140
-3.042229 -4.634321 -5.315587
-1.549821 -2.483070 -9.087673
0.379292 -1.314994 -6.151649
0.535918 -1.547997 -4.780989
-0.112199 -2.360842 -4.416037
-0.779567 -4.849517 -7.615600
-0.526838 -6.076834 -7.178432
-1.730800 -7.987407 -10.857806
1.157408 -6.970638 -7.270935
0.173328 -4.022556 -9.837375
2.265536 -4.146897 -3.252500
0.518568 -3.990786 -1.520342
2.042086 -4.134798 2.349073
2.617393 -3.826322 2.236693
0.822598 -3.725744 3.014061
2.049026 -4.080860 4.008228
3.915088 -3.840574 5.009610
4.421799 -3.884321 4.991025
4.562955 -2.167084 1.975365
4.787688 -4.088207 1.269781
2.461071 -3.013643 1.940448
3.994635 -4.421960 5.391515
3.229721 -5.291291 4.872271
3.378983 -4.469889 4.341187
5.673141 -8.367535 5.169608
4.404408 -3.230039 4.816469
4.020723 -3.994817 3.672716
2.087251 -4.109466 2.813302
1.161675 -3.917850 6.532905
2.758627 -4.882454 4.241230
4.347206 -5.423793 4.666585
4.997849 -5.870958 4.946269
6.882638 -6.343577 4.305990
1.907154 -7.179796 4.375779
0.632337 -7.903397 4.462724
3.103331 -7.208466 4.106444
4.413256 -4.074434 3.320642
3.470208 -4.177518 3.405619
4.950405 -3.249017 1.427873
5.438165 -4.114199 0.930620
5.990365 -4.154674 1.295416
4.738586 -3.238985 1.378370
5.053888 0.551952 1.001541
5.131882 -3.053790 -0.533035
3.153270 -3.275759 -0.278992
3.361586 -2.955377 -7.302376
2.483550 -2.645388 -5.878562
2.253268 -2.784610 -2.255752
1.921846 -3.915955 -4.361199
3.277658 -3.109192 -1.550354
3.794533 -3.048785 -1.071879
4.043291 -3.817459 -0.904531
4.009782 -3.379091 -2.290140
7.598859 -9.299292 -1.807267
14.225657 -8.056469 -11.997796
11.553600 -7.102109 -5.342388
7.175009 -6.445038 4.534378
9.555412 -6.945571 3.769600
8.053898 -6.109650 2.951261
5.821379 -9.043202 5.903768
8.680352 -11.999190 7.642950
6.157282 -7.817199 5.512540
5.760264 -5.333344 6.253686
5.269395 -5.401987 5.127775
10.228587 -5.953633 6.714761
10.961444 -4.956674 10.722616
5.926483 -2.651136 2.687337
3.909583 -3.239295 1.855699
3.185316 -2.993000 3.072722
1.991835 -3.487657 1.875525
5.200717 -1.709989 3.103358
6.287341 -3.874249 1.533185
8.226480 -3.070274 -0.676579
5.635906 -3.623393 -2.550203
6.151867 -2.008400 -2.746480
9.053114 -3.033823 0.688763
10.340588 -7.558346 0.264295
7.518711 -6.496104 3.423287
8.986121 -3.481845 3.969503
5.500317 -2.879273 0.051014
13.655114 -4.571771 3.164360
8.000090 -6.588114 3.717355
9.728855 -8.619918 6.871729
4.521265 -5.507874 4.230621
4.441216 -6.903123 4.695585
5.956194 -4.951827 5.507566
2.607715 -3.579083 5.351474
2.635274 -4.168315 1.859381
3.492631 -4.148235 -0.482299
1.342564 -3.786296 -2.955110
-0.937082 -2.953033 -0.599043
1.381206 -3.671566 -1.501118
-0.404116 -3.876880 -3.749825
1.269452 -3.311046 -6.314688
1.619291 -5.439601 -6.441944
-0.560453 -5.568217 -7.245494
1.311392 -10.435306 -9.908035
0.960972 -16.850180 -12.053828
2.975399 -14.299066 -0.753677
2.959927 -16.491508 -2.865814
1.963159 -18.894190 -4.047096
