14.007408 0.145621 19.606781
8.035400 -3.775436 7.836983
3.362595 -8.478396 4.097738
0.435109 -5.463214 4.711661
-1.343736 -5.060895 6.394439
-1.388306 -3.155871 2.508500
0.804824 -3.802309 -3.049956
1.673396 -1.726534 -1.933481
2.051704 -2.258877 -2.229846
2.454242 -1.517504 -2.413014
1.245336 -3.865723 -3.150127
-0.636159 -3.192753 -5.031374
-1.200432 -3.816269 -8.215877
-0.045787 -3.509802 0.978993
-1.033287 -4.133418 1.863541
-1.916312 -3.811705 1.237379
-3.780861 -3.640412 2.079516
-0.087888 -3.492611 0.912009
-2.479388 -3.275939 2.909880
-2.948134 -5.266428 0.354159
-5.353901 -5.219414 -0.970739
-2.914788 -3.888573 -0.085608
-1.853414 -4.152534 1.196045
-1.034409 -3.964621 -0.993890
-3.129197 -2.926974 -0.810178
-2.968164 -4.451594 -0.187265
-2.903516 -4.371438 -0.465198
-3.152043 -8.826472 0.396928
-3.014718 -6.839057 0.352194
-3.339217 -7.336663 1.191754
-4.239122 -9.321220 -4.657475
-9.936726 -12.858257 -13.310098
-11.251869 -10.704505 -12.487746
