-17.432076 6.279350 11.284347
-13.121792 -0.587671 3.098966
-18.842718 -3.123174 9.072775
-10.375827 0.144298 4.980795
-10.754673 3.749419 6.119995
-10.999198 0.933745 7.147080
-5.794012 0.968511 3.586445
-6.438169 -3.278877 3.737403
-7.389690 -1.417440 3.894215
-5.850947 -1.926399 4.546197
-8.151958 0.301400 3.456298
-6.828184 -2.016059 0.808816
-6.260881 -3.271880 3.235701
-5.855901 -1.368248 5.768783
-6.812463 -2.864278 6.096091
-6.352523 -1.603288 4.715103
-5.793954 -0.624893 6.911361
-5.837933 -3.611424 4.213929
-4.963547 -5.082236 4.261366
1.857521 -4.553815 4.055993
1.904649 -4.360788 6.252368
-0.066040 -4.164188 1.306226
-0.187973 -3.959641 0.494507
2.855722 -4.038668 -1.788036
-0.186478 -2.653865 -2.835526
-1.964808 -2.174587 -2.677075
-2.903465 -4.791513 -2.094722
-2.736235 -5.702745 -2.233018
4.147599 -3.098604 2.858613
9.109229 -3.726281 3.411958
7.447402 -5.674320 4.324979
1.822273 -8.328843 4.361495
-1.338284 -5.180616 5.636152
-3.122515 -5.351065 2.809845
-5.800774 -3.835199 4.543530
-8.199089 -3.225085 3.508579
-7.470032 1.534032 6.350779
-9.510864 1.481259 4.473617
-5.949676 -3.634706 4.297460
-3.861279 -3.250771 6.709722
-4.321252 -5.305098 1.776030
-2.954684 -3.720434 1.889736
-2.986882 -3.282012 2.144441
-3.864789 -3.629679 4.782113
-2.711963 -5.226538 6.287807
-1.618183 -5.349391 7.704909
-0.383580 -6.008403 6.210263
0.043489 -5.281066 5.592823
-2.394664 -3.625600 3.226240
-2.475220 -5.645355 7.852874
0.116007 -5.070871 10.780281
2.252690 -4.211700 9.038056
-1.916082 -2.890301 4.677759
-2.532071 -5.703722 6.635867
-2.860778 -7.928696 7.532405
-1.571302 -5.741820 10.005468
-4.996898 -6.317391 10.361027
-5.873828 -8.512452 12.355150
7.154754 -15.686003 10.527683
