-7.396969 11.536475 16.591492
-6.375874 5.279524 12.939976
-4.133414 3.909768 6.222651
-3.335906 4.168494 5.926790
-4.122074 3.980065 6.152380
-5.156023 2.443695 5.019002
-3.511195 4.029512 3.806522
-0.222312 2.571730 9.935151
0.991470 2.648854 5.512061
4.950263 0.439454 5.843272
4.272730 -4.774286 8.660320
3.378002 -6.660468 7.071965
1.317433 -4.665815 5.837217
5.213046 -0.110259 4.999516
6.180001 -2.089275 7.555139
7.421221 0.545896 9.013566
6.014026 -0.549608 7.592034
0.174381 -4.123349 7.959334
-1.197372 -3.855424 5.692567
3.250244 -3.176134 9.112352
2.089465 -3.179685 5.934533
5.724042 -3.959052 5.501755
4.047823 -3.720299 5.004658
2.848670 -3.942607 6.890368
3.299190 -4.188082 6.866006
6.314346 -4.156203 5.115667
4.780922 -1.373035 4.115096
3.902970 -5.048309 4.067437
3.570095 -4.531446 4.321570
3.001812 -3.274269 5.446506
6.287180 -2.875067 2.613447
4.491913 -1.152912 3.423189
5.206813 -0.432648 6.970650
4.661657 -1.727839 10.302439
5.276652 -0.177197 4.537861
5.522171 0.191641 5.115564
7.495501 -1.246426 6.970668
5.713941 -3.182959 7.526326
1.490376 -4.114545 6.064377
2.422904 -2.941220 4.259691
2.496427 -3.094155 4.784725
3.643713 -3.699532 6.684999
3.914716 -3.209209 5.052165
1.254593 -3.601974 1.720454
2.573334 -3.143782 4.269929
-1.194052 -2.945438 9.063493
-0.889360 -4.016255 7.603578
0.633307 -4.404317 5.202086
-0.622926 -3.663487 6.884354
-2.770857 -3.774065 7.220841
-2.488816 -5.272250 7.048229
1.088452 -5.048621 5.968475
2.495996 -3.036325 6.382155
2.975011 -9.914415 9.811081
-1.366150 -8.505934 16.545088
