17.297932 -6.803971 -5.563004
8.543617 -8.231742 1.278951
8.108937 -11.242566 4.282325
3.561583 -11.921803 5.742133
0.862647 -5.515788 4.136561
0.298028 -6.031774 3.993003
4.550347 -3.698814 4.267559
3.559194 -2.932670 2.961342
-0.704596 -3.024848 -0.195420
0.202984 -4.009177 -2.181044
-1.624485 -4.037748 -0.722890
-2.068766 -2.443614 -1.741586
-3.376739 -5.873232 -2.274523
-4.087343 -8.339581 1.716561
-6.382736 -6.463097 1.947659
-3.576020 -7.281329 -2.257460
-5.280912 -6.448881 1.543771
-4.148412 -5.166281 0.266152
-5.744086 -5.293942 -1.925710
-3.563857 -5.151363 -0.573906
-3.345297 -5.322850 1.346079
-3.022961 -7.024023 -1.084519
-3.965715 -5.580665 -4.910610
-3.769621 -5.617132 -3.545011
-2.626386 -3.814488 -3.329583
-2.987098 -3.907613 -2.301919
2.990018 -3.349327 -2.468489
0.976708 -4.055074 -2.775139
-1.432148 -3.873013 -3.732205
-0.236617 -2.935476 -3.403742
0.717897 -4.131001 -5.726927
3.779656 -3.965417 -3.260163
8.187057 -4.144577 -6.148390
2.253498 -2.307544 -5.628521
-0.239715 -5.379396 -8.013287
1.555537 -6.534074 -6.270519
1.040583 -5.600479 -6.115745
4.428275 -2.055028 -7.851303
0.870986 -2.946549 -3.302485
0.433307 -2.805324 -3.853148
-0.399067 -1.590108 -5.053014
-0.930563 -3.836050 -4.210523
-0.063630 -3.673981 -3.978661
-0.677752 -3.333458 -4.666155
-1.045329 -3.825585 -4.145298
-1.279445 -3.732277 -1.629999
-1.417023 -3.724686 -3.005927
-2.018602 -3.727385 -0.553730
-3.100223 -8.015101 0.021237
-4.053637 -6.847312 0.528558
-2.924279 -4.718058 -5.660586
-3.318037 -2.090986 -4.683463
-1.900667 -2.126285 -4.920215
-3.412138 -5.024966 -5.085498
-2.391277 -4.836003 -7.125707
0.609553 -2.467064 -4.384503
-0.076631 -4.063293 -5.213577
-2.419640 -5.479249 -6.206269
-1.060913 -5.608764 -6.509032
1.954088 -6.135412 -6.565385
2.050680 -7.112288 -9.153610
0.900612 -4.464931 -7.125371
1.329545 -3.427986 -4.500262
3.285336 -4.056482 -2.555963
0.053367 -3.191427 -3.028585
0.376438 -1.496902 -6.468104
2.350845 -5.148552 -6.139576
2.472849 -6.551221 -6.100244
4.470978 -4.804878 -6.530601
2.167489 -4.309093 -8.213907
1.089584 -2.158343 -2.821815
1.750774 -3.150332 -3.832565
4.134626 -1.833362 -3.677749
6.045412 -1.198716 -3.521260
5.579638 -9.593313 -10.573802
0.194113 -7.371235 -6.176978
3.728572 -4.273550 -10.820939
0.219943 -4.152225 -4.610635
0.790618 -2.695129 -4.651543
-0.156334 -2.061337 -3.988307
-2.754709 -3.508070 -4.878963
-3.504444 -2.925994 -4.539663
-2.868521 -4.084980 -4.509544
0.130551 -4.020757 -2.100866
-0.690208 -2.869017 0.710077
-3.550939 -2.733892 -0.718667
-3.087674 -5.105514 1.643881
-4.227954 -4.969145 4.036234
-3.635002 -4.284488 1.040002
-4.065115 -4.734391 2.926278
-4.566540 -5.920122 3.362573
-2.682174 -4.806753 4.073200
-0.364666 -4.219340 5.084699
-0.687403 -3.644040 3.517547
-1.556406 -3.478907 2.345994
-1.820522 -3.237548 2.046964
-5.498587 -2.944015 4.754718
-1.944040 -7.043673 3.988752
-1.604092 -4.637814 8.080794
-2.622022 -7.710166 4.876470
-3.851117 -8.472356 3.418111
-5.282210 -7.069876 0.934154
-14.754327 -10.772869 11.135660
