18.840311 -15.029165 18.572859
15.813706 -10.415411 7.950949
9.135335 -7.090510 2.338374
8.024557 -6.133577 -0.849817
8.176904 -5.263592 -0.206599
8.680039 -6.076362 0.913003
9.456447 -6.638206 -1.373194
7.711185 -1.987904 -3.936203
2.373661 -2.868961 -1.704730
2.612725 -2.599415 -3.737387
0.834933 -2.299705 -2.618388
0.622956 -1.620496 -3.827933
-1.261826 -3.243037 -1.996308
-1.053345 -3.610116 -3.096381
0.526428 -3.332458 -1.703630
2.311293 -3.952259 -5.388075
3.844723 -2.856351 0.393611
2.958897 -3.512611 -0.029593
6.737964 -3.891359 1.661374
10.397507 -4.112400 -1.708962
10.487412 -8.126746 0.855756
10.510936 -8.453176 0.920237
11.752747 -7.018083 4.291378
7.754597 -7.892693 2.714015
11.760022 -0.849146 -3.515580
4.254775 -1.128047 -6.047548
3.276703 -2.952825 -3.764716
2.553978 -3.777332 -2.598270
4.222872 -3.525767 -2.187169
2.427985 -2.552346 -2.885393
4.980788 -3.768199 -3.928142
5.862566 -3.709688 -1.743730
7.000162 -3.713695 -3.466258
1.549816 -3.406403 -6.570636
3.869094 -6.142514 -7.853380
4.879280 -6.941977 -6.095526
5.552999 -6.953510 -6.942778
6.118909 -6.112351 -8.993195
2.090801 -4.079035 -4.918053
2.142974 -3.937359 -2.550998
5.310826 -2.876933 -3.613576
3.699130 -1.790770 -3.921676
7.838964 -2.604966 -2.010836
9.164680 -8.776375 -2.044611
11.503246 -10.061614 -6.340787
7.012167 -10.622739 -8.751822
5.014338 -9.060900 -8.454023
0.925833 -5.574386 -6.936454
0.432686 -5.701522 -7.653935
4.095163 -10.542693 -8.152808
-0.428614 -8.327974 -8.074382
0.827010 -3.783036 -7.136411
0.899266 -3.680916 -4.130169
-0.298014 -3.217847 -5.019702
2.281643 -3.872876 -4.342966
3.083718 -3.841537 -4.675552
4.551095 -3.762359 -4.196168
4.200206 -3.175277 -4.718360
4.590168 -3.693738 -3.811584
3.492533 -3.362734 -4.994140
3.098476 -3.759914 -2.888376
2.761008 -4.046097 -1.623197
9.642879 -2.953879 -1.976170
8.329492 -7.022438 -3.616955
14.350166 -4.343838 -5.947315
9.980448 -5.284145 -4.119771
7.576613 -1.722818 -5.645217
5.453240 -3.653621 -4.574906
5.804163 -3.300319 -2.792741
7.329653 -3.103705 -7.854845
3.888893 -9.323984 -6.468242
7.312427 -7.238072 -6.621454
9.908220 -7.130665 -6.219194
6.317646 -7.126293 -9.478805
5.787211 -2.608497 -4.916463
6.045078 -2.948458 -2.075283
6.227942 -4.071699 2.083920
1.978705 -3.459847 0.319733
3.919602 -2.777412 -6.452757
5.698215 -8.038333 -7.454705
0.959747 -16.458166 -16.503174
-0.963280 -14.513072 -14.470816
-5.025845 -16.067736 -18.619820
