-9.168691 -11.782681 -10.565437
-4.514383 -6.492838 -8.976568
-1.768451 -2.823295 -4.933352
-2.163988 -3.644109 -5.081662
-0.373258 -1.321366 -3.254410
1.508199 1.139980 -1.119723
4.226312 -0.594301 -3.993484
3.037780 1.768504 -3.342779
1.206642 3.075379 -3.250146
2.313249 4.498931 -3.457643
3.719346 6.888522 -5.126982
6.410097 7.569280 -0.643597
0.915215 8.529769 -0.881962
4.311055 9.204028 -2.408456
3.510456 6.966534 -2.985503
-0.388427 5.440887 -3.617618
-0.622539 3.545118 -2.608404
-0.597694 2.477646 -2.434524
-0.147254 2.119365 -4.392643
-0.562469 2.318993 -3.784535
1.212892 1.661503 -4.644772
3.593867 1.451296 -4.662131
6.624165 -0.711655 -7.130159
16.569796 -1.030377 -9.566115
21.284430 -2.410070 -8.693378
14.666096 5.213072 -1.627137
9.696047 5.305325 0.548984
9.928493 3.625340 0.103322
10.446715 1.944225 -1.132959
12.931347 3.363805 -4.817042
9.555017 -0.905485 -4.656631
4.096351 1.252727 -1.011242
11.421946 7.464916 -4.446802
8.854567 9.936491 0.865260
6.073776 3.372617 2.902096
8.844550 2.770806 6.243422
5.538139 3.230820 3.553602
6.844812 7.835002 3.016231
4.063293 3.345791 2.191666
6.731391 3.182564 4.463573
6.730889 4.549584 3.215225
4.963225 3.884928 4.935827
6.553679 3.563341 4.026239
5.246984 4.160810 2.650928
2.899285 5.281811 2.859147
7.466466 11.107032 5.790823
3.514815 8.231077 11.380600
9.815425 6.344432 6.586153
15.692531 11.134547 12.289185
13.329249 16.885719 15.618443
17.391586 19.613722 18.728827
