19.629051 -8.169003 -5.338754
7.258786 -5.025637 -1.252143
4.131605 -6.379374 -2.350367
3.149137 -14.915380 -3.756442
-0.664107 -11.928615 -7.280762
-1.838310 -11.659531 2.686872
-2.800746 -8.506948 1.057010
-7.399539 -11.096419 4.852425
-9.181151 -8.077629 5.590450
4.356764 -6.877129 5.261039
2.462695 -6.241527 5.215012
-1.455435 -6.027549 7.683508
-0.135943 -4.143737 8.307956
-3.554760 -3.405956 2.542959
-4.926654 -4.299897 7.807867
-8.385057 -2.585537 9.924236
-6.587766 -3.848626 5.304350
-5.213075 -3.925908 8.000232
-3.867187 -3.874140 9.901320
-3.904730 -2.901329 9.092293
-3.289242 -3.089898 6.871583
-3.212623 -6.130865 13.443490
-0.810010 -2.782068 10.782784
-3.542020 -7.810149 9.865540
-0.368340 -5.931017 6.929996
1.294132 -3.617647 6.176998
2.099852 -3.177860 5.573425
0.462082 -4.004719 4.916505
0.965746 -4.020400 5.701894
2.161039 -3.576549 6.091710
2.590263 -4.796512 4.919558
0.767481 -4.340561 5.293732
-1.024546 -6.073371 9.504719
-3.049862 -3.320276 3.241624
-2.032424 -3.386725 1.057547
-2.792073 -5.750056 2.481128
-3.489723 -5.520239 2.526199
-2.106192 -4.835890 2.620324
-2.183970 -6.078153 6.272551
-1.046286 -4.906849 6.116339
-0.197216 -5.056148 6.108900
-0.444615 -4.082447 7.128789
-1.083005 -7.493705 5.292495
-3.858562 -5.982920 7.060160
-2.443686 -3.648421 2.226946
-5.514292 -4.975794 5.236897
-3.431298 -3.296311 3.863299
-4.733964 -3.623211 3.996084
-0.735381 -5.383767 5.764159
7.400297 -8.254565 5.820266
3.604564 -5.634943 6.234705
-1.440220 -3.539212 7.726253
-1.502461 -3.110565 9.658595
-3.884533 -6.038834 7.376240
-4.872937 -6.907918 9.406122
-7.358097 -5.016545 11.668564
-5.923685 -1.382193 5.187821
-5.809872 -2.094847 6.345086
-6.409239 -1.477318 0.826497
-6.056122 -0.220520 1.358239
-7.956148 -0.063055 4.864667
-6.602605 0.405123 3.440396
-7.260724 -2.141620 -0.009081
-3.586705 -0.763614 0.046708
-5.307856 -1.478727 0.220385
-4.461214 0.365296 0.335013
-3.965940 0.200350 0.380244
-3.902702 -0.725599 -1.065630
-5.935790 -1.461990 -0.149658
-7.170393 0.296381 2.724148
-8.172965 2.598078 3.044114
-6.531404 3.052027 2.404556
-6.432655 1.454594 3.868599
-6.937986 0.135030 3.304569
-7.106711 1.939505 4.059503
-2.565578 2.291527 3.568211
-6.916370 2.861047 6.707447
-4.625411 3.696177 3.522100
-3.810574 3.299888 2.043967
-7.060628 5.077216 2.381510
-3.670699 2.459127 3.572022
-4.019151 3.979558 2.904318
-3.664196 0.910532 0.347873
-5.493159 1.911097 -0.156065
-4.215463 2.226488 1.098664
-5.646636 3.776608 6.259118
-7.625975 2.260346 4.935349
-2.875849 2.954784 3.900662
-2.620673 2.972501 4.864200
-4.748269 2.782425 9.062166
-5.028087 2.177040 7.370997
-4.384831 2.240897 4.585663
-5.142657 2.946341 5.349888
-7.086385 0.167198 8.403342
-5.718273 3.897272 4.135338
-6.690072 -0.250160 4.101076
-5.188905 -4.355976 2.755558
-6.072574 -4.715723 3.918572
-4.638600 -2.944885 7.279974
-8.953298 -5.618522 7.466345
-9.160202 -5.856203 11.148932
-6.420786 -1.604596 5.332426
-7.377892 -1.490241 4.518713
-6.097990 -0.955148 7.184554
-6.907383 -2.015719 5.943387
-4.389532 -4.083420 3.963922
-4.714820 -3.452790 7.333704
-1.987699 -3.660343 5.569242
-2.895435 -3.995485 4.680057
-1.695274 -3.324872 6.302816
-2.074002 -3.186961 8.316589
0.120901 -4.904068 12.724851
1.642401 -4.862490 9.874782
0.946051 -4.393790 6.455406
3.110398 -2.980425 6.831416
4.611727 -3.310091 6.735488
5.475345 -2.645215 8.525084
5.851876 0.437359 7.624019
5.827488 -7.264380 7.325028
5.406737 -5.391123 4.850785
4.214191 -4.771811 4.701700
2.654979 -4.184787 5.911150
1.977381 -5.398569 7.917473
1.153111 -2.928534 7.603755
1.266619 -3.033536 8.627784
-2.764929 -3.466563 5.292473
-3.982382 -4.283056 8.859745
-0.232267 -6.737675 7.762111
0.975575 -4.491148 7.549008
1.451466 -6.457532 8.961058
3.028859 -5.045774 6.417206
1.482766 -7.444012 5.465652
-0.635898 -4.451731 6.866357
-7.831731 -3.080722 7.568838
-6.676666 -4.007283 5.722793
-1.539342 -5.196662 7.230046
-4.824087 -3.826706 12.977815
2.398031 -1.774716 11.127039
-2.011260 -2.946511 10.497205
-1.498554 -4.622118 6.738094
-0.870334 -5.739069 6.638964
-0.984784 -5.342669 9.251319
-6.247302 -1.218289 6.664030
-1.980115 2.916035 6.999478
-2.627943 2.768556 5.732176
2.677871 -6.038828 11.790662
0.249404 -5.086708 8.987431
-3.187592 -5.619762 11.288710
-3.849610 -3.124224 9.144066
-3.000026 -2.943801 10.951462
-4.437963 -0.214342 12.586177
-4.934955 3.119584 10.895334
-3.221318 3.203778 8.562308
-3.349136 3.213922 13.126857
-0.853173 -0.041728 11.194077
0.015519 -0.331148 12.024039
1.562280 1.970334 12.522660
-0.989379 3.465077 8.990918
-1.673584 2.970863 5.550991
-0.279719 3.469047 5.122145
-2.739103 2.601403 9.365769
0.186965 1.827317 12.759294
0.997932 2.539749 8.736982
-0.646152 2.167039 7.593389
-2.009106 3.353715 6.626003
-1.936488 2.939338 5.660210
-1.919463 2.600044 7.686809
0.282483 2.475025 9.328113
-2.486802 -1.255617 11.974600
0.128087 -6.006063 9.643265
-0.122729 -3.743010 6.092397
2.630691 -4.249816 10.599714
3.259669 -6.896688 12.241266
2.942181 -4.952801 6.016510
1.888530 -4.429710 5.516571
3.702343 -5.844290 5.472364
2.405878 -4.432224 7.652523
6.306788 -6.721432 6.007415
7.088906 0.180248 4.346354
5.928647 -3.114337 6.274815
11.431566 -1.266155 4.467242
3.186440 -3.050022 5.663123
3.578409 -5.232121 6.234384
6.561699 -3.878045 -0.570888
7.097322 -3.102793 -1.316865
6.537236 -4.121377 -0.664947
5.188601 -3.894194 -1.551247
7.853046 -4.597684 -0.773002
2.738379 -4.513489 5.623123
2.859226 -3.922966 5.546223
3.020733 -6.697975 4.943001
2.185782 -4.970247 8.874481
-9.284266 -0.130266 9.951415
-2.132537 3.379221 7.093370
-3.679223 2.888748 8.483985
-2.599619 2.241742 5.716131
4.609918 -0.867174 10.299525
4.460200 -4.611869 12.369079
3.017723 -3.194689 7.808831
3.169006 -5.131849 7.949212
4.489604 -2.605599 5.206491
4.631299 -3.230038 7.123392
2.914482 -3.654220 5.364457
3.369758 -5.106849 8.645897
-0.048197 -3.045641 5.546686
0.943776 -2.961079 6.387162
1.899076 -4.213629 5.905420
1.428958 1.004877 12.084250
0.276703 -2.984253 5.467155
3.275859 -3.351825 5.893975
4.473117 -0.001248 5.195119
4.741669 -2.053928 8.551050
2.957925 -6.129372 8.266850
1.955475 -3.172742 6.175202
1.658043 -4.119477 6.513144
0.576719 -3.976108 7.774719
4.282026 -3.279235 5.272354
0.319715 -4.446245 6.880929
-2.938505 -4.683797 6.731058
0.075111 3.716597 3.805067
0.972768 3.747111 5.491671
3.190672 4.575531 12.967527
2.325453 2.308326 7.300733
2.668825 3.780914 9.685851
-1.549632 3.338089 7.100534
-1.763040 3.484373 5.607373
-2.599784 2.520319 6.507509
-3.184437 2.589643 9.211573
-3.557407 2.948528 6.756271
-3.197571 3.257493 3.955401
-6.920893 -2.633766 9.595881
-5.951593 -3.228890 11.555853
-2.416812 -4.867904 5.594123
-5.139656 -3.816131 9.535933
-5.362607 -3.363957 5.039378
-5.153419 -5.081444 7.299072
-6.492374 -2.449711 8.533545
-5.739620 -0.937279 5.968666
-5.766196 -2.074304 5.742772
-8.253689 -0.944442 7.926938
-5.172595 -4.075927 6.061490
-1.987767 -3.206141 7.150226
-0.285254 -3.916857 6.064354
2.012376 -3.867774 6.249610
4.328359 -6.070248 11.607567
-4.710921 -3.448580 6.573891
-3.788690 -3.199198 6.251961
-7.075015 -4.766182 7.343095
-6.446048 -2.219184 8.197440
-5.752118 -1.653487 5.028439
-11.760467 -2.078650 5.008311
-11.046732 0.210695 5.246405
-16.522121 -0.448956 6.830148
-15.539018 -0.025516 11.867740
-13.133163 1.869034 4.454074
-11.839067 -2.394240 4.261720
-7.857439 -0.008641 7.762425
-7.142805 -3.451658 6.586373
-5.731997 1.167728 9.708903
-7.511177 3.936858 14.522455
-7.839695 1.010702 8.286263
-6.274462 3.917105 11.525326
-6.884365 -1.582362 10.658694
-12.497105 1.287483 18.731489
-4.515475 -3.422273 3.753256
-2.802740 -2.912576 6.464921
-7.066497 -3.784777 11.792803
-11.711181 -7.586836 15.086068
-8.136479 -4.384212 8.585165
-6.690415 -3.936757 4.846682
-7.032889 -2.063801 7.827884
-19.516068 0.864120 0.729042
-8.780423 4.445053 6.255599
-11.662275 4.478393 3.681057
-13.153233 4.524688 5.035206
-11.130375 4.216967 6.056987
-8.957603 5.296703 5.060338
-7.601512 4.697464 7.610511
-10.104861 9.671358 8.546664
-15.256062 18.188379 7.234382
-25.312838 15.195045 12.449971
-27.303385 16.799931 13.399892
-23.276714 12.659376 11.611151
-18.994053 13.103717 13.128119
-19.966064 7.365306 13.763942
-5.754824 6.549399 7.734551
-4.505576 7.288513 6.586811
-5.155351 9.931491 17.345463
-2.859781 8.989023 16.803366
-6.679783 6.892550 10.161929
-7.152385 5.131658 8.153508
-13.356227 6.753313 7.023236
-10.860358 5.732782 19.856752
-16.046490 17.067583 14.576764
-19.458162 15.174683 18.267826
-17.156143 10.785180 13.320666
-17.978449 10.273280 14.744025
-8.338037 6.206023 4.656877
-8.669354 5.737522 4.085690
-14.176456 4.076017 6.327752
-9.936272 10.405485 5.811903
-9.871175 5.534190 7.830973
-20.342960 8.466931 4.651453
-24.397179 13.053948 8.932500
-9.571298 16.073555 13.603395
-11.515491 16.473328 18.669319
-23.369507 6.113063 19.042532
-17.246477 13.917027 19.049017
-17.299047 12.662748 14.892779
-17.678429 12.264027 11.915222
-10.532815 4.088595 3.211287
-12.350790 7.260581 0.985413
-12.625653 5.724225 7.673726
-7.433670 0.704314 3.964051
-9.760122 -1.698941 8.313191
-12.012646 -0.018437 7.289898
-16.614380 -3.038936 4.699419
-11.453351 -2.002397 11.082711
-15.567883 3.539720 5.994306
-25.285467 -0.089690 17.367123
-19.372641 -1.216579 15.232203
-17.256706 -1.859729 7.259248
-18.607084 -2.358135 3.483361
-15.416948 -2.144603 3.718199
-15.489098 0.919401 3.991909
-11.090622 7.400663 1.888466
-13.429011 6.306698 2.962093
-11.592030 0.453724 7.288844
-6.253268 1.765248 6.286188
-4.754651 3.468573 9.310754
-7.774129 5.344154 15.984519
-8.011763 -0.579937 17.321846
-11.861567 -0.534105 16.439947
-5.800516 -3.623658 5.683984
-6.446198 -0.028467 7.345173
-12.641614 -10.341299 17.086956
-15.011129 2.681155 19.630175
-16.858694 -10.698782 19.350962
-9.710809 -6.774287 22.844990
-8.427070 0.019691 16.359062
-11.338785 0.040724 13.253543
-8.234097 -2.239833 12.042037
-6.825484 0.902349 10.689043
-7.047452 1.683318 7.781143
-8.713808 1.035541 7.057387
-5.809743 2.443559 8.947165
-6.089167 3.321065 6.966418
-6.248952 1.151599 5.948469
-5.443448 3.180817 7.974848
-8.860190 2.051939 3.074749
-5.839668 3.511912 9.598866
-1.754416 3.745669 6.566727
-1.793653 2.444622 6.243447
-8.838815 3.984397 6.740664
-8.000598 3.510274 2.023277
-10.239814 4.301003 -0.230310
-19.308739 4.858058 4.732453
-21.742786 12.092219 8.239713
-15.014269 11.486954 15.345421
-18.990047 12.980220 11.660518
-19.056192 3.345865 16.020483
-18.341208 9.981153 17.224010
-18.317635 -0.481481 21.551493
-21.769142 -3.719962 18.056515
-16.329943 4.974155 19.295965
-4.452050 10.490364 16.685274
-4.268838 5.401552 7.340442
-18.493435 6.314771 9.678202
-15.557852 10.663603 13.060112
-17.579493 14.774476 10.778856
-5.486310 2.564097 11.661567
-9.251768 0.473727 4.073258
-16.888952 2.907916 6.543648
-9.267415 7.036762 2.581410
-8.323283 6.171670 8.246281
-8.304605 4.403033 8.182063
-8.616644 3.508562 7.172950
-7.495121 2.481044 10.182459
-7.603368 7.281318 11.574985
-8.593142 14.885480 10.793984
-6.215294 5.925678 11.019855
-2.049759 3.583236 6.026186
-1.947536 2.616015 11.441892
-13.382133 -2.406035 17.120817
-16.018599 -0.675576 17.043379
