11.940502 -16.396784 -1.460887
14.816183 -8.553429 -1.038431
5.878138 0.273870 -1.297540
2.910915 0.841742 -1.861700
2.225834 1.144020 -2.210038
3.154022 -0.168487 -3.273266
2.538136 3.186834 -3.623485
1.716022 4.477631 -4.176548
3.469348 3.483018 -3.084514
4.469276 -0.119693 -0.573687
6.126595 0.601116 -0.478424
2.856247 1.067559 -1.228570
2.512965 1.086280 -1.343004
3.448150 0.739259 -1.016820
4.802346 1.489767 -1.964050
4.896055 -0.065705 0.189522
5.319277 1.493518 2.535330
4.154989 4.690229 3.001474
2.767174 3.760520 2.831647
5.395041 4.102743 4.168587
0.881899 8.332965 0.724195
4.053310 8.015121 4.605018
2.072304 6.641813 0.777836
-0.558939 8.185928 -0.793816
-0.978282 4.931953 -1.813854
0.523514 2.928101 -5.481655
1.596861 2.605924 -3.401426
0.831240 4.137810 -6.001359
2.035508 5.416184 -4.514051
3.112789 4.383375 -5.698501
3.767666 1.187039 -3.287801
3.592299 1.209008 -2.705596
6.271581 0.453217 1.969797
8.793683 0.333242 3.276924
5.438423 0.798515 -1.045836
2.113470 1.468499 -0.573324
6.946659 -3.888617 -1.191915
5.228381 -2.838444 -3.615273
4.424555 -0.543375 -5.038023
2.216376 -3.558655 5.204197
1.088482 -3.126426 5.263529
2.865901 -5.450011 8.091424
3.066643 -5.381064 8.125510
2.131738 -3.559739 6.819112
1.156737 -3.407667 7.344769
3.203051 -5.606883 4.831674
1.980976 -5.265969 5.653901
1.605806 -4.853823 5.323381
6.911354 -4.876091 5.653006
7.695630 -5.137812 6.137132
8.328937 -8.928225 5.219447
4.216858 -4.328061 5.445397
3.088238 -2.910172 7.915722
3.075569 -3.499555 8.487803
5.041947 -2.912085 4.841477
7.485834 -5.012366 7.124710
5.372678 -2.215044 5.828996
4.730909 -0.547228 6.894405
3.052912 -3.417062 5.191864
3.684461 -4.774440 4.943640
7.760331 -3.051687 6.620703
6.338850 -1.989830 5.310458
5.122932 1.735662 3.246700
4.651021 1.096385 1.824639
7.088617 -0.585496 4.165580
5.523076 1.963623 2.009223
4.788428 2.899479 2.999688
5.844515 5.668711 4.392757
3.127755 7.102635 1.305397
-0.156654 6.868221 -0.448697
2.578206 9.625383 -1.114501
3.326195 16.110744 -1.927181
