16.593950 -4.236083 0.096276
16.821409 -1.305896 -1.784797
8.087092 -1.504287 -0.721073
8.596991 -2.882149 -3.477398
8.165946 -0.521292 -2.250565
6.326466 -0.573995 3.882756
4.622781 2.966292 8.290859
3.773883 3.282109 8.029705
-0.030181 2.865768 9.834064
0.405846 3.619701 5.662236
-1.223902 2.365352 5.002774
-5.125942 5.032583 4.386379
-6.576025 3.865958 7.016363
-6.737017 -5.426588 1.123624
-5.702583 -3.259262 4.612508
-3.999300 0.457246 12.295545
-2.780700 1.089726 10.844302
-5.069524 -3.525645 7.764708
-1.994080 -4.061641 8.288466
-4.749869 -3.622159 9.572940
-3.716910 -2.997082 4.806108
-2.752939 -3.192865 2.334746
-3.090741 -3.604235 3.023662
-3.836852 -2.964566 4.491907
-6.945719 -4.872334 4.320368
-4.243885 -3.682032 2.843922
-2.525465 -2.981608 3.579496
-2.725300 -5.351563 4.340113
-2.268138 -3.417793 7.484164
-2.030325 -4.921365 2.089223
-3.485787 -7.161846 5.033461
-3.677294 -7.340836 2.868041
-1.990381 -6.332701 2.702158
-2.441641 -4.643243 1.567611
-2.179616 -5.908537 3.374268
1.837149 -5.128418 4.945887
3.295735 -3.791254 4.953005
5.125231 -3.426777 4.717883
-1.014203 -6.077734 5.728130
-1.442917 -6.418332 6.617585
-0.511807 -3.258337 5.024002
-0.783939 -3.772826 6.335983
1.499437 -3.275615 6.609021
3.950428 -5.978283 7.249264
1.890441 -3.463741 6.556713
0.694810 -3.442689 5.891397
2.890097 -3.421977 6.275819
1.487154 -3.308280 5.383325
2.288670 -3.099315 5.913273
3.172018 -4.255935 8.383631
5.013845 -4.419378 8.420239
4.613095 -2.435306 6.349671
7.571529 -5.920420 6.575240
2.307546 -6.211451 10.096542
3.170068 -4.072447 10.235624
-0.199038 -3.372169 8.460773
3.630764 -3.185922 8.333098
3.619430 -6.366704 11.929290
5.099421 -2.033603 7.375267
4.313670 -0.628851 6.729912
9.862696 -3.305329 5.321625
8.752843 -3.823817 5.002550
4.120603 -4.155032 6.417597
1.104106 -5.394040 5.784953
0.566917 -5.805607 5.693779
3.770147 -3.911772 6.267066
1.494477 -6.857843 5.919524
5.100275 -2.646471 6.012442
4.527513 -0.654433 6.761773
10.144432 0.149942 2.197227
8.698958 -0.528568 2.920694
7.362357 0.759342 4.824664
6.287030 -0.881020 4.651138
4.881322 -2.118736 5.476518
5.273842 -1.024310 6.538697
5.457385 -4.947207 5.144532
4.063268 -6.010897 6.082462
4.461946 -6.928752 4.824368
6.841413 -6.551342 5.727423
12.557271 -6.081328 5.016973
11.697292 -7.229948 0.959724
12.395584 -5.343223 3.719050
12.136610 0.565195 3.465998
7.139860 -3.016797 6.977665
7.680499 -3.923202 4.708743
9.841563 -2.076933 5.229347
11.498611 1.188041 10.068174
10.257360 -1.405292 5.494456
9.246125 -3.789740 5.671062
1.425753 -4.765113 5.544456
3.869055 -5.375060 5.278494
8.114329 -6.343485 6.799067
10.754366 -9.592145 6.615607
3.954629 -5.428534 6.601440
3.953624 -5.609409 5.290657
8.681011 -7.447915 5.547216
8.757373 -11.306080 6.910061
9.629917 -14.665908 1.402001
9.010064 -8.736356 10.427716
6.378452 -8.442828 5.579637
4.560613 -6.695714 5.676962
5.268368 -9.088462 5.824013
6.087222 -9.459864 6.231443
6.041353 0.628409 3.864623
5.670596 -1.324369 5.061986
3.660529 -2.259459 -0.980883
6.071529 -6.714801 -1.743725
4.801058 -5.536569 -1.261995
3.294852 -7.501262 -1.340280
-3.114128 -3.556712 0.087224
-3.689964 -4.236158 2.259756
-2.108860 -4.680120 4.001703
-2.930274 -8.112307 1.778097
-4.925326 -16.067568 0.234011
-0.562724 -12.814402 -1.440012
-0.541943 -12.039877 -1.891750
-1.924101 -5.533253 1.170685
-2.089184 -4.665462 2.009138
0.533304 -5.354420 -5.458242
10.470537 -12.407488 0.134327
8.598948 -9.014173 -1.597486
7.811298 -6.562812 -1.760486
0.586556 -12.210011 1.095036
3.087547 -15.029211 7.135673
1.891393 -7.998272 6.504541
5.290923 -3.654413 -2.429295
4.498179 -3.552711 -0.855681
5.467601 -3.681404 -2.123507
3.838811 -3.486881 -3.961942
3.924834 -4.122805 -1.703317
2.039043 -11.414968 2.650531
4.242097 -7.781691 -1.210478
-1.994178 -7.122249 1.245261
-2.830623 -3.620834 -1.039583
-2.157282 -3.811349 0.425821
1.764639 -8.714705 6.567357
-1.467366 -11.881594 4.852845
-3.597078 -5.564100 3.234082
-1.946920 -7.950062 -0.795396
-2.952149 -5.876636 0.699149
1.903236 -6.692598 -7.001556
2.804190 -10.747618 -5.841894
2.626840 -11.923136 -4.550910
3.517308 -7.256501 -0.906458
7.003038 -5.015893 -1.770138
8.579727 -5.798415 -1.881232
4.574554 -5.485988 -3.760926
5.411436 -8.034031 -2.591918
4.149674 -5.222511 -0.891006
5.911810 -5.723482 -2.366252
7.256618 -5.112678 -3.311932
12.530711 -6.585722 0.066904
7.133141 -2.121567 -2.423640
7.213960 -5.758758 -0.734683
5.760228 -3.057384 -2.497494
6.043992 -3.290163 -0.607984
9.099393 -1.825871 6.745235
12.883129 0.469360 12.501369
7.447019 -6.468335 7.733665
8.239986 -6.393660 4.853303
2.194368 -4.719685 6.263395
6.931888 -6.721846 7.235756
6.493963 -4.888510 5.858780
4.625477 -0.693631 5.082007
6.359592 -3.491407 5.134347
5.864464 -4.466627 4.716879
7.494638 -1.961280 5.331056
2.246732 -4.175400 6.011710
4.901701 -3.611097 4.563875
5.546548 -2.420978 -0.649482
11.974793 -9.818597 -3.092798
17.521154 -9.649584 -4.145071
13.451447 -8.824880 -3.104512
7.006933 -7.178315 -2.460845
6.695853 -5.823634 -2.351562
10.584267 -9.343868 -3.867806
13.786275 -17.829296 3.444433
14.865994 -15.780006 -1.456681
12.946614 -9.743450 2.098680
10.688148 -8.321285 5.156129
4.244473 -5.434393 5.379123
3.631306 -5.196239 4.624983
6.079620 -9.086419 4.642222
3.925454 -5.347992 4.633513
3.535360 -3.434341 4.826454
4.540879 -4.099452 7.220483
8.862679 -4.016834 5.036038
12.783583 -5.932612 8.621800
11.291664 -7.927975 3.794395
17.410589 -5.629652 6.918106
9.058280 -9.193135 4.771097
8.558373 -8.677854 5.297258
8.445882 -4.935669 4.971062
4.271107 -6.847861 7.073307
5.239977 -2.137847 6.179011
10.400109 -0.916533 8.221349
8.371336 -0.434020 3.175745
7.743127 -0.624705 0.456706
5.706179 -7.020374 6.991884
8.351526 -7.207338 6.864695
5.197566 -7.637022 4.697809
6.050201 -3.755048 5.433777
4.220180 -3.335720 -0.796536
5.964662 -3.787100 -1.803793
8.445619 -3.690838 -2.031460
10.131222 -1.415136 -0.952571
14.468556 -4.905564 2.941016
14.990798 -6.985733 1.328549
10.049896 -6.320500 -2.544043
7.710795 -5.914323 4.898279
11.943261 -10.639306 6.782267
9.945520 -7.151534 6.487149
12.086246 -8.239677 4.556578
11.272729 -7.393030 1.683678
12.059668 -6.534151 4.798583
5.530796 -5.150373 5.134162
5.021699 -2.279925 5.719135
6.279633 -2.576633 5.059145
3.229517 -3.712298 5.225379
5.934968 -6.381639 6.646164
5.070354 -8.787537 4.843966
5.656672 -5.653780 6.010882
4.552169 -3.595374 6.051448
4.590963 -5.850920 11.692815
4.262738 -3.378805 7.286339
6.952849 -7.372048 4.909243
3.475825 -9.088182 -1.989058
4.104882 -11.979704 2.922529
5.063167 -11.670229 1.756828
4.720420 -3.439730 -2.911945
6.904295 -1.725958 -2.058713
9.199121 -1.277793 -2.056204
7.566094 -1.191926 -0.685692
6.306684 -4.188847 -1.540878
8.472939 -2.697806 -0.681555
13.190509 -5.872244 -1.361613
14.462548 -3.443702 0.043337
12.576793 -4.624627 1.652798
