15.313314 -9.460417 -1.945552
8.654762 -6.976411 -1.040804
8.334791 -11.821794 -0.902138
6.050313 -9.545598 -2.252909
4.104230 -8.322274 -1.015839
3.656486 -3.057990 -2.750535
3.174498 -4.088758 -0.698356
1.738232 -7.781364 5.458168
2.618306 -7.623822 6.473297
7.793856 -5.045028 6.609715
3.615671 -6.641873 4.964371
5.219967 -5.881851 6.568757
5.309921 -8.759112 5.497608
6.290012 -5.846107 5.302159
15.080719 -5.966379 5.966286
15.215944 -7.193848 5.780242
10.968377 -9.376493 7.133367
4.761995 -10.715306 5.862302
4.636315 -11.086199 3.762630
1.654231 -12.146845 6.687036
5.250264 -10.576647 5.868290
4.072772 -5.256554 4.541779
3.014059 -9.191551 8.589990
4.901370 -4.902150 5.915938
5.704212 -7.503561 8.531811
3.546306 -4.185179 4.881147
5.178354 -2.560481 6.119298
4.987683 -5.036879 8.154644
4.594070 -2.191626 5.875481
4.841120 -3.288947 6.425758
4.921298 -3.438677 5.337262
7.127921 -5.467639 5.533535
1.663092 -11.167986 2.059195
2.749720 -8.292274 5.623337
3.516652 -5.660397 -2.793399
4.500997 -5.246859 -4.200880
3.951924 -5.496076 -0.849817
-2.779097 -8.526011 0.919148
-3.675845 -6.325665 2.623415
4.259589 -8.417101 -4.201468
8.214754 -12.860250 -6.241919
4.790649 -5.599946 -1.473047
6.617865 -1.409994 -3.568709
10.979324 -1.087965 -1.182721
4.983051 -2.702175 -1.327168
9.575821 -4.229867 -2.060944
5.185736 -2.942904 -3.378573
5.522795 -7.138924 -2.166996
5.169972 -13.741643 -0.989429
9.053723 -15.263055 -0.061807
7.365831 -6.933781 -2.269859
-3.489081 -4.962387 1.434669
-4.488277 -5.436170 2.855369
-2.207840 -5.557689 1.545178
3.743300 -8.995852 5.496063
5.317757 -5.199377 5.251281
6.716261 -2.007021 6.129021
4.203013 -3.880547 4.683698
14.068700 -5.857244 6.619205
11.331820 -4.326957 2.161884
11.357181 -7.060258 1.390132
15.040903 -6.252127 2.195786
11.642628 -2.698718 1.951529
13.629364 -4.094956 4.308506
10.836827 -1.675092 6.650755
9.370537 1.059522 3.094689
10.751010 0.368821 0.618431
12.510467 -1.090996 -2.488647
7.361142 -2.800406 -1.766160
8.840766 -11.747464 2.892855
7.821895 -6.416904 -1.075676
6.630042 -3.791957 -1.566978
11.663747 -4.203118 1.400882
11.545009 -3.062030 -0.115109
5.722547 -3.551209 5.942427
6.189137 -5.767323 6.491361
9.376946 -0.715418 8.330640
1.764871 -5.783590 7.138423
2.929094 -10.561902 6.249505
2.746156 -11.570344 10.385237
4.660542 -1.975962 8.454041
5.565265 -3.955001 6.264748
9.457061 -2.198900 5.967764
6.571216 -3.320396 6.068187
6.515777 -5.291735 9.429565
9.256431 -3.467461 5.055789
1.446780 -6.187793 6.120403
4.508719 -9.781779 5.266794
4.318569 -8.876954 6.512607
5.634608 -7.605628 6.386168
6.116609 -7.799713 7.841049
3.715411 -4.800310 6.006935
1.193774 -4.676817 7.033507
5.639413 -8.091290 5.372365
6.013298 -7.455364 6.539125
9.480248 -9.681975 5.008115
8.382784 -10.021119 6.681322
9.818290 -8.739726 5.858769
0.470879 -3.366436 6.282932
2.876584 -4.020227 6.991895
3.476473 -4.656752 4.618511
4.800503 -3.980125 -0.675001
16.259590 -9.925108 -1.472299
13.564034 -7.409218 -2.792662
15.999026 -11.403009 -4.974062
17.152132 -7.595253 -4.152553
12.350873 -6.396182 1.667183
11.837125 -6.076238 -1.511711
8.343586 -5.014664 -1.820522
4.103082 -5.452843 -0.763773
8.851254 -8.812827 -2.496255
6.909670 -2.940387 -2.276057
5.059640 -3.912674 -0.726695
0.652937 -6.219989 6.173790
-2.237245 -3.295294 9.920398
0.220104 -0.973300 11.168804
-2.141072 -0.063661 11.873058
-4.739869 3.725114 7.336848
-2.007120 2.481543 7.710885
-3.255767 3.718406 7.995968
-2.745244 3.092634 6.003450
-3.035370 3.060570 7.155352
0.462293 3.568769 7.289083
-1.923449 3.610912 7.628559
-3.599537 -4.562976 4.776340
-4.065109 -3.769229 4.649416
-3.406279 -5.879709 5.093913
-2.746863 -3.895571 6.903520
1.040482 -3.377228 5.229338
0.793966 -3.224934 5.919373
0.818132 -3.865681 5.528307
1.774752 -3.113302 6.058634
-3.642861 -3.611988 12.096115
-3.325700 -5.121018 10.724367
-1.309549 -1.449313 13.501184
1.398361 -0.431311 12.937068
-0.445329 -0.329053 11.379437
-5.812744 -4.953946 11.539566
-2.343179 -4.612668 8.118361
-1.182673 -3.048713 7.428184
-1.807721 -7.020125 7.849459
-2.498332 -4.991901 3.956393
-5.744214 -2.356180 10.306849
-4.163621 2.616917 5.876529
-3.563146 3.319927 6.132441
-2.403363 2.518255 8.523971
-2.454406 5.835010 8.741150
-5.557626 4.963526 5.405326
-4.423059 3.761704 8.518882
-6.216405 2.425883 8.137988
-6.988629 -1.787503 7.513198
-5.842810 -2.779457 10.097566
-6.031809 -0.959549 6.589497
-7.127546 -0.002581 7.815078
-7.262468 -3.217240 5.916666
-4.019954 -4.505303 5.743122
-2.925333 -3.347275 8.912812
-4.518673 -2.568421 11.287996
-3.594035 -1.803498 11.134715
-2.341184 0.560632 11.292176
4.224012 -7.006516 9.189934
2.577045 -6.364777 5.874787
0.615410 -3.025341 6.283631
4.598626 0.643473 4.367325
5.897584 -3.616252 8.260619
4.903490 -3.340726 9.031736
0.032925 -3.075403 7.178926
0.701657 -2.924800 9.711491
0.154022 -5.562154 5.752194
0.290537 -3.282238 5.682733
0.867886 -6.754554 6.614245
0.011041 -3.211440 5.345252
-3.010536 -3.435741 7.842985
-1.684167 -3.224298 5.694065
-2.069037 -3.316300 3.916582
-0.462593 -4.792185 4.927568
1.279307 -3.285931 5.038658
2.123507 -5.535457 5.052056
1.732138 -4.440210 7.613297
1.058806 -3.873686 6.755228
2.921393 -3.469641 6.040947
3.785231 -4.197644 6.037450
3.160617 -4.605088 5.981088
1.707915 -3.509421 5.753266
4.763120 -1.086914 6.351128
4.967140 -0.251302 4.968284
2.958626 -8.368793 7.998919
3.487707 -4.806878 6.812677
-0.172918 -5.097965 6.079657
0.644583 -3.541427 7.293345
2.269297 -3.503852 10.009233
1.197124 -4.163837 5.768806
2.820034 -4.338802 6.602415
4.671257 -5.662378 5.301950
1.923361 -3.817924 6.230471
5.559394 -3.876899 6.199535
3.397155 -5.876642 4.831308
4.532413 -1.951037 4.715609
5.883329 -5.172594 7.007404
6.882672 -6.966146 -3.786303
3.481919 -5.972093 -0.966335
7.408544 -5.472293 -2.009813
3.250729 -3.661596 -3.378904
8.234455 -7.768075 -4.313612
11.149521 -10.690475 -1.514431
7.967608 -6.970732 -0.502883
5.872784 -5.890460 -0.797534
4.354274 -11.335725 -2.623391
3.427104 -12.271529 1.644531
4.521909 -4.327482 5.870019
11.825939 -8.029369 -0.837518
8.040996 -6.767368 -3.588451
6.207039 -2.727174 -4.332150
7.063509 -6.179993 5.283594
8.463169 -5.095434 6.353383
5.076216 -7.757225 -1.394560
3.912272 -7.531249 -3.586760
3.243658 -8.359294 -2.188383
2.925056 -5.961334 5.797280
2.947829 -2.905434 5.710570
5.106212 -0.646121 6.009861
5.221506 -0.163518 3.422059
6.396567 1.510671 1.766953
3.736420 -4.458383 5.483162
5.347603 -5.606313 4.865165
5.031601 -7.171544 6.164315
3.705406 -5.169933 4.792905
4.615690 -6.098400 6.610407
6.007396 -5.537301 8.027232
7.679760 -7.530412 6.677604
5.711775 -5.462659 6.137650
5.823908 -3.929042 6.472132
1.244344 -4.964491 5.646219
2.220496 -4.101044 6.010271
1.340922 -4.846670 5.722912
4.571564 -3.714256 6.548712
3.704633 -3.834727 6.396144
1.912290 -3.581673 5.546431
4.937215 -6.177344 5.290603
5.281496 -2.522085 5.217682
8.780987 -2.261514 5.126650
9.181690 -3.371406 5.448878
6.251516 -8.348093 6.308505
6.625219 -6.673680 5.745374
1.138973 -8.850271 5.588929
2.851075 -5.491902 6.236182
3.021772 -4.957642 5.471853
5.330684 -5.185112 6.341853
3.738313 -4.821167 5.076688
1.080476 -5.235791 5.529843
4.409393 -4.044277 7.233765
6.122356 -6.179169 7.406995
6.962874 -4.430142 8.547695
6.885455 -7.088928 5.003770
8.131674 -7.584146 5.509668
9.147128 -6.062570 7.148853
7.677750 -9.344638 7.269915
4.703077 -10.980000 7.448693
5.909015 -4.864512 6.958404
-0.194356 -7.758574 5.032036
0.645431 -14.015404 8.025692
1.543417 -12.275499 3.549270
1.567883 -15.416161 4.215494
8.248200 -12.809519 7.453749
4.651818 -7.829516 7.721271
7.176713 -6.942663 6.927397
10.585460 -10.767304 6.570768
5.472193 -9.654326 6.807854
1.918275 -4.740645 5.038493
0.130438 -4.773623 6.123477
0.664190 -6.918591 8.726753
1.944240 -4.458566 10.697314
3.650039 -5.931133 4.686926
4.758771 -6.128998 5.484325
6.442823 -11.753251 7.648805
7.416918 -9.646764 5.736342
4.523060 -7.739751 7.246146
4.477487 -8.265428 -2.417281
17.856419 -6.553841 -2.903913
11.326627 -6.094490 0.966693
13.379641 -10.346579 3.670251
12.574300 -9.525720 5.945594
