3.393203 -15.238299 5.263182
1.507280 -3.445943 6.044341
0.148230 -7.677306 5.766791
-0.165147 -7.035502 6.314501
0.616779 -5.344813 8.245799
-3.218066 -5.286174 5.384744
-2.579122 -6.621861 2.567019
-2.237454 -6.228926 2.942842
-2.727094 -4.687294 5.861187
-1.499904 -6.449278 7.830527
1.003893 -5.746046 6.314733
0.462882 -4.937320 8.078772
1.756104 -4.997050 6.005157
8.377890 -5.386667 6.077167
6.354751 -4.839557 5.675491
4.354130 -0.201183 5.138365
4.750434 -4.593449 4.592458
5.047561 -0.455141 5.177509
6.479294 0.180256 7.391945
7.371789 1.357210 6.290605
4.810347 -1.484501 5.908693
5.151591 -0.979594 5.507115
0.546355 -3.719693 7.945635
0.102240 -3.227194 7.241320
-0.091680 -4.353322 5.494751
3.077335 -3.321703 9.560280
0.640798 -3.347220 9.581347
-0.959216 -5.233282 10.727674
1.145897 -3.312322 6.071389
3.419479 -4.151381 7.063499
3.776046 -7.600047 5.497763
2.599397 -5.213641 9.916656
2.802928 -5.482704 5.510513
7.094614 -5.155879 5.083123
7.782101 -7.699008 7.650925
3.111600 -5.499064 4.680705
4.248785 -12.989070 5.944691
2.817801 -6.451395 4.969470
-0.111344 -5.357416 7.643260
4.533049 -5.199605 6.569615
1.548827 -7.617345 5.273563
-2.157897 -4.773909 6.083357
-3.637026 -8.609087 1.993497
-2.050576 -7.611923 3.749221
-4.335611 -4.265122 8.153026
-0.009412 -8.140405 7.072828
1.950687 -3.183493 5.682539
2.931336 -3.809809 5.461368
4.062183 -6.696759 5.510589
3.224174 -6.324775 7.812528
-2.014693 -5.893883 5.097946
-3.840486 -7.169056 1.848399
-2.624997 -5.804268 3.848929
-3.644575 -8.293352 0.821944
-2.100039 -7.364697 -3.463897
-2.124608 -4.363489 -0.522496
-4.692544 -4.662383 -1.200837
-2.115999 -7.879135 -1.871701
-2.399586 -5.779412 -0.427906
-0.231489 -11.401205 3.747715
5.406749 -12.044898 2.357715
6.896051 -15.390091 3.695643
5.502728 -5.242737 5.696427
2.393490 -8.376923 5.902845
7.218346 -7.004373 9.644209
4.872052 -6.534883 -1.307286
3.483147 -6.308797 -2.538886
3.776072 -7.423303 -1.275156
3.452956 -4.276360 -1.906619
5.886727 -6.568448 -1.969854
4.474865 -5.854652 -2.740103
10.334808 -8.457442 -2.138242
13.346442 -6.501083 -0.844583
12.952808 -8.067338 6.161908
11.739974 -10.894566 2.687816
11.267250 -9.617154 5.173069
7.139038 -7.303379 4.513249
4.108650 -6.292982 5.068317
6.057137 -8.294955 8.062218
10.222656 -10.430801 9.142543
11.916192 -8.528159 4.617498
11.739261 -7.139360 0.367005
6.156355 -7.930462 8.249466
1.763839 -3.014585 5.859486
1.918017 -7.348929 5.386113
1.531590 -6.977887 5.410159
5.069940 -5.321697 -0.513049
5.531945 -5.088087 -1.434520
5.293015 -7.434340 -2.297920
4.094456 -9.397063 -3.373159
6.133512 -8.178055 -1.152014
4.030789 -8.627699 -3.849987
10.591198 -5.987663 -1.486629
5.431891 -4.178213 -1.332466
6.170700 -3.661603 -1.355286
9.610522 -5.345124 -1.849206
6.726501 -5.727895 -0.672793
8.492736 -8.595705 -2.085904
9.163547 -13.856228 1.349130
10.718102 -12.942348 5.575420
5.225683 -9.315362 9.353883
6.407612 -11.741124 8.520626
4.345143 -14.025146 6.805902
6.212297 -11.354267 3.919346
8.586538 -10.844127 7.181487
4.314285 -6.641518 5.093823
8.754117 -8.481370 5.007085
6.838378 -7.279845 6.138013
5.058335 -6.738480 5.152598
6.139942 -7.507841 4.888172
5.642005 -4.853168 6.324687
9.855949 -7.781181 4.817090
5.453415 -13.839442 5.621059
9.168288 -6.341714 4.699406
7.496992 -3.975026 9.590604
7.259244 -5.495483 5.024127
5.136104 -4.695469 6.423876
6.337476 -6.004099 4.600793
5.609288 -3.749553 9.278252
5.229502 -2.883553 6.020891
2.270382 -4.182390 5.927876
11.301940 -7.868511 7.497800
12.064764 -8.114354 -0.729972
7.602236 -5.041802 -1.752411
8.363911 -4.969337 -2.832917
7.015464 -7.318892 -2.555527
18.432156 -6.354294 -3.084617
