-15.034301 17.869207 -3.753817
-10.905278 13.717636 0.699074
-3.880313 9.002227 0.166584
-0.983555 6.472885 4.037933
0.372117 2.207298 7.441379
-2.406789 3.127322 9.546116
-7.851465 0.718373 12.447879
-7.569847 -2.569529 7.144506
-5.747370 0.169769 5.139507
-7.498460 -0.572462 6.752378
-5.687572 2.779392 4.512612
-5.813932 3.981354 2.449470
-8.035263 3.852951 8.089323
-5.343249 -1.848654 15.514497
-4.004307 -4.266446 6.853833
-2.577850 -3.669750 5.107183
-4.779440 -5.124086 5.186359
-6.053738 -4.877459 3.642007
-6.313741 -0.246762 3.361188
-7.730769 -0.253771 6.337613
-6.959783 3.590751 4.027427
-3.620929 2.671704 5.790368
-5.289334 2.522899 2.748662
-6.001052 4.382624 3.353781
-6.661696 1.162210 4.766904
-7.494121 -0.070133 9.029856
-8.122694 -3.782842 5.433643
-3.667901 -3.195132 3.837091
-4.843641 -4.320044 4.551214
-4.366326 -3.002789 4.961809
-8.027439 -6.589679 11.082463
-4.119386 -3.653749 5.765462
-3.387493 -3.792672 6.195343
-1.880475 4.099161 7.970980
-1.688368 3.690521 10.875618
-2.514236 6.142919 6.565629
-4.486741 2.359313 8.418226
-0.706105 2.176387 8.629564
1.574506 -4.650613 9.783834
2.954000 -3.506141 8.916070
1.633007 -6.168098 9.630059
0.188796 2.146209 6.297617
-1.221215 2.640800 5.095786
-4.078550 2.586597 5.148585
-1.465009 3.321597 10.639892
-4.641077 0.111353 11.202758
-2.634520 5.414301 7.756661
-4.332929 3.582825 6.026779
-3.547832 2.708553 6.575696
-3.781917 3.285390 6.282726
-3.385580 4.051063 7.175433
-5.589205 2.297272 3.441970
-3.679803 2.559116 6.678576
-4.177409 3.531528 4.354976
-1.471086 2.853087 6.480984
-5.068781 2.451689 6.728107
-5.299315 -4.725681 2.539525
-3.830910 -3.379060 2.677229
-4.110095 -5.611545 4.167088
-4.592765 -4.649318 3.857310
-5.298631 -3.645068 3.662351
-2.385582 -2.946167 3.320354
-3.184219 -4.106107 8.859402
-3.805330 -3.179568 6.807117
-1.882786 -6.603284 16.341152
-2.828235 -1.414513 12.203286
-1.320997 2.230063 8.087137
-4.311854 5.156894 10.354535
-3.278466 3.019815 5.177798
-1.870315 2.958236 4.373689
-4.685479 3.109084 9.725072
-3.967455 3.703406 5.978925
-6.923665 2.027601 4.603582
-3.538225 3.577811 2.862991
-2.353850 2.955906 4.090987
-1.572823 4.527330 8.197219
-4.592843 4.018312 8.823009
-5.281564 2.206782 9.037120
-4.161604 3.612679 12.951387
-3.566047 3.048711 11.504249
-4.404684 2.910246 9.019168
-7.365093 2.265838 11.361566
-8.882716 -3.648356 9.200060
-9.227633 -1.871251 9.641485
-7.248505 -1.560622 8.051535
-6.856282 -2.612923 4.912654
-7.733469 -2.429805 4.151377
-5.909474 -0.163792 5.415224
-7.526525 -1.987324 8.093276
-4.372052 -5.371987 5.553267
-2.906528 -3.324396 6.916486
-9.420557 -2.352468 5.565560
-10.830012 -1.399783 6.732290
-7.240361 1.221521 2.716216
-6.093614 0.039997 2.648250
-8.577451 -2.331096 4.829368
-4.934649 -6.487999 7.831656
-6.969832 -5.329689 6.419380
-4.602515 -3.484970 6.259186
-6.223298 -5.181043 4.594781
1.354215 -2.971294 9.968345
3.251446 -4.151793 7.121220
5.068975 -3.780802 9.660980
5.456008 -2.404475 8.190269
8.427443 -4.351107 8.457902
13.670031 -12.513840 18.739828
