3.460341 8.997416 16.159460
2.800154 3.236144 7.112832
5.928723 2.377342 8.999469
5.166127 -0.069176 7.227250
5.206904 0.703152 7.474480
6.431206 -4.559405 11.845143
3.322817 -0.922742 11.464771
0.492196 -0.751775 15.589783
3.238998 -1.283737 11.572866
7.433706 -2.333203 10.747878
5.261162 -1.697391 9.379773
6.850242 0.869624 10.051908
3.623980 2.763474 8.698621
7.666122 -0.522721 8.809974
8.830215 -4.034698 7.145310
13.345557 -3.222484 6.792910
5.542753 -1.022616 5.076881
6.063999 -3.937046 7.826035
1.300423 -5.129506 7.778126
2.250588 -3.276783 7.995833
2.877064 -5.220846 5.353713
0.462484 -4.640388 5.794280
3.217859 -4.022399 5.535580
1.328166 -8.361578 5.940455
2.313873 -6.191444 6.240404
1.464105 -4.507723 7.011551
1.374995 -3.689022 8.758916
1.282726 -5.629597 6.671535
3.057578 -4.964709 5.620502
4.291983 -6.218650 5.259255
-1.818114 -6.755306 8.528590
1.342261 -3.983076 8.613801
3.404457 -6.435515 5.910874
6.378968 -9.906588 4.715132
13.243963 -8.115538 5.606335
5.424308 -11.852613 6.894890
1.687707 -6.370551 4.994431
3.761644 -5.882658 7.381694
4.105630 -7.129578 6.844912
5.092692 -9.185566 4.507512
2.198922 -11.282319 -4.558061
3.195966 -9.077795 -4.920617
2.981344 -5.945162 -5.176363
2.483639 -4.641297 -5.508235
4.773373 -12.548803 4.316485
5.476771 -12.255260 -1.767169
11.307022 -12.945054 -1.626024
3.148663 -7.777891 -0.760876
3.104523 -4.265223 -1.455078
4.042702 -3.522998 -3.356816
4.363796 -6.467783 -0.872257
3.681913 -6.278116 -1.512664
7.243663 -15.090137 -3.859240
5.117499 -11.901132 -1.046275
4.109024 -12.113276 -3.602208
4.842459 -9.957161 -3.715895
3.091920 -5.887785 -0.846631
4.309571 -5.069143 -4.036409
5.432692 -7.971060 -8.161938
6.145063 -12.778463 -12.693111
