0.447569 2.326160 12.342083
2.762578 1.925843 10.970281
-1.390946 0.937342 11.816066
-0.022414 -0.264268 13.482135
-0.572303 -1.370716 11.445836
-1.030972 -2.730970 11.128645
-4.829504 -4.494550 8.542319
-7.762322 -2.357629 2.247542
-6.142436 2.138183 5.251591
-6.091093 0.091010 3.267642
-3.043077 3.508912 5.040559
-2.011697 3.061717 5.555774
-5.571858 2.727503 3.346938
-2.526161 2.355785 3.822071
-4.052958 2.630880 9.501351
-6.790675 0.528354 4.928052
-5.674525 -3.492703 3.397408
-4.078468 -3.436462 5.741654
-4.213091 -3.853766 5.800584
-7.260908 -4.562597 1.923497
-4.408618 -3.085646 2.577312
-6.326860 -2.889951 2.382934
-2.803605 2.924442 9.850134
-4.214356 2.660565 5.377020
-4.153096 2.257626 6.421862
-2.593605 4.107480 8.623666
-3.132307 3.648093 6.517947
-1.750111 2.886677 4.645780
-1.001895 3.789148 4.574196
-0.222785 3.041703 5.763292
-0.509009 -4.506655 5.715581
-0.934403 -4.622038 6.062343
0.331196 -3.636760 6.021478
-0.262985 -4.254430 5.558198
-0.464770 -3.329936 7.302647
-0.221720 -4.428048 5.339590
-2.681037 -4.172310 6.062798
-2.014782 -3.066252 4.479002
-3.333061 -3.870954 5.400427
-5.309367 -3.927490 6.581946
-3.369886 -3.684285 6.589483
-6.355145 -2.862876 7.031653
-4.514341 -5.972593 6.324635
-4.044935 -3.899016 4.236876
-2.261622 -4.841069 5.545627
-0.344023 -7.277914 6.703537
2.861374 -3.821505 5.804241
-3.317296 -3.848629 7.372914
-1.590397 -3.158288 5.515134
-4.495534 3.007490 7.301971
-6.392287 3.302391 11.765592
-5.011277 1.715652 12.985727
-1.358990 2.605411 6.644290
1.530209 3.951683 6.810170
1.289685 3.888902 5.563596
-0.186676 2.756096 8.865619
-0.727174 2.784337 9.691076
0.015171 2.153998 6.778094
-0.971078 2.523891 10.721671
-2.039843 3.331735 11.197080
-4.195999 -4.210022 12.493588
-1.027758 0.069390 11.569543
-4.216295 6.362452 15.192792
0.540215 3.224463 9.481207
3.054715 3.592621 8.490752
3.155643 3.839242 7.353412
7.902491 7.742202 6.455606
4.541924 1.058215 7.614750
4.536321 -0.792220 6.762054
6.005668 -1.365003 7.156743
7.475033 -2.121163 10.870612
3.672371 -6.333333 7.196523
1.937936 -2.923601 7.821393
2.728510 -3.014736 8.605494
3.506660 -3.695535 6.701910
1.568844 -4.985654 7.796318
0.773676 -3.151419 5.178276
3.333838 -3.829651 5.133071
4.612500 -2.832333 7.608053
4.667114 -0.314940 6.374118
4.309871 2.270068 7.580815
7.083317 5.060033 4.006782
0.841236 13.216064 -6.157285
-1.584149 13.125017 -8.049970
5.898191 12.304132 -8.621492
-3.673114 10.816527 -11.689510
-3.484538 10.017554 -8.165999
-3.507087 6.115312 -8.499813
-4.274335 3.710936 -7.370415
-1.768963 3.460368 -8.053277
-0.913372 7.816413 -7.228666
-3.094389 13.150467 -11.009398
-4.589830 12.145803 -10.940524
-5.446528 9.662648 -8.787805
-6.933387 11.520514 -11.410481
-8.862069 14.057158 -22.987043
-3.830728 19.190022 -11.306723
-1.946869 9.742555 -9.369088
1.233610 14.896086 -16.548311
-2.651586 12.216824 -16.822468
