12.533390 -2.442131 -1.983561
5.116565 -5.812916 -1.274140
4.883982 -7.414852 -2.564728
0.654877 -9.641062 -9.002498
3.417023 -15.492222 -7.229376
1.700514 -10.883520 -3.292986
6.253077 -8.438181 -6.544668
4.519638 -8.998177 -6.127296
5.818534 -8.554021 -3.085467
3.477178 -9.287429 -1.624787
5.027896 -10.449037 -2.903484
0.989985 -6.117676 -5.805810
-2.449169 -9.711486 -6.417632
2.378817 -10.913256 -2.277648
7.216053 -10.311527 -2.880176
3.120403 -9.348178 -2.101399
3.641519 -8.277501 -2.612615
8.347367 -8.119596 6.914097
6.530738 -10.712593 5.323982
4.838859 -2.817961 5.100795
2.808913 -4.935808 6.064391
3.286722 -6.740552 6.574757
7.198052 -8.994873 5.221164
4.951231 -10.417922 7.450548
1.747302 -10.417292 6.260847
3.124559 -5.636186 4.738389
2.312324 -3.278243 6.981522
3.744985 -4.506143 8.380849
1.050379 -4.078966 5.655302
4.745756 -7.297805 -0.565033
5.096178 -6.607689 -1.627335
5.822664 -3.981586 -2.832710
3.555236 -7.584089 -0.557732
6.973107 -4.144243 -1.870059
5.334098 -9.077266 -1.507124
4.778670 -5.728771 -2.429012
4.585537 -7.240901 -1.753628
1.461837 -4.238222 -5.334255
-2.165633 -3.678333 -5.272097
-2.386544 -7.096070 -3.033128
-2.064700 -8.461403 -1.981876
-3.204365 -6.293848 -2.645274
-4.978467 -5.646592 -4.280236
-4.303393 -5.292625 -4.267075
-3.779443 -4.907815 -5.003538
-3.018689 -7.501521 0.765104
-2.067267 -4.538096 -2.334045
-2.880545 -6.222319 -0.868783
-3.602081 -9.404699 0.031586
-2.182120 -7.258736 0.636877
-4.164386 -9.381731 0.633479
-3.996048 -10.211827 1.396531
-3.301009 -6.187999 -0.415748
-2.378380 -7.642079 2.651431
-3.515659 -12.873307 -1.141486
4.591844 -10.783317 -2.704163
3.311599 -9.453632 -2.243869
3.171019 -4.987416 -1.159622
3.365984 -5.919188 -1.174018
3.582538 -7.784517 -1.583023
5.904718 -9.309541 -0.727935
3.509675 -7.169200 -1.507908
3.630913 -10.367855 -0.624374
3.269987 -4.774837 -0.671826
5.206182 -4.638663 -1.826534
4.294426 -2.382116 -1.875423
4.026483 -5.567639 -1.757115
4.372664 -5.016263 -4.075492
3.515450 -6.284121 -2.490682
4.173122 -6.129533 -4.762809
3.455993 -4.545770 -4.240351
4.471698 -8.202936 -1.155990
3.436376 -8.442288 -0.910893
0.694825 -11.074714 -4.332059
2.373670 -11.352701 -1.772010
2.424729 -11.060589 -1.647911
6.061846 -10.479163 -0.929689
6.089285 -8.298793 -4.825526
4.683481 -5.956315 -3.039096
3.292145 -7.271155 -5.911214
3.705554 -7.408144 -2.713835
4.156600 -5.858603 -3.203690
5.496289 -8.758758 -2.274832
4.959949 -6.764718 -2.980650
7.483668 -4.692644 -3.143249
4.536282 -2.294355 6.386780
5.557617 -3.011458 6.008212
6.243904 -6.421995 5.027052
4.929075 -5.272750 7.996263
5.797110 -6.316566 4.761098
3.806338 -7.818665 5.561650
4.820118 -5.614077 5.180261
2.396434 -7.080579 -7.722624
3.489351 -5.217051 -5.861564
4.875292 -6.706503 -2.453630
6.805716 -13.079510 3.521946
9.572017 -11.544601 0.753346
3.792763 -3.552589 5.717834
4.379038 -5.051024 8.581782
8.557579 -9.557342 5.664195
6.894467 -6.080625 4.862065
3.786622 -7.183504 5.628014
4.429860 -10.104959 5.201918
5.130178 -2.694550 8.701855
1.899387 -4.968153 8.163686
1.760505 -4.905705 5.334928
5.040837 -8.070177 4.660591
3.339035 -7.141000 6.757685
3.115335 -7.183138 6.654038
4.187757 -11.326682 4.121839
5.636049 -5.476079 8.237792
5.677313 0.261820 7.188899
4.864509 -2.638979 7.675880
4.467245 2.077537 5.953926
4.289453 -3.826020 7.391520
1.301538 -4.481637 8.931927
2.502110 -3.903175 7.296684
1.238978 -4.001850 5.495786
0.398884 -6.428051 8.711987
-0.152788 -3.564718 6.124892
3.421798 -3.170013 5.505344
1.338243 -3.518115 6.254707
4.319808 -9.147348 5.424566
6.720014 -9.917132 8.633004
8.755022 -11.816890 5.344770
6.705341 -8.981140 6.271935
7.092536 -6.735921 7.928149
4.986378 -6.829612 7.019845
5.284500 -0.432914 4.089997
5.372853 -1.913003 5.602127
4.130250 -3.277796 5.379831
6.635583 -4.277598 5.201023
5.724430 -1.463423 6.722421
8.955424 -4.506078 5.912045
4.629443 -3.779724 -3.247274
7.297773 -6.155828 -0.608270
6.742450 -5.423450 -1.065917
3.602564 -5.611724 -1.423477
3.229468 -11.462861 -3.172621
2.668369 -10.900744 -2.714766
0.362545 -14.895000 -0.127883
2.248969 -12.642200 4.318931
4.517640 -8.535355 4.836521
3.016372 -4.538576 5.164223
4.075459 -7.085206 6.693700
4.509453 -5.323127 5.638348
4.367229 -3.784966 4.538505
5.331581 -4.073872 5.681658
4.925385 -4.193574 4.910858
0.220322 -3.607918 5.105591
2.996357 -7.413110 5.817252
2.783107 -3.647992 8.756715
0.610474 -3.679996 16.712721
-7.189826 -6.089124 15.682794
