15.999306 -4.942281 -15.372726
10.725137 -7.818529 -6.561526
10.131763 -7.892606 -1.780980
8.865828 -3.007107 -3.055991
6.976020 -7.524472 -1.321327
4.005204 -9.386948 -5.587804
3.573683 -14.340891 3.537022
5.041329 -7.912124 -3.702742
3.901409 -4.718156 -3.495374
3.479453 -6.682392 -2.582049
4.686977 -7.686130 -0.566882
4.552214 -10.417388 -2.658670
3.839868 -11.756323 -4.416972
6.533654 -7.231368 -4.284660
6.590701 -8.648959 -4.230433
0.805270 -4.078517 -5.553378
-2.537183 -4.770619 -5.774144
-3.813389 -4.495109 -3.519722
-2.372090 -4.442709 -2.099340
-3.196316 -3.427986 1.444673
-2.815034 -4.254261 1.762611
-2.193574 -7.310319 2.948339
-3.565648 -5.129731 0.582970
-5.487948 -6.694105 1.928154
-2.368562 -5.650865 3.579292
-1.919943 -6.442727 4.640778
-0.534910 -4.436699 6.872787
-1.028029 -7.357003 6.242085
1.780911 -4.928594 6.084982
1.374320 -5.643502 5.370847
4.189163 -4.410673 8.700984
3.852503 -4.167233 8.016195
1.317012 -4.956606 6.084181
-0.686859 -7.572750 7.038193
3.119940 -8.136335 5.705650
-2.075359 -13.635303 4.144294
-0.839471 -11.044705 3.767285
6.031476 -12.188505 3.152215
3.947991 -14.376786 4.053983
3.902885 -10.686723 4.003801
6.991958 -12.005201 4.667610
4.729205 -10.514831 4.570665
5.682213 -7.372468 4.684578
7.543538 -9.613828 8.910621
5.416216 -10.492636 4.917336
2.307177 -4.856038 5.045620
3.161119 -2.977363 6.690499
0.227638 -13.147187 4.602583
-0.450276 -11.220927 5.046200
-4.432338 -3.564827 2.764211
-3.135699 -3.774171 4.477213
0.773652 -7.017142 5.490602
0.433490 -8.073041 5.110476
-2.590410 -5.145179 1.439667
-3.090510 -3.894311 4.391536
-4.990677 -3.290873 4.042344
-3.433411 -3.425921 2.923625
-2.911847 -5.451108 3.058031
-5.287761 -5.227308 4.601590
-2.662909 -3.125820 0.319675
-2.037069 -2.985531 0.801866
-3.460337 -3.765571 3.058961
-3.117320 -5.947349 3.877276
-1.529058 -3.017072 6.278856
-2.472112 -5.789457 9.144250
-1.527046 -10.712162 5.032658
0.115499 -3.649280 5.532730
-3.346312 -3.120970 5.512370
-5.238700 -7.021268 10.402083
5.519165 -6.245083 5.341909
5.119600 -8.400256 7.463184
3.417865 -10.153689 6.498153
3.242809 -11.437708 2.906765
5.584946 -19.593569 1.753542
4.113349 -9.489495 -1.448645
3.514329 -5.297084 -1.146984
3.693067 -4.901233 -1.987902
0.448550 -5.454021 5.177877
-4.545770 -8.078526 6.105926
-1.946597 -6.270988 2.758604
-3.105880 -6.312331 4.154460
-2.658944 -4.101620 2.506918
-5.873892 -5.460296 4.597251
-1.934108 -5.167455 2.721127
4.226420 -6.804916 -1.100809
5.466379 -9.943261 -3.980347
6.158725 -8.163041 -1.155905
4.346936 -6.745814 -3.624432
3.476511 -8.160004 -1.277872
1.326859 -9.026533 5.616178
-0.392244 -9.060428 6.091787
-2.739549 -5.149986 -1.310562
-1.490932 -10.916581 0.037659
-4.608969 -10.870301 -7.831872
-0.050774 -14.712619 -6.324610
-7.706227 -7.216890 0.782614
-4.502403 -5.950868 1.348770
-2.149495 -5.912936 0.137108
-2.261258 -6.567498 0.535102
6.398121 -12.586794 -1.063141
8.115435 -15.660189 -2.909695
-0.479170 -9.172649 6.181496
-3.702986 -3.530516 5.958284
-2.035514 -4.103394 2.345943
-2.099449 -4.814468 5.564149
-2.161986 -6.069687 7.869520
-1.813006 -6.291764 5.556726
-3.057870 -6.312513 4.226053
-3.736916 -7.572083 5.671847
-4.135942 -4.497480 6.050110
1.519470 -4.470360 5.131795
2.416456 -7.344965 5.157486
0.536169 -8.248621 6.162650
5.177517 -6.541016 6.863557
1.976971 -7.371038 5.294010
4.187632 -6.459075 4.621720
6.480197 -6.340355 5.031110
4.682581 -6.980715 5.123283
8.879905 -13.421007 6.247618
4.059104 -10.775533 4.174837
6.886909 -12.442799 0.333780
6.121755 -11.393517 2.624924
9.936918 -14.026433 8.640828
6.685196 -7.997567 4.652298
6.639655 -6.777595 5.081469
2.719456 -4.748531 5.805487
-0.706761 -4.282846 6.004281
1.526083 -3.104826 4.932177
5.942579 -10.914251 6.182818
5.318061 -7.779664 4.506069
7.563532 -3.831000 6.898726
5.677981 -6.445388 5.547086
6.686854 -6.498871 6.021017
12.524499 -9.996496 4.221464
7.859447 -10.558087 9.019041
3.416074 -7.479025 5.788256
9.877314 -17.840193 17.887802
