-9.749419 -8.215972 17.225382
-5.048643 -2.931495 6.369200
-6.359447 -4.150732 4.117248
-8.640160 -2.591704 4.134469
-6.579541 -1.063097 1.347598
-6.408567 3.728778 6.479323
-7.498972 2.832826 1.111683
-2.688667 2.952185 4.113751
-2.507414 2.370335 2.730894
-5.317492 4.759530 9.744722
-2.442968 3.071622 6.583193
-6.900060 1.777020 4.753822
-7.706226 -1.416246 4.221187
-5.912619 2.167230 5.030900
-6.803223 2.978142 6.672365
-8.571356 4.303404 4.453525
-5.882777 1.479013 1.478176
-6.385463 -0.507250 0.932288
-5.826416 -1.398001 0.833481
-8.564209 -3.913577 1.678231
-8.814085 0.375906 4.586527
-7.585448 -1.656847 2.026810
-5.854996 -1.300144 3.460278
-6.133131 -2.012052 3.666960
-5.445992 -3.463439 4.867198
-4.293999 -4.163189 7.373284
-7.276507 -5.908770 9.157086
-4.654510 -4.203634 3.156509
-2.985087 -3.511716 2.457126
-4.305094 -3.055491 2.829907
-5.223384 -7.844731 6.276952
-4.177939 -8.269314 3.149376
3.050788 -6.290728 7.483195
3.769496 -4.941919 8.304613
5.499965 -7.448037 7.921256
1.400124 -3.629416 5.280586
-2.735509 -7.913416 9.021750
-0.127618 -5.004626 8.103033
-5.463133 2.664628 10.679526
-1.605860 2.524224 5.175816
-2.557744 6.073339 3.840930
-3.156545 4.183052 7.295129
-3.900327 4.841106 10.402452
-5.097351 4.127787 9.362975
-3.691140 4.537754 8.020745
-1.891954 4.454013 4.535336
-3.147057 3.435176 6.379573
-3.673735 2.332366 4.572288
-6.945105 4.266864 5.311730
-5.896110 1.748618 1.440865
-2.555901 2.684821 5.935868
-1.078119 0.272543 10.882053
0.386180 0.995386 13.331571
-4.372896 0.612119 0.716114
-2.073791 1.937798 -2.971996
-3.300723 3.844230 -5.269814
-2.433928 10.730862 -10.251028
