-6.446803 -4.785604 4.919234
-2.551661 -4.030843 3.273685
-2.239667 -4.652501 3.243423
-2.064450 -4.488348 7.247023
-0.106973 -5.950844 4.942890
-2.064599 -6.729609 5.969980
0.828294 -8.552844 4.988522
1.271500 -8.097291 10.499726
1.263466 -6.080376 6.701273
2.590468 -4.540587 5.529602
1.741324 -7.813478 5.165210
8.568421 -10.961222 6.400100
5.994123 -11.148497 9.006865
4.665761 -6.731287 4.551866
11.482990 -10.409266 7.711788
4.750690 -8.640052 5.638906
12.224697 -8.955511 2.019019
12.841745 -10.161201 0.649630
11.704430 -7.318082 0.024465
11.330242 -6.994245 3.359636
11.422521 -7.503623 2.642885
11.154541 -2.668185 7.602455
12.372234 -8.615167 7.024969
6.619014 -6.573965 -3.792644
6.867373 -7.452428 -6.970393
4.669356 -7.065969 -0.753326
3.311075 -3.389556 -0.739110
6.066154 -4.064958 -1.204244
5.540365 -4.165357 -2.467032
3.291310 -2.930984 -2.175446
3.254482 -8.777007 5.150787
3.891042 -8.613781 8.373498
12.339492 -2.737603 8.393508
5.595084 -2.971417 5.581819
9.588049 -1.645945 5.540585
4.342741 -0.545221 5.404206
8.296980 -0.328645 2.915722
8.960548 0.793220 2.604181
10.444250 0.216268 2.924381
2.121911 -4.060647 6.314402
1.671094 -4.385104 5.421574
3.002665 -5.473126 5.201704
2.093366 -4.086402 5.326660
3.017006 -4.471385 5.104318
10.544122 -3.838876 5.659769
1.640500 -3.820103 5.110720
1.977691 -5.684555 5.542852
4.294883 -1.188450 -1.312784
6.099874 -1.870481 -2.205972
4.875809 -2.469217 -2.227573
15.584462 -4.930476 0.297420
10.731767 -2.207484 -1.911576
6.045990 -2.428299 -1.925072
7.985698 -7.531126 -0.639042
10.147940 -2.405201 -0.696000
9.604523 -5.520803 -1.636423
7.695574 -7.264013 -4.053889
11.708825 -5.564435 -4.060213
8.854659 -6.879579 -3.322136
3.901619 -4.871386 -1.170485
3.400661 -6.860338 -2.244563
4.798135 -3.487061 -5.137707
5.067070 -4.601168 -1.219782
6.522628 -2.881060 -2.283071
4.960440 -2.062127 -3.050496
5.400361 -2.736709 -3.979737
5.966627 -2.234805 -3.074786
3.581950 -5.643591 -2.202968
4.356978 -1.945561 -2.060010
3.152020 -2.243221 -2.504280
4.580276 -4.102290 -5.155137
2.706721 -6.102860 -5.117014
4.769131 -5.820319 -5.861349
5.212070 -3.732508 -2.356747
9.064977 -7.907801 -3.608105
4.863084 -5.462857 -2.270578
3.839737 -4.252553 -1.377468
4.017283 -6.720294 -3.153442
4.519083 -4.556185 -3.246315
3.242453 -7.806857 -2.192268
3.480942 -8.302927 -1.797318
3.365805 -6.201008 -1.695394
3.182287 -9.777392 -1.558326
4.536493 -7.472208 -1.835287
4.606097 -8.326110 -5.208159
3.863408 -5.758345 -2.043185
4.400765 -4.353110 -1.171326
3.924396 -3.563248 -4.185485
6.430107 -7.674959 -2.186886
14.862089 -9.461686 -1.847546
