6.621195 -10.875431 11.011642
3.910260 -6.111459 9.138458
0.861540 -5.059309 7.961299
0.268848 -2.961867 5.410209
-1.731243 -6.214554 5.670004
-0.343381 -3.113247 7.176250
0.630366 -4.045842 6.861669
-0.400105 -3.181002 6.368018
4.211789 -7.350420 8.500373
4.146276 -8.339349 7.363320
1.613968 -6.860634 5.638175
0.461250 -7.825837 5.689084
3.519584 -4.849422 6.827325
5.016724 -2.758071 5.644709
1.956040 -3.877421 7.323399
5.017234 -4.661581 9.922489
2.918721 -3.457262 5.702302
1.717329 -3.185426 6.018621
7.081409 -6.357060 7.007651
4.663957 -2.426269 6.024800
0.018399 3.432538 8.162967
1.719912 3.077663 5.377290
0.969930 3.884585 4.804626
-0.491738 3.899050 5.562033
-0.036030 2.965344 4.204866
0.879528 4.798117 11.446870
-1.287724 2.623336 9.229409
5.127789 1.063061 6.495096
0.817691 2.398289 5.534867
0.060532 2.244986 6.086209
-0.677538 4.475719 5.358948
4.403975 0.318588 8.162786
0.004878 8.028491 12.669847
-5.167613 7.914489 10.559754
-0.426311 2.576989 5.225980
-0.265427 2.195118 8.332729
0.446964 2.506629 11.976022
-0.095939 -1.110864 17.606165
1.475082 2.623668 13.221112
2.955364 4.064984 16.558998
2.592418 -0.499052 11.101334
1.232428 3.592118 11.021594
0.858742 2.691570 10.099720
2.246935 3.538111 6.903749
4.068388 4.695649 3.317307
1.182676 3.910651 6.814770
1.032889 5.951168 4.104340
