-16.256584 1.871527 6.839806
-3.423260 -5.490104 3.159158
-2.779222 -3.754475 2.857585
-2.595436 -4.191410 5.245392
0.733519 -3.147612 6.355802
-4.371540 -4.591776 9.712320
-4.654245 -7.988110 11.682481
-5.127504 -4.480828 10.763802
-0.630026 -5.218205 7.926520
4.664248 -7.650726 5.372092
5.527660 -6.140043 4.773765
4.361358 -7.012504 9.874137
2.036314 -8.035700 10.261115
2.143167 -6.252829 4.992022
2.588644 -4.999017 5.597947
2.513786 -4.982343 4.983669
2.786146 -6.018032 5.697137
2.141312 -9.219357 5.763308
8.086555 -6.545809 6.836363
2.442279 -3.858369 5.643609
4.080598 -9.303859 7.716765
0.264382 -10.629208 5.683720
5.613634 -8.974427 4.669141
7.200317 -4.492618 9.060535
2.462936 -9.288725 5.507742
4.271001 -12.321790 6.282410
5.038053 -9.167149 5.182841
3.564968 -5.876251 4.946637
4.898616 -5.475656 6.159011
9.230139 -7.230225 9.385822
3.958923 -4.846543 -0.773425
5.111912 -3.881774 -1.082143
6.296498 -5.165088 -1.599671
9.251289 -6.314411 -0.856923
11.002708 -6.786628 -1.291289
9.604150 -5.557085 -0.999194
8.369352 -6.098502 -2.618108
5.220620 -6.840528 -0.704833
6.406013 -7.942130 -0.681031
7.440339 -7.298573 -0.816280
12.064672 -8.190219 3.648500
5.990274 -5.102594 5.167214
8.845997 -9.281337 4.810822
6.969087 -11.209536 -0.897097
6.054845 -12.739226 4.414615
-2.393557 -6.723369 -0.928642
-7.855225 -8.701314 -2.346209
-3.481131 -5.481993 -0.254584
-0.560905 -7.463127 5.950432
-3.208411 -4.983485 0.096023
-2.794868 -4.271891 3.149198
3.726421 -11.406056 3.327724
0.714263 -7.750699 5.981844
4.214644 -10.587017 4.799068
4.163443 -10.155313 4.530536
3.451444 -8.392084 4.992013
-1.654854 -3.679384 8.557041
-1.679096 -3.400636 8.385888
5.003485 -4.860711 5.069393
6.606100 -6.065023 4.624276
6.286013 -4.372643 6.517222
6.254460 -3.733380 4.540381
6.816924 -4.219531 4.684626
8.535078 -7.731859 6.273659
4.565916 -6.729590 4.550114
4.087244 -6.691827 -0.713967
3.824899 -5.656948 -0.518378
3.932913 -6.225151 -2.526901
7.537346 -7.670470 -1.879975
3.299795 -4.825640 -2.844791
4.794486 -2.692400 -1.255661
4.992658 -4.802835 -2.965184
3.943141 -3.636743 -3.726850
3.856511 -4.483594 -1.941866
4.067535 -5.739368 -1.909028
5.441252 -11.558496 -0.549794
9.310426 -11.944245 1.399504
9.887795 -10.757559 3.325460
8.992466 -11.174942 6.662438
2.906392 -11.510036 7.554673
1.743290 -7.401920 6.352934
5.330758 -4.082225 5.140854
3.333093 -5.375504 5.223680
1.862655 -10.607331 5.375188
2.809966 -12.182286 4.773914
8.585709 -8.391436 11.620324
7.629758 -8.237642 4.506172
8.386071 -8.998494 7.743971
11.162076 -3.368610 5.124579
11.667549 -7.967807 3.128133
12.609817 -6.460556 2.130583
16.403461 -10.534990 1.536112
8.390997 -17.220812 1.781368
5.330566 -10.621546 -1.915817
3.253313 -8.254530 -2.291540
4.602088 -7.300412 -1.928879
4.005076 -8.059222 -4.076941
4.468427 -4.468855 -4.760771
6.695981 -3.862226 -0.868418
6.868390 -2.415316 -3.043519
3.477199 -2.967438 -0.914805
4.984422 -3.436491 -1.927782
5.095525 -1.342686 -1.396947
9.972091 0.869810 -2.216306
10.200756 -2.245954 -0.570612
7.820695 -3.276343 -1.214625
7.520968 -5.600753 -1.105741
12.169286 -1.468090 -4.114183
16.116560 -4.295775 0.569508
