-7.497661 12.204635 -14.739119
-7.363899 13.223952 -20.247952
-8.116209 17.353235 -12.574865
-3.681583 12.970580 -7.111876
-1.239310 13.168439 -11.349295
0.636816 14.303467 -18.298027
-2.853400 4.473182 -7.944619
-4.472157 8.880550 -10.654938
-0.154141 8.177446 -9.115273
-4.430812 3.438005 -9.714630
-2.240275 4.303783 -5.023612
-4.009277 6.170495 -7.973918
-4.664107 3.990075 -8.475301
-3.039553 2.089961 -10.431328
-3.741492 0.632091 -11.943478
-1.421660 2.960311 -13.039872
-1.397629 4.999568 -9.588012
-0.117881 6.279924 -11.614944
1.644484 4.429048 -6.401632
-0.451584 6.998658 -5.720678
-0.307458 6.034354 -10.905108
-1.371299 4.358904 -7.110297
-4.113968 6.808409 -8.479334
-4.289324 5.882061 -11.670724
-3.596915 7.716319 -11.630456
-3.134917 6.567883 -8.953579
-6.762361 4.297052 -3.062664
-6.795689 7.192168 -13.057224
