2.233452 9.301454 -6.907974
3.151086 3.697475 -4.387695
5.007945 -2.954877 -1.399404
4.345516 -3.397167 -0.682075
4.832475 -9.683750 -1.094023
5.079899 -11.344331 -0.050510
6.199766 -6.789847 -5.078900
4.712603 -6.293644 -0.976400
7.087372 -13.503218 -5.023278
4.779877 -6.829135 -1.885559
5.436497 -7.114858 -1.282460
3.267446 -6.151843 -1.259786
4.161458 -7.363762 -1.365437
5.593188 -12.512030 -0.836522
5.280378 -13.507085 2.435733
10.551306 -14.482293 5.695469
11.956375 -16.378786 13.006158
5.129996 -8.343857 4.682405
-3.264682 -6.183709 0.260334
-3.057793 -4.823148 1.936754
-4.632187 -4.214847 0.290811
-2.727087 -5.191740 -0.734468
3.236388 -10.397338 -0.942378
6.432635 -11.185281 -2.859256
3.642131 -10.985546 0.152283
2.430107 -10.892562 0.188822
5.652647 -6.699795 -1.660553
4.152482 -7.894704 4.832541
6.920801 -6.818890 7.836453
8.276479 -11.420935 7.377500
1.604664 -9.072953 8.785000
1.354468 -13.331496 8.849380
-1.729575 -10.841828 4.326344
2.115502 -9.958390 6.227139
3.705647 -3.681732 4.780486
3.157586 -5.181702 7.054548
1.466347 -5.490298 5.506699
8.428681 -4.630653 5.514744
3.278241 -3.367137 5.403581
6.813820 -9.734226 -1.649158
5.663841 -6.349204 -2.987855
4.687239 -4.491783 -2.338103
5.102791 -5.289861 -3.511207
3.584171 -9.364873 -2.514102
4.442737 -8.159293 5.244754
3.400480 -7.759785 4.962054
5.450188 -7.110527 4.847726
3.970886 -4.493026 5.753006
4.074416 -5.904288 5.560162
4.367741 -6.906170 8.573139
2.738517 -4.704365 8.279461
0.791644 -4.146691 7.234809
0.255263 -5.696673 6.191312
3.100482 -4.004025 5.659940
1.433611 -5.539916 5.006960
3.354107 -8.745260 6.112406
5.952570 -13.934834 6.125771
2.249678 -8.244552 7.630831
-0.589885 -10.341915 5.990918
-0.134224 -5.618882 5.029306
-2.780288 -7.051169 4.934234
-5.189142 -6.737866 3.999994
-2.748273 -6.570042 3.769323
-2.940189 -5.026175 2.225620
-2.620256 -3.175411 -1.283167
-2.301411 -3.787951 -5.120039
-1.868805 -9.531347 -5.707293
0.071535 -3.982781 -7.172925
4.526288 -5.993266 -6.788462
3.865961 -6.411010 -5.256202
5.727361 -10.012810 -3.324440
5.171057 -5.230253 -0.745322
3.383934 -7.575511 -0.542284
3.610664 -7.938323 -1.632341
3.568040 -7.630198 -2.747978
1.590950 -10.980987 -3.035984
0.522181 -11.285811 -1.284005
4.115192 -15.366651 3.418558
7.465722 -11.178728 -4.959522
3.514848 -8.031615 -2.622828
4.090390 -7.334772 -0.513938
3.092994 -4.808733 -2.988222
3.346468 -6.016375 -1.103864
5.578098 -6.026004 -1.102274
6.254218 -5.568477 -2.533384
4.718465 -4.753990 -1.954521
5.353230 -8.618296 -0.748452
3.998175 -8.013048 -4.484695
3.875484 -5.996303 -2.939247
2.962004 -6.667633 -6.517743
-2.631171 -4.087633 -1.187375
-2.869529 -2.684911 -3.940423
-3.123838 -6.299279 -3.186438
-5.709938 -4.540733 -3.311636
-3.325124 -4.237235 -1.934036
-2.810124 -4.206397 -2.335966
-2.321701 -4.287988 -3.171560
-2.303299 -6.521811 -1.997033
-2.637989 -3.317306 -1.200951
-1.297068 -4.766501 -5.433902
3.114559 -4.847421 -6.898502
-3.422827 -6.211424 -4.811769
-2.782714 -6.392434 -6.470258
-3.042049 -5.231627 -2.551036
-6.044581 -6.086688 -1.543885
-3.065028 -7.816614 1.927707
-2.335917 -5.393738 0.200795
5.438469 -12.951200 7.811772
6.423584 -6.973530 6.049074
4.184638 -7.622345 6.896567
3.919830 -5.278233 4.643640
2.559566 -7.401003 6.392868
0.561169 -6.001760 5.422382
0.442238 -9.895103 9.691876
6.215787 -9.534552 9.344216
3.077285 -4.981157 4.951222
2.369509 -6.570911 5.668366
3.524318 -9.028006 6.261511
7.450877 -8.850499 4.690915
7.020706 -14.530321 0.103420
2.794208 -11.623735 3.976108
4.807810 -11.118221 4.361233
8.348020 -12.722573 -0.316976
7.885613 -12.384809 -1.267330
4.587429 -10.228594 -3.379134
3.711580 -4.743960 -1.105080
3.511894 -3.300820 -2.602407
7.115529 -12.228325 -1.282676
3.213446 -3.307760 -1.382078
10.539744 -7.326174 8.627801
6.689310 -7.065149 4.832431
8.376027 -7.958399 9.931881
1.145143 -6.642205 5.501150
6.020501 -5.458267 5.142675
8.361223 -6.414382 4.505900
3.354564 -7.196266 8.216680
6.859864 -6.565820 7.809658
3.837169 -5.894320 4.526182
-2.034451 -8.106639 -0.993605
-5.016971 -7.527465 -5.624455
-3.975031 -4.736814 -0.073131
-1.285228 -11.215672 -0.659313
-2.988718 -6.638521 1.861916
-0.219228 -12.347193 5.686552
5.491446 -12.164324 8.126300
2.375536 -11.259145 1.679573
2.483866 -12.469562 -0.286008
5.062086 -3.458338 -2.055779
5.092664 -8.832704 -0.905546
3.940337 -7.208340 -2.119588
4.295818 -4.767263 -2.299511
8.775336 -7.367603 5.966924
9.093850 -7.045918 7.341064
18.337105 -7.896307 5.086932
12.273826 -4.112672 0.611436
7.529874 -7.326424 -2.224655
4.399312 -5.707998 -0.674017
4.315967 -6.272417 -1.551934
7.184089 -6.737134 -0.626820
3.536965 -5.739592 7.740279
5.686551 -6.900346 6.672744
5.768497 -6.541035 6.593061
5.505883 -7.777903 7.043013
3.743640 -6.603169 5.980892
5.821060 -8.840710 5.801927
4.110712 -7.705309 7.880510
4.446391 -0.625184 1.659446
9.897494 -3.453204 -1.213250
5.092403 -5.943984 5.111593
3.817225 -6.697621 6.425189
16.045424 -5.829341 4.285364
13.567254 -4.913356 0.560162
6.703329 -6.143013 -1.568179
3.124353 -6.665786 -0.499261
3.235719 -4.831555 -2.183683
4.029996 -6.151694 -3.109910
4.344704 -6.332599 -2.609194
5.219763 -8.061528 -1.450129
6.903663 -7.484120 -1.973772
10.079781 -11.674745 1.289736
5.771095 -16.546715 8.210271
7.241887 -9.142333 5.620487
4.518587 -6.061133 5.653547
7.630924 -4.033033 7.921052
2.900793 -3.337640 7.365719
4.287873 -3.525276 4.842132
3.836484 -3.491307 4.832835
2.586128 -4.040854 7.667604
7.616649 -3.362732 11.204483
5.919388 -3.451015 5.234046
4.169465 -6.924433 7.503035
3.443601 -5.471173 5.804403
1.895462 -3.535863 7.439838
5.718093 -3.851079 7.794140
6.298905 -4.410461 5.157121
4.171213 -5.275708 4.831855
5.170592 -3.484849 5.064780
4.120495 -4.749046 5.561025
5.232206 -3.046743 6.474008
6.207154 -5.041094 5.549579
2.842493 -3.572760 6.895346
4.060354 -6.467953 7.673432
6.210592 -1.737153 6.769627
4.502626 0.699639 8.376452
6.704029 -2.888998 6.535009
7.237401 -6.616857 5.270985
5.562412 -4.391399 5.017884
3.945933 -6.730969 5.058354
3.727191 -4.930731 5.326338
-4.690026 -3.963923 11.263762
-10.173549 -7.741414 16.757540
