17.805874 -10.289106 17.482864
7.859397 -1.578698 6.848058
7.774701 -1.636160 7.068153
3.136101 -6.914230 7.963091
3.715526 -6.309314 5.230370
3.700383 -5.778857 4.630446
5.243126 -5.348639 7.929387
5.503859 -7.197385 7.049913
4.115693 -7.146348 7.093154
4.601049 -5.862922 4.663727
5.331344 -7.394446 5.662421
3.404394 -9.068965 4.912966
5.972683 -6.447974 5.395282
8.610997 -6.800940 9.470820
4.722044 -5.918321 5.911344
6.507432 -3.823946 5.527225
7.636957 -4.327745 5.033702
9.473935 -10.283358 5.303633
9.318446 -8.466613 8.786830
11.439881 -7.124192 7.538738
5.365766 -4.384135 5.790166
4.234516 -3.229946 6.107458
7.443053 -1.956944 5.307777
4.075061 -3.553538 8.738506
5.193647 -1.378083 6.623373
3.057990 -4.014879 5.255125
1.664235 -3.089744 5.236459
5.249785 -5.021768 -1.002907
3.794619 -4.593384 -0.768705
3.413574 -5.396807 -0.668029
3.189361 -6.994426 -2.093775
4.850557 -7.136523 -1.450276
15.407945 -7.860690 -2.264216
11.688098 -4.762250 -1.879124
16.157448 -3.074808 -3.670958
7.868158 -7.742728 -2.023247
3.776106 -7.125773 -0.897040
3.676776 -3.015577 -1.910379
8.311525 -0.460343 -0.468499
11.074664 2.395154 -6.819705
9.210548 4.415524 -4.844101
10.150912 9.093124 -8.089051
