-2.482575 -4.133357 -1.658821
-3.520580 -4.160961 -2.497207
-4.327549 -6.205213 -3.746515
-2.341986 -6.482042 -2.560739
-2.201519 -4.351844 -2.488486
-2.340763 -3.773199 -3.795287
-2.087117 -5.631691 -7.679925
-0.807378 -6.007893 -5.396646
-4.447801 -9.548105 -5.194431
-7.954576 -9.053826 -2.898928
-3.122627 -5.258571 -3.951366
-1.893370 -6.665843 -7.705005
1.477241 -7.091072 -5.677428
1.891449 -3.554929 -6.578343
5.720712 -7.776894 -9.716097
7.515401 -6.802708 -4.999941
7.070043 -4.292374 -4.017729
5.020217 -2.097073 -2.389361
4.435668 -4.507341 -4.849305
5.430021 -6.153669 -4.022593
3.559663 -4.124553 -2.332884
4.054300 -10.392558 -3.026388
0.317172 -12.484674 -4.285431
-2.104930 -11.731880 -0.308075
-2.243416 -7.718014 -2.843938
3.110152 -7.262209 -4.908301
-3.545351 -7.700864 -3.701245
-2.706298 -6.253186 -3.772061
-2.955786 -7.175397 -1.928677
2.228724 -6.664250 -5.714653
3.182307 -4.349825 -7.044363
3.964295 -2.243411 -5.639145
3.355633 -4.811198 -3.276508
5.274514 -7.889688 -2.433396
4.430966 -4.564790 -2.564957
4.100960 -3.091122 -4.873374
4.616595 -6.162385 -6.101189
2.549633 -6.547189 -5.609508
0.273997 -8.287188 -6.881060
5.310343 -7.503203 -4.931531
3.991212 -4.675777 -1.612415
4.845676 -5.216746 -2.684318
4.121057 -5.180635 -0.983033
4.138778 -6.213237 -2.322696
3.840675 -7.137221 -7.031212
2.468519 -6.566071 -5.960965
6.480889 -12.602412 -1.940445
9.631846 -17.654713 -7.967379
