-6.104226 -13.641692 -19.384811
0.447038 -8.112986 -6.997735
2.400655 -7.214446 -6.189534
3.618584 -10.345054 -7.358333
4.012953 -2.982185 -3.390594
6.511909 -3.971982 -1.390338
5.496138 -5.723525 -1.886515
3.955661 -6.731313 -5.450443
-2.616870 -4.362826 3.624245
-3.537689 -4.676751 2.971314
-3.901195 -3.007674 2.724703
-3.735445 -3.941220 4.136663
-5.579833 -4.179559 2.079280
-6.416173 -2.305152 1.152828
-2.163115 -2.695002 0.070487
4.021314 -8.612800 5.193804
0.879955 -4.497310 5.459118
5.247365 -7.908287 5.523829
5.577859 -8.837663 5.429788
4.191072 -5.138870 4.670163
5.169099 -4.186755 7.709496
9.575186 -0.616668 12.697336
7.012976 -3.552315 7.294035
4.108975 -3.729292 6.120854
8.554626 -5.693886 5.302711
12.683372 -7.656847 7.690426
12.100944 -7.877863 3.353661
11.152226 -13.199205 0.872318
5.985071 -13.196498 5.684931
6.477964 -11.302391 6.119967
5.624758 -11.283456 -0.949356
3.946994 -6.297942 -4.522661
4.354258 -7.954878 -1.750637
2.040304 -13.483511 5.892039
0.638953 -9.789650 5.467464
-0.278110 -13.086551 7.460871
-1.671405 -10.148778 6.634745
2.390431 -14.207211 1.923098
10.613163 -12.059639 6.790767
6.348122 -15.737327 -0.559280
5.028973 -7.855540 -1.025979
5.047354 -8.249735 -4.620662
3.469279 -4.569619 -1.011075
4.568063 -3.841583 -1.223379
4.780940 -4.178460 4.836775
0.106782 -3.065947 5.394607
-1.107092 -4.327510 5.323573
4.045624 -6.055166 5.175162
4.791300 -4.071618 7.298778
6.401277 -6.150482 6.206696
1.882511 -6.657159 5.813672
5.778222 -5.848496 4.664649
1.545467 -4.846633 6.716055
2.180570 -3.389634 5.615302
2.141403 -5.829700 5.236199
3.343321 -6.496310 5.188555
5.401316 -8.149945 6.056092
2.364285 -4.008990 5.449636
5.498627 -6.262050 4.603315
3.129075 -6.809519 4.778929
3.962883 -5.787490 7.489056
2.925731 -3.275580 6.220816
0.334590 -5.171806 5.745155
1.116293 -4.050613 5.611975
4.892794 -5.524465 4.845929
3.297416 -5.329731 5.847577
1.674855 -3.699751 4.975281
-2.042015 -7.209340 4.942926
-2.736561 -8.619316 2.552018
-2.849921 -4.678195 3.599883
-3.395143 -4.284472 3.654307
-1.667657 -4.087803 5.237189
0.041331 -9.444744 5.069912
-2.330843 -7.461823 7.411956
-4.415877 -6.070796 3.696285
-3.932923 -7.839097 2.036482
-2.458368 -10.074819 0.874541
-2.213089 -11.169293 -2.050125
-1.958865 -6.225096 -1.586431
-3.740528 -9.096631 -4.493136
-2.905771 -7.464786 3.941237
-4.103807 -7.839420 4.830714
-2.633530 -6.595448 2.831750
-1.078817 -6.190033 7.674784
4.079000 -8.170264 9.403798
4.654854 -7.162839 5.280623
1.505691 -7.543982 5.911901
5.788030 -3.149234 8.739471
4.724567 -5.583673 6.593519
4.385721 -2.017065 5.076978
6.057694 -5.516308 10.378898
3.798708 -6.635550 8.833549
1.362821 -5.376726 7.083251
3.091150 -3.208632 5.234746
4.614943 -4.552428 6.226512
7.435596 -4.648629 8.555935
10.815216 -5.282891 19.060148
