6.234958 -13.236036 -13.141993
2.984223 -7.535290 -6.564910
3.310474 -5.168165 -4.367700
5.546030 -4.951777 -4.168155
5.701553 -3.890335 -2.448967
10.612259 0.143834 -2.371235
9.248705 4.249358 -4.231684
10.780692 5.520812 0.035806
9.962937 1.813862 1.360843
11.219590 2.880476 -4.121487
7.275350 0.203163 -2.835241
2.803858 0.262635 -2.019709
6.527394 0.800423 0.419902
6.542547 1.450190 0.866914
4.745449 -0.035376 0.009498
5.849587 1.902015 3.057193
9.366612 6.230193 4.139193
10.903111 16.069967 14.678699
