-14.581842 14.930448 1.337152
-11.127806 10.723849 2.551953
-7.894382 8.143965 4.656239
-2.469175 3.887490 3.162992
-3.517926 2.733611 3.053621
-5.104811 2.846781 4.558064
-7.223001 3.766981 9.790372
-6.042366 0.138042 9.307317
-5.961711 -2.278756 5.806839
-6.310300 -1.540399 12.727133
-2.292679 -7.536674 10.706121
-3.853406 -3.631106 7.372382
-2.779823 -3.820225 9.884985
-4.622723 -3.068288 7.931020
-7.922815 -2.835643 11.536283
-7.163910 0.834155 6.107004
-3.201166 -4.329241 3.004025
-4.573162 -3.921033 4.372167
-4.256385 -5.036190 7.910603
-2.316175 -3.779234 5.199903
-4.686142 -3.306897 4.678624
-2.598377 -6.909472 2.569432
-2.055413 -4.135294 2.306315
-3.762616 -4.056678 7.490613
-6.093368 -2.900403 6.640139
-1.719431 -3.687613 8.596209
-2.885343 -4.630318 4.256119
-0.616509 -5.150917 5.869196
2.579085 -3.257936 4.941819
2.297574 -5.481104 5.597160
1.700261 -4.111071 5.237727
1.095763 -7.645472 5.966719
0.516900 -6.226451 5.462598
0.420777 -4.710259 5.006489
0.452533 -4.534779 5.323704
1.546238 -5.232970 6.976326
3.755649 -7.320688 4.727575
-0.983208 -5.446285 7.381116
0.762556 -3.511606 6.501162
-2.018073 -3.539528 4.899529
-2.166996 -4.500312 5.940331
-8.064597 -3.382015 7.422475
-6.704488 0.948851 6.014322
-6.476752 1.007569 2.920393
-6.825721 0.408222 1.274274
-5.770245 -0.746822 2.017800
-5.810058 -2.254434 3.116295
-1.975197 -3.847572 4.468449
-4.866051 -6.463403 3.484272
-4.980721 -5.171520 4.429054
-4.372942 -6.180145 3.164743
-3.990269 -3.647417 3.325423
-3.673758 -4.641391 4.740795
-6.334146 -6.205852 7.025692
-6.397752 -1.726548 5.459911
-7.680430 -4.382504 5.542775
-6.845150 -5.299922 12.597646
-6.462841 -0.869555 6.618490
-7.189906 -2.772824 7.774639
-8.091456 2.981431 7.363406
-3.909715 2.247333 3.819569
-2.907283 3.638098 5.670255
-3.298711 2.655730 4.090734
-3.575657 2.701176 4.581954
-3.076108 3.623672 9.808377
-1.691998 3.865511 8.860970
-3.466481 5.534320 12.324480
-0.804654 3.587040 7.066780
0.737563 8.215619 13.872379
-1.219651 -0.262742 12.065935
-3.824346 0.720410 11.943503
-1.454619 -1.200528 10.930538
1.651654 -6.209186 15.170428
-1.347508 -4.842357 10.257632
-1.304986 -4.265771 10.403981
0.338356 -5.368168 10.194448
-1.067817 -3.006782 6.019548
-2.951226 -3.308965 8.536023
-2.361518 -3.647311 5.436448
-2.661903 -3.752288 2.986473
-2.041129 -3.091550 3.772572
-3.471647 -4.667233 4.869488
-1.562899 -4.134663 8.804017
-3.136290 -3.737020 7.270295
-1.758138 -2.924009 6.782336
3.234389 -5.330687 8.739902
2.829939 -6.274485 11.412992
