-1.867386 0.523211 19.011444
-0.063456 5.880793 10.586844
-2.759393 0.687143 11.300910
-3.128000 -1.402918 11.199753
-2.221183 0.518000 10.730360
0.764059 3.059456 10.103730
-1.553606 3.680788 7.792873
0.001642 2.574236 5.987340
2.063018 3.825270 8.869162
2.051135 2.349985 7.066540
0.177929 4.371949 9.768570
-1.377223 4.339394 4.943150
-1.325015 2.838442 9.061268
-2.560016 -5.265238 6.708793
-4.838167 -3.872406 9.661242
-0.487220 -3.296731 7.643461
-0.139026 -3.342207 8.001822
0.387222 -3.035416 6.084527
0.791750 -3.972452 5.152456
0.308786 -3.329056 6.866015
-1.438486 -3.002714 7.371495
-1.364893 -4.330920 8.160657
1.225191 -4.613506 8.774552
-0.565390 -3.122797 5.011789
-1.846365 -3.063077 8.405770
-1.577260 -4.011561 6.792343
-3.107571 -5.202968 6.669645
-3.632346 -4.005154 5.911269
-2.862075 -3.978879 5.612787
-2.225981 -3.148186 3.849303
-7.481845 -5.073987 5.718355
-4.724146 -3.074392 5.680984
-3.657456 -2.974942 8.059045
-0.959485 -3.516170 6.886017
-1.354878 -4.338081 6.430596
-5.501302 -3.568923 11.783700
-7.406071 -2.227845 11.067944
-5.936692 -0.104425 6.471249
-6.282741 -2.054833 7.920751
-6.416660 -0.112824 8.004422
-9.691318 -1.951938 12.244003
-2.435014 2.330490 10.265958
-6.388853 0.416856 7.558513
-4.589720 -3.384072 6.820391
-4.967649 -0.768766 11.057127
-7.389038 2.902090 10.054063
-6.655253 5.193271 8.223482
-5.652121 2.296776 6.159409
-1.680479 2.629610 4.891290
-3.728872 5.872573 6.057835
-6.457485 1.591627 2.392989
-6.659086 3.993004 3.144489
-5.921015 0.040719 2.763735
-6.508584 2.370383 6.169862
-3.014259 2.397141 8.215081
-2.453891 2.497226 6.165106
-1.481064 2.302223 5.564515
-3.426025 2.489807 4.504128
-1.909162 4.633631 7.158675
-4.010680 2.260299 8.271753
-2.653511 3.346642 10.429391
1.132004 0.054878 12.514624
-2.256694 0.537416 10.871940
-3.333484 -4.757490 12.751631
-0.237830 -3.523095 9.770226
1.687321 -6.266550 10.156954
-2.527529 -4.243424 5.484483
-3.313711 -3.226519 6.232282
-0.352703 -4.458118 5.950552
-3.401990 -3.111712 2.390688
-4.226476 -3.947380 2.070721
-4.065739 -4.798091 5.165035
-2.174615 -3.119591 3.980217
-5.842391 1.055576 10.357706
-5.969607 -0.759025 9.407278
-3.373828 2.113384 8.968310
-1.953660 4.072841 7.926968
-3.760564 4.143481 10.167508
-5.070858 4.180637 13.088867
-2.942316 3.367179 10.663823
-2.424433 2.433562 6.762259
-0.208994 -3.118788 7.196021
-2.121735 -2.946134 7.816811
-3.103955 -3.318418 8.899817
-5.539238 -3.636811 7.085155
1.936609 -4.317484 5.244594
2.410242 -4.753480 7.102623
2.250151 -3.269070 8.067223
2.327013 -2.929669 8.081813
-3.554345 3.857039 9.289823
1.834950 -3.232010 11.133129
-0.135742 -4.625522 9.196958
0.612092 -2.935778 7.736439
2.832525 -2.977927 8.666153
5.776868 -1.291106 14.277607
-0.855898 -0.861699 11.232283
-0.258462 -2.063396 11.003136
-0.876423 0.781556 12.071002
4.396706 -1.504367 13.019966
2.932992 -5.724336 7.746458
-0.984653 -2.919193 7.188038
-2.870847 -4.147206 5.696358
-3.049268 -5.397611 3.321014
-3.041483 -3.849836 2.484651
-2.415557 -2.991071 2.592110
-6.845469 -4.002746 3.458816
-6.836300 -1.066085 3.777610
-6.191936 0.181624 7.513647
-7.146149 1.365938 5.116411
-5.809831 -1.773897 4.060425
-8.961053 -1.482409 7.303481
-5.844176 -2.545503 7.086394
0.665278 -3.002142 5.694881
-2.275266 -6.671967 6.819384
1.480819 -3.813015 5.005045
1.610435 -5.512604 4.954829
-0.217699 -3.532571 5.926324
1.036104 2.337036 6.693559
-0.292830 1.076345 11.233118
-3.010773 -3.227461 9.961121
-2.154597 -5.399861 5.341932
-3.013840 -6.988919 7.360658
0.008997 -3.363941 8.260710
-2.756326 -4.393538 8.700313
-3.045311 -3.693980 9.163091
-1.894705 -4.926295 6.540795
-5.526562 -4.354983 6.448269
-4.594332 -2.951094 3.394354
-6.723983 -3.465529 2.127105
-7.117152 -0.389571 2.016056
-8.403232 1.793843 4.931806
-6.210749 -0.221536 3.023833
-10.572217 2.447506 4.879604
-9.267432 2.087506 6.515780
-4.346231 0.750783 -0.063617
-7.799584 0.345078 1.764182
-5.947915 0.738923 0.543300
-8.246339 0.070410 2.600917
-6.256047 0.787705 2.231317
-7.494882 1.427768 6.248067
-5.960711 -0.925353 9.460115
-6.296494 -1.803979 3.532247
-7.356896 -1.956136 5.886425
-6.661579 -2.128193 7.762076
-8.166868 1.804314 8.661004
-2.671263 3.708292 4.632838
-2.118528 3.245241 6.094965
-0.698215 4.653954 3.909474
-0.248048 4.042627 3.393486
-0.958746 2.974034 4.413123
-6.192863 4.963448 11.725958
-3.782313 3.810020 7.077137
-3.938542 4.850448 4.285173
-7.421677 0.020510 7.397925
-5.786468 -2.420080 4.982165
-6.041096 -4.004817 11.180316
-2.785740 -3.626622 11.035967
-5.531620 -2.248434 11.499318
-6.266871 -8.247014 8.441493
-4.278955 -3.622077 4.006545
-4.252499 -3.056734 4.993914
-4.498963 -4.552110 10.092184
-2.285012 -3.550472 6.409928
-2.706232 -5.144342 4.133101
-3.083141 -3.793520 4.597207
-2.784590 -5.342594 3.031659
-3.697814 -2.889119 3.858075
-3.983589 -5.245255 4.170254
-2.240514 -3.906869 3.289918
-6.408022 -1.383929 3.000877
-8.081246 -0.753104 4.307825
-7.138526 -1.206053 5.791635
-9.646107 0.625484 3.721000
-6.641585 1.680759 2.712275
-6.208062 -1.234653 4.916899
-7.165505 1.706353 3.346020
-6.590903 -2.710097 7.007973
-6.091223 -2.741849 4.600770
-2.693332 -4.515411 3.475159
-2.083346 -5.567727 1.547605
-2.810343 -5.904169 1.582547
-2.492773 -4.074417 -1.161428
