3.103144 -13.139506 3.288924
0.943414 -12.920814 3.239326
-3.142869 -9.498343 5.954434
-2.237576 -7.975227 6.905146
-1.263358 -5.099368 4.938089
-0.187907 -4.150269 6.427491
0.180109 -4.970402 8.542166
-3.473611 -7.407405 8.005637
-0.111081 -5.237857 5.767646
2.987032 -6.746613 6.220928
3.591218 -5.832934 5.319025
7.405889 -7.667997 7.477495
4.235564 -3.343091 6.235202
6.383085 -6.336964 5.846540
0.650785 -5.146355 5.474564
-0.259951 -5.882585 5.639785
-1.965664 -9.196702 7.633317
-4.742501 -6.944464 3.263386
-3.569402 -3.183151 0.713890
-2.870793 -13.087414 0.565447
4.518252 -11.134606 -1.580655
4.258894 -7.399663 -0.816894
3.239578 -3.808515 -0.787904
3.609894 -2.695756 -0.667505
8.198990 -11.424851 -2.356366
3.719136 -5.734266 -2.515882
6.809575 -4.838342 -0.593988
6.234508 -4.770771 8.010354
6.140063 -2.848389 8.390843
6.254550 -0.324055 1.803333
4.934988 0.620592 3.233556
5.468916 0.756357 6.850755
4.781383 -2.779753 5.652532
3.354403 -4.364576 5.089657
3.898197 -2.907069 4.778128
3.644301 -3.569356 5.085695
-1.270335 -4.468336 7.410988
-2.394557 -2.513028 11.763509
-3.460816 -4.447367 6.636741
0.983424 -4.595166 5.779723
2.937385 -6.116215 6.612584
1.114023 -3.703813 5.269291
-2.597567 -3.566786 5.262173
3.764747 -3.295992 8.267662
3.169171 -5.934344 7.733541
-0.105614 -2.935644 7.152095
4.647210 -3.185445 6.314425
8.260882 -4.998559 5.064443
4.580838 -5.206775 5.188451
4.390486 -3.380589 4.638141
4.017699 -3.929522 4.525148
7.828126 -6.346256 5.006091
5.112952 -7.160074 6.526272
3.064433 -4.263925 6.065158
6.139290 -4.136224 5.751240
3.587256 -3.731818 7.028221
2.666176 -5.275283 6.185561
5.850993 -7.545928 5.595293
5.382242 -1.663696 -0.884200
3.469463 -2.009270 -0.505544
4.507810 -1.568380 -0.967693
-3.348982 -8.920736 5.698387
-1.666229 -11.682650 2.264849
-1.388364 -11.651908 4.924346
0.087011 -7.366690 5.515768
-2.016636 -7.490427 2.944887
-2.049652 -9.084251 4.943731
-4.522511 -8.465914 3.766082
-3.842172 -12.654188 5.007669
-2.372309 -9.157847 5.590409
2.663342 -11.534490 5.858037
5.572378 -13.637458 7.084059
2.011248 -9.906474 6.243701
6.762153 -7.561633 5.825890
3.709940 -8.618833 9.979241
1.065718 -7.693677 5.923096
0.968965 -6.245296 5.552586
2.797143 -12.378667 7.164995
4.308548 -10.923923 5.829828
4.912541 -4.691529 4.633603
3.086479 -5.000267 4.762158
2.716699 -7.436024 5.528522
4.025466 -8.190988 5.907637
2.500782 -7.812688 7.011766
2.392889 -9.054965 5.846140
4.926000 -4.532153 6.330074
3.260095 -6.441266 5.188769
2.432481 -6.174376 4.958524
-0.052030 -5.686697 6.012815
3.088922 -9.046254 -1.463414
4.433419 -8.556196 -1.560091
3.577561 -5.925922 4.832131
2.115766 -5.276069 6.893281
3.153072 -4.635907 -0.878385
3.756679 -3.792718 -1.261365
3.837960 -7.751372 -2.099385
4.371819 -7.745967 -1.886109
4.372595 -10.846280 -1.161728
6.313287 -6.540026 -1.055996
3.475312 -8.073321 -4.322713
4.165631 -4.136026 -0.745234
5.814703 -7.498113 -2.155345
4.819539 -5.727547 -4.231076
4.591313 -8.093255 -4.244298
3.488759 -6.708919 -1.777158
4.058829 -5.679321 -0.871425
4.276367 -3.656650 -1.308330
4.914178 -7.413634 -3.841520
3.680047 -5.209366 -2.593404
3.809933 -11.466990 -2.225737
-0.069808 -12.259215 0.175957
-2.868109 -11.514978 0.107362
-2.858955 -7.859498 -0.220316
-3.474384 -4.980911 -1.742348
-3.055672 -5.348192 -2.698808
-2.811360 -4.189248 -1.629013
-2.160810 -7.550310 -2.835938
-2.391273 -4.420684 -0.655705
-2.367071 -4.528035 -2.027907
-2.739731 -3.544574 -2.129167
-2.195523 -4.356866 -0.932158
-2.200904 -3.940186 -1.480148
-2.371029 -4.279802 -2.450893
-2.088706 -4.107022 -0.815143
-2.542659 -7.219784 2.461626
-2.258378 -5.944694 -0.422152
-3.318198 -10.645666 -0.888028
-3.652194 -8.607706 -1.305479
-3.192648 -6.218114 2.128975
-2.493356 -9.699300 3.813367
-3.131725 -6.431787 4.196145
-2.927808 -9.705306 2.711833
3.994622 -11.899524 0.059843
5.250941 -11.719379 -1.757918
3.330317 -10.298560 4.769117
2.333143 -7.611141 5.549109
0.988699 -6.349057 5.010460
6.219541 -8.639504 11.130732
6.979136 -6.163343 6.439136
5.227411 -7.435585 6.509257
1.827254 -11.686440 5.371558
-4.815902 -12.285275 2.938192
-5.763185 -7.254414 3.886230
-3.007597 -10.010597 2.281630
-5.006876 -7.194908 0.988948
-2.517170 -6.260421 0.874535
-4.343576 -9.933744 2.118234
1.374275 -12.933954 5.010560
4.211571 -12.941916 7.086856
3.022508 -7.025799 7.330086
3.923191 -6.287642 6.499817
4.597284 -6.357103 7.748098
7.173589 -5.148217 6.086230
-2.964458 -11.489467 4.856766
-0.118850 -11.210999 2.984764
1.412015 -11.274044 0.145012
5.865244 -15.666543 -9.288399
-0.444697 -12.888365 -7.851511
1.156741 -9.080500 -5.107021
-1.544511 -6.761513 -6.577638
-0.011255 -5.755159 -7.194635
-1.834836 -3.952077 -13.471230
