-19.566154 -5.976967 0.966697
-7.036815 -2.053817 5.109573
-6.308067 -6.640989 9.598784
-5.787822 -7.070447 8.004878
-2.120673 -5.027028 4.444101
-1.274387 -5.303747 9.416165
-2.738436 -1.355498 12.280538
-2.507462 0.883960 11.577283
-3.376523 -1.714088 12.558740
-3.250530 -0.741001 12.430785
-4.056482 0.780630 11.231382
-8.934061 -1.217473 11.213048
-5.433962 -4.405478 7.762080
-2.274999 -5.616802 8.013564
-2.600121 -3.253476 8.045666
-2.444890 -4.066508 8.229253
-5.482880 -2.978389 7.599952
-5.912150 -2.859054 4.809512
-7.049752 0.853759 4.959033
-5.494537 -3.821800 5.749939
-5.501369 -3.950150 1.413881
-4.230981 -2.894202 2.285719
-5.933304 -7.310361 3.194520
-8.774205 -5.743421 4.621463
-6.000947 -3.531029 3.634777
-2.293998 -4.080368 7.634368
-0.100399 -3.490733 6.232896
2.095494 -3.551184 5.736323
0.410317 -3.403941 7.206666
-1.125586 -3.060973 6.309559
-3.734404 -3.071214 9.421887
-6.766216 -3.910372 5.023079
-3.563629 -4.182445 5.317114
1.590136 -2.951582 5.445393
2.789006 -4.288152 5.741543
-1.476431 -3.557231 6.944020
-3.858096 -6.508154 12.358530
-2.104305 -4.467907 11.644218
-1.476521 2.187619 12.650210
-0.048001 -1.665511 12.226151
-1.202823 -0.762147 12.320251
-1.876405 -7.589438 9.491058
-1.578152 -3.107723 6.571705
0.466370 -5.850286 12.681099
-4.617591 -2.710062 11.896093
0.086072 1.964169 12.239731
-1.579518 0.847489 12.617233
-3.407705 3.473926 9.596490
-1.458350 2.682498 7.388969
-3.372688 2.463435 7.555321
-2.562186 2.124909 5.907811
-4.783161 2.820471 5.926130
-5.850065 2.185967 3.213927
-6.961647 0.587275 7.211072
-8.923205 -1.446134 13.202967
-6.625175 -3.445003 12.068045
-7.273179 -1.746182 6.229907
-7.768841 -2.604564 4.196136
-9.884136 -3.841460 3.783139
-2.343011 -3.202461 4.382525
-4.467049 -3.708478 5.329459
-6.005683 -3.434152 5.647168
-6.101130 -2.147197 7.778636
-5.612775 -5.362179 7.722592
-1.411179 -7.639887 8.550927
-0.649494 -6.505175 8.332496
0.263671 -3.378256 6.258832
-1.674144 -3.010022 5.680376
-2.714809 -3.833991 6.996009
-2.086995 -3.360067 7.525054
-4.328707 -4.551763 9.450158
-2.249594 0.542098 18.610317
