11.304358 -5.364193 19.529140
8.162660 -8.817532 10.959859
5.551280 -1.236947 4.520374
6.797376 -3.044028 6.024372
3.640263 -3.214440 4.656530
0.087007 -4.114295 8.888731
-0.544319 -3.301733 12.499252
0.342800 -3.901034 5.933547
0.504539 -4.485744 5.763328
0.434197 -3.644910 5.193869
-0.800128 -4.870604 5.141548
2.005985 -10.969229 9.437081
2.117394 -3.203413 5.542106
3.761448 -5.117743 5.140820
6.261944 -2.501249 5.101936
6.764828 0.662202 5.710948
6.336154 1.184894 5.301962
4.459964 2.315948 4.273013
6.365439 0.747414 3.488161
4.499604 -1.004502 9.021290
4.311009 -5.989784 9.862557
3.360181 -3.772267 4.527385
0.185803 -7.236564 11.924042
-0.223793 -0.602237 11.962215
1.099311 -3.867014 11.478282
0.569712 2.079283 13.394061
4.553174 3.509937 12.268770
2.658889 -0.054846 13.030204
2.910350 -1.964994 12.985613
1.199262 -1.667529 14.138558
1.394774 2.985358 8.886846
2.271297 -4.150408 8.037536
-0.098524 -3.554706 10.391170
0.691046 -0.056252 10.962715
-0.032340 -5.860303 7.950294
-0.419264 -3.145330 5.001426
2.299131 -4.247068 9.342016
5.015030 0.369394 7.633790
5.065639 0.360805 2.776252
4.734687 -0.634515 4.584001
5.507274 -1.089056 6.009072
4.895685 -2.231295 4.996300
1.279209 -4.814623 6.131917
2.530971 -4.890276 9.498204
4.343630 -2.956124 5.330377
3.246608 -3.166494 5.445826
2.863393 -3.917275 5.760342
6.112284 -2.170514 5.485368
3.672710 -3.255316 6.383273
2.180308 -3.085003 6.394329
3.495060 -3.490095 6.599720
8.086873 -2.801713 4.805302
6.164021 -0.267957 7.075400
4.561311 -0.211807 5.981306
4.971125 -4.172487 7.242095
3.476289 -4.228273 7.675218
2.790678 -3.732135 5.949526
1.816865 -3.463732 5.647458
3.353925 -3.284427 4.878085
3.355212 -3.638065 7.288191
6.508733 -3.575584 8.528428
4.038128 -1.491078 11.064921
3.714270 -0.269658 11.406445
1.363458 -6.773570 6.255716
1.621162 -5.700698 6.897010
5.298946 -1.314956 4.615016
3.589218 -5.257871 5.311301
2.469016 -3.869674 4.931572
6.501883 -4.152955 6.522872
3.607424 -5.290722 7.831330
2.874782 -2.757704 13.288465
0.934243 -5.480808 6.702785
1.562662 -3.878458 7.839083
0.824223 -2.968351 8.215239
3.237120 -3.291517 5.137047
2.534255 -3.350529 9.747796
-2.110991 -4.646145 10.557354
-2.464602 2.473241 18.106611
-1.097453 2.783567 13.577768
-2.181185 4.946910 12.486484
-0.386576 2.396382 6.808259
-2.696682 4.679322 10.324317
-2.726297 2.449757 8.412913
-3.709531 2.528085 4.749557
-2.821607 4.956267 5.377741
-6.738429 3.309520 2.591513
-7.093579 1.533181 6.399216
-7.985186 1.359030 5.755305
-6.081240 1.765817 6.548772
-6.164678 -2.143871 8.435947
-8.053847 -4.513389 6.224006
-6.469036 -1.110976 6.399088
-8.046828 -2.429355 3.661605
-5.985904 2.212649 3.457564
-4.322498 3.036842 2.818776
-3.912514 2.201849 5.029262
-4.032568 -3.144510 4.353343
-5.846356 -4.106287 6.039051
-3.412392 -6.052676 9.587158
-6.114319 -1.151532 5.694183
-5.909384 -5.981427 4.993779
-4.700046 -5.321878 5.556939
-5.049717 -3.622237 3.617033
-2.663047 -3.671786 2.818058
-2.970928 -3.139199 2.228266
-2.605608 -3.975008 4.721095
-2.743668 -3.994055 7.508572
-1.339556 -3.177074 7.450446
-0.990369 -3.422788 5.607983
-3.884265 -3.478598 7.060995
-3.357790 -6.329231 6.475321
-4.562857 -3.426376 7.666610
-4.930232 -3.376354 10.693626
-4.583904 -1.793377 11.144638
2.818318 -0.896497 11.499957
1.001735 -2.992477 6.955907
-3.098145 -2.919163 7.855196
1.277982 -3.063443 6.757042
1.322351 -5.093149 5.674573
4.109175 -3.213372 7.695702
-1.155980 -2.996028 8.542361
-1.906003 -3.828942 5.883026
-1.369290 -3.968975 7.907109
-1.253289 -3.620566 7.525066
-2.245200 2.304740 7.921688
-0.999792 3.607266 8.782885
1.361697 3.142555 7.917317
-0.994214 3.688090 7.867729
3.852908 -3.990077 6.586858
-0.868620 -4.080056 6.922352
0.182891 -3.280540 11.416730
-1.429193 -5.045105 5.639596
-4.668299 -3.492657 5.523218
-6.088730 -3.237884 2.934466
-6.091431 -0.652318 3.488528
-5.837118 -2.161235 7.790649
-6.036991 0.354853 9.467689
-5.915955 2.464980 10.279122
-2.434978 4.070684 8.547203
-2.882565 3.722185 9.148483
-4.618090 2.239097 6.545981
-6.693777 0.116296 5.848475
-7.374894 -3.324041 5.979154
-6.909903 -0.089460 4.713484
-6.091105 0.324131 9.278360
-7.924744 1.897569 2.375129
-5.315700 3.875682 9.402946
-2.396812 7.059009 8.505343
-0.515163 4.192399 6.682212
-5.210160 2.758825 9.496513
-5.624313 3.027694 6.786744
-2.646044 2.185417 4.896135
-3.546499 2.696180 5.107492
-5.472460 2.219808 4.137084
-6.778326 1.884869 4.655660
-6.326600 1.600726 6.907894
-5.838029 3.408631 3.114965
-5.740984 3.531087 3.343285
-8.315846 1.606789 3.318331
-8.625893 2.364980 0.497832
-4.609884 -0.199403 -0.135904
-7.382197 0.388173 1.704013
-5.817098 -0.237694 1.499012
-7.443061 -1.968748 1.968316
-7.580860 -3.438305 0.233752
-3.709496 0.787112 0.342231
-4.993018 2.211017 0.425212
-3.726985 1.019744 0.498761
-3.303682 -0.352288 0.203846
-5.522944 -2.673380 0.255253
-3.420727 -3.780849 4.071934
-3.591872 -3.678899 4.181971
-0.708045 -3.717826 5.863806
0.399987 -4.225377 5.423300
1.080388 -3.441761 5.879099
-0.583120 -4.774188 6.523779
-2.902805 -3.500700 6.200958
-2.524900 -3.714621 7.348654
-0.516005 -4.211220 5.962998
1.073527 -3.218305 6.412828
6.207562 -3.833624 6.761038
3.416125 -4.426433 7.263422
-4.207529 2.804105 3.394037
-4.853320 -0.666979 0.428985
-4.732766 0.614791 -0.568643
-5.866603 1.286859 1.602210
-6.025326 2.840116 2.106860
-5.043057 2.647387 1.110793
-4.908165 2.531521 1.714844
-5.903091 2.856190 1.300877
-4.309933 3.529417 3.987438
-6.688980 2.696985 3.581491
-5.595750 2.180807 8.928109
-4.400568 4.411343 10.816674
-6.522030 0.797063 7.671524
-6.102637 4.153318 4.370372
-3.454731 2.922951 5.763597
-3.635856 2.710603 8.479288
0.378676 3.993314 11.372992
-4.072203 2.011969 14.196328
-4.898960 2.283545 7.929490
-1.954458 2.567693 4.610734
-2.220272 -4.558504 9.456722
-1.677940 -5.783463 7.750699
-3.403989 -3.479156 5.036647
-2.122692 -3.822039 6.401238
-2.524246 -3.482804 9.869712
-1.961651 -3.994189 7.178839
1.423573 -4.273997 7.699830
4.929966 -5.454459 9.216187
4.550437 -2.652561 7.031773
4.465991 -2.006875 7.069160
0.780546 -3.672402 5.480451
-0.258442 -5.524710 5.088809
-0.812258 -2.978265 6.989374
2.480432 -3.034239 5.114558
-0.217801 -7.145533 9.373190
-0.262269 -5.228496 7.911001
1.806534 -3.257766 9.597029
-0.560011 -3.498269 8.356637
-2.740848 -4.357555 9.959887
-4.412291 -4.839139 6.266368
-6.424224 -3.201934 5.080039
-6.041512 -3.333559 1.967602
-6.715874 -0.867087 6.081747
-7.532738 -3.299391 10.152209
-2.336930 -3.942928 5.688680
1.773466 -6.223058 7.529720
3.246756 -4.107985 6.320292
6.094901 -5.876595 6.576133
2.505687 -4.240309 6.735771
-2.968548 -2.992736 6.939811
-2.488224 -3.558622 7.194811
-5.868096 -4.414372 10.075983
-7.134816 -2.333441 9.632364
-10.047534 -1.445316 13.585735
-13.013782 -1.665767 19.050697
-7.771699 -1.815158 11.205870
-7.469666 3.221539 11.229031
-5.270099 2.213077 10.307580
-3.187822 2.522225 8.483989
-3.090649 -2.908616 6.147503
-6.970853 -2.852052 4.573718
-7.578085 -0.586259 6.067039
-6.737718 1.956932 5.852118
-8.004321 -2.713006 5.302618
-6.142662 -0.956008 7.334522
-5.867331 0.662690 7.637996
-7.982919 -3.302896 7.199056
-6.441981 -1.978293 7.695412
-5.986121 -6.140896 9.612712
-3.908091 -4.112911 12.314826
-2.343472 -3.534143 7.733070
-2.792104 -3.883061 8.687884
-4.309521 -4.942679 9.705972
-3.359627 -2.126655 11.721764
-2.950073 -1.715468 11.082457
-0.763586 -1.642268 12.511454
-2.071101 -1.625898 11.776144
-3.382971 -4.613844 8.752690
-1.944532 -4.511343 8.795070
-1.074143 -2.348556 13.122731
3.171582 3.389009 11.065187
1.677005 3.641365 12.929652
-2.255026 -4.118587 10.181076
1.735520 -0.374577 13.647343
7.193596 -3.040992 15.843726
1.330320 -2.992842 10.630122
3.869837 -3.708298 4.563773
1.162813 -5.484235 4.946626
0.987834 -4.294103 5.084264
-1.592034 -3.231709 8.168078
0.407617 -4.625852 6.958227
2.108523 -4.139823 10.143058
-0.451308 -4.325684 9.879573
1.026283 -4.612338 9.153659
0.543714 -5.232398 5.703428
1.366279 2.453281 4.951092
3.230321 4.434037 12.237473
3.147843 -2.617039 11.471704
-1.674576 -5.449992 9.434005
-0.727027 -2.970106 5.649984
0.262333 -3.137676 6.295840
-2.698087 -7.341247 5.203169
-2.586783 -9.403666 5.977544
-2.370507 -6.132608 2.705761
-2.443105 -3.675241 5.696355
-0.783757 -4.472163 9.085845
2.182153 -5.138320 9.079265
5.302402 -2.280113 6.698550
3.609636 -4.242220 5.800771
3.208716 -3.399687 7.880732
10.142146 -7.400216 9.308798
5.815843 -4.998725 11.304524
5.690249 -1.308352 4.970959
6.138359 -5.021554 7.070709
1.664536 -2.954344 5.994638
0.114475 -4.858539 6.553771
-3.070244 -4.231883 6.480924
-5.517413 -4.156706 6.473175
-2.924569 -5.663961 6.133891
-2.587827 -3.882251 5.418270
-2.231183 -5.022263 2.093488
-3.107907 -5.743045 3.161717
-2.571538 -10.160084 7.029014
-0.855845 -7.446756 5.578670
-0.825222 -5.742393 5.702453
5.086341 -6.623438 4.777280
2.993317 -6.035905 6.680696
7.169597 -5.136535 4.564897
1.983364 -4.845518 6.304632
3.781986 -6.751380 5.007248
5.922034 -8.717704 4.565395
0.162536 -10.848546 5.527030
2.395540 -12.617208 1.103183
4.133428 -5.108657 -3.865019
1.030900 -6.833725 -5.331112
-1.392511 -3.248985 -5.507260
4.873265 -3.424446 -2.755000
4.894683 -3.185308 -3.751801
3.293286 -8.408689 -1.433171
5.125907 -8.152971 -2.893069
4.627077 -9.911381 -0.544054
7.170887 -18.145468 -1.421060
2.056310 -12.770282 1.538743
1.152298 -11.287769 2.347755
2.526108 -4.410410 7.649233
-0.767762 -7.012544 8.127490
-0.431438 -8.307064 6.154088
0.509264 -8.791800 7.931058
0.189177 -4.296896 6.725537
-1.987934 -7.563935 3.641008
-4.830179 -6.849552 4.046294
-3.616076 -8.141994 3.743360
-3.942793 -11.995016 5.222221
-4.925518 -6.478774 2.407455
-4.232704 -2.915067 2.812197
-3.916014 -3.877066 1.550492
-2.466549 -3.549338 2.221196
-2.300782 -6.859399 2.591498
-2.414851 -6.001362 -0.401161
-1.940462 -4.964548 2.332221
-2.355313 -5.695361 -1.944135
-3.065864 -3.218131 -1.871449
-4.585679 -3.773274 -1.892868
-2.825366 -9.094284 -8.368002
