-5.851720 16.892851 15.755226
-0.232452 6.341805 7.975085
0.316828 1.925817 11.801774
2.669686 2.504906 11.319299
3.143812 -0.085473 12.712304
2.816492 -5.509572 11.817878
5.009257 -4.679984 6.260094
-1.078579 -4.156756 8.945403
0.049866 -3.065530 6.741525
0.429219 -2.963581 5.648702
1.586657 -7.024899 6.687101
0.490386 -4.996190 7.085054
6.285955 -2.137997 10.470867
5.160831 -0.704737 6.543871
6.749991 5.022974 7.735103
3.849267 2.904286 3.684208
-0.585789 3.362155 8.031779
-2.716961 3.015807 8.757128
-2.065298 2.875585 9.069980
-2.677859 2.718862 10.249377
-2.273706 1.421688 11.939724
-1.746542 3.390363 7.490694
-2.252868 2.536336 7.739165
-4.249329 2.577792 7.766959
-2.328549 2.643024 4.292607
-0.759306 4.678124 5.558163
-1.109306 2.667671 7.811786
6.255389 6.856652 10.649055
5.059141 2.746438 10.190927
4.596147 1.681136 7.514237
3.415405 2.249514 6.114976
1.314610 3.978704 7.035920
2.880463 -3.296671 9.497291
-0.401546 -3.176191 5.200090
-2.348109 -4.819888 8.183450
-2.570604 -6.140192 6.366772
4.387035 -0.040288 5.502874
3.653958 3.666979 7.169768
4.295786 0.242057 11.448708
1.128572 1.165972 11.370699
-0.699212 2.520890 10.783006
-2.014220 2.725815 6.520919
-0.079554 3.387693 6.600114
1.270725 3.873390 9.026454
0.612605 1.496482 11.662773
2.775492 3.111730 8.185167
1.444066 2.962220 7.413855
-0.904037 3.130747 8.476935
3.143970 2.724827 7.617957
1.823584 2.488938 7.999494
-1.271228 1.858339 13.032340
-0.634706 0.125276 12.949010
-2.378039 3.560770 9.799239
-4.679921 2.135816 4.805709
-1.367794 2.718435 6.063800
-3.896416 5.859217 7.462996
-4.851957 5.053196 9.787540
-5.763153 1.243905 10.254968
-5.436294 -3.607431 4.459791
-6.995257 -2.863404 5.834785
-6.402640 -1.227279 7.982237
-1.139135 4.261418 8.420470
2.121134 -3.213868 7.400393
1.039919 -3.523564 6.616711
-1.049055 -4.548790 8.788374
-1.837387 -3.627424 8.755687
-2.035023 -3.117870 10.137782
-4.003489 -4.010820 8.872424
-5.364244 -2.973047 10.924346
-0.232126 -3.517302 5.935942
-0.874945 -5.562213 7.827484
-4.264597 -3.682486 3.878594
-1.911038 -2.915131 6.016683
0.554784 -5.690192 10.190549
1.997089 -6.077437 6.519283
3.768138 -7.501431 7.721411
5.407194 -5.657048 5.134648
-0.085098 0.630602 11.892659
-2.668388 1.006475 11.604283
-4.514214 1.495801 12.663221
-3.652827 2.789910 7.591829
-3.036695 3.025221 6.846351
-5.904614 -0.904413 8.974100
-6.079635 -6.568199 9.873073
-0.113393 -3.186730 7.063052
-0.112228 -6.026896 8.522620
-1.932171 -5.750627 9.605556
0.232983 -3.892059 11.042751
-3.200294 -4.854519 8.454857
0.987465 -4.348843 9.050337
0.083751 -3.906993 8.916224
0.314477 -2.376536 12.143484
-2.113383 2.163209 11.887221
0.930621 3.403281 5.067722
-0.798890 2.577510 4.769682
-0.754908 2.822253 7.003869
-0.604922 5.331030 9.957884
-0.701065 2.839126 7.908360
-0.466969 2.921867 5.512157
-4.007701 3.794122 9.882820
-0.903824 3.738747 5.709931
-0.897452 5.370479 8.783896
-3.228322 2.557803 8.441169
-6.492420 2.751080 3.698581
-6.424915 -3.909234 6.506730
-2.220670 -3.432761 0.990311
-6.248859 -5.157865 -0.355579
-7.979962 -6.397978 2.478644
-4.164618 -4.895087 1.968081
-1.477191 -4.560503 8.462680
-1.769238 -4.811324 7.788606
-1.621646 -2.866864 14.598218
-0.018919 -0.908934 11.074031
-1.625014 -0.633163 12.348880
-1.178760 2.522072 12.370561
0.841310 1.988667 11.496461
-0.652929 1.221809 10.937245
-3.333388 -1.111581 12.289637
2.486893 -1.064939 11.917722
1.949941 -2.215771 12.899361
-1.467773 -3.588104 9.722331
-1.117669 -3.004405 8.036116
-0.877061 -2.938058 5.921756
-0.300007 -2.972342 5.209308
-4.895803 -4.047467 5.463777
-6.274382 -2.464952 10.696663
-6.327090 -0.284082 7.477638
-8.067841 3.309700 5.392183
-3.942850 2.482113 4.115517
-1.203517 2.932217 5.833914
0.339934 2.847874 4.778924
-2.193449 4.509586 9.200090
-3.505300 -9.792867 9.682783
-0.753714 -4.692688 5.394248
-0.609755 -5.092322 6.152220
-0.328346 -4.194994 7.448874
0.011153 -4.079654 11.449979
-0.018736 -1.386324 11.907166
1.957259 -2.667850 11.217334
-0.261372 -3.379535 12.174814
-2.610191 -6.955982 6.569258
0.394966 -7.014345 8.972389
-1.289989 -3.884306 10.145461
-1.985467 -3.838117 7.690980
2.758546 -4.954597 6.706161
3.492963 -6.528666 7.474971
3.490438 -5.109531 5.656462
-1.452911 -3.978782 7.226254
-1.205586 -3.273705 6.704916
-2.099173 -3.822534 7.179297
-3.623366 -3.274638 7.945872
-3.224819 -3.024877 6.724089
-1.720912 -3.528567 6.241713
0.435812 -4.291864 9.204473
2.982567 -14.768491 5.523574
