11.909009 0.132034 -17.947023
5.842683 -0.846794 -11.812795
2.786356 0.790792 -5.041519
2.172427 -0.684659 -2.174761
3.224464 -2.957813 5.066961
4.350529 -4.265810 6.694976
4.327528 -0.194596 4.935959
4.466381 -0.378495 3.966794
1.774099 -3.237116 4.979653
2.468502 -5.668172 5.085674
3.214984 -3.585879 4.750978
8.230338 2.176072 8.096307
4.172446 5.648393 9.420238
5.013722 -0.160741 4.350232
7.584105 -1.927838 6.632030
5.826399 -0.662552 9.340539
4.284708 -0.887655 4.713503
5.713852 -4.916089 4.534630
3.048515 -5.310786 6.718541
3.809164 -5.017502 5.875637
7.037486 -3.217427 6.644540
7.407775 -1.870338 4.623310
7.827897 -6.587668 5.979149
8.738156 -4.376807 5.638193
6.696262 -2.754452 5.138635
5.979331 -6.561411 6.296155
6.522504 -0.374918 5.233860
5.442791 1.190145 1.418746
8.779170 0.843889 2.394255
8.666249 0.393253 2.007953
9.890450 -0.381506 -0.890748
12.262391 -2.077474 2.689512
8.595757 -1.539793 5.100588
11.344936 -1.234380 5.475900
8.011595 -3.502189 5.035583
7.931647 -6.647774 9.241942
7.996437 -1.217990 4.873988
7.657884 -4.894303 7.170269
10.248795 -2.404338 5.141452
7.386966 -1.909663 4.842394
5.298313 -5.424647 4.955034
3.975834 -6.503462 6.605062
0.346122 -4.538396 6.807398
4.276887 -5.856428 -1.208400
4.925618 -7.057921 -4.310409
5.375058 -11.133668 -1.384399
5.812285 -3.539603 -0.695004
6.377530 -11.795814 -2.124720
7.998841 -13.604509 1.239048
9.903182 -9.974863 -2.769253
8.828571 -10.173953 -1.896696
4.883377 -6.757068 -1.686094
4.138703 -2.461112 -0.571812
4.663876 -4.441984 -1.227226
3.514229 -8.477119 -1.638585
-5.986527 -4.697278 3.586922
-3.918065 -5.267554 2.746348
3.223424 -3.822860 4.840906
1.075709 -2.919043 6.095293
-2.210673 -3.202624 4.812829
5.711498 -8.097957 -1.747244
-0.305110 -5.769099 -8.163318
2.675561 -4.437977 -7.196019
4.875996 -8.344861 -5.851696
3.140959 -8.289514 -2.164207
7.799352 -11.972198 6.378971
4.438574 -11.270181 6.526826
2.486882 -9.311854 5.795944
1.864776 -7.774661 6.991576
-0.431453 -2.895360 5.371281
-5.704348 -3.171226 1.350737
-5.932196 -1.470716 3.624897
-6.474538 -2.629707 6.095674
-4.907418 -1.559954 10.923490
-2.804492 2.967304 8.498673
-3.061762 3.820624 9.523228
-5.520943 3.535724 5.350884
2.773845 2.886611 8.372510
3.960374 3.248067 8.120050
2.669935 4.466141 6.201304
2.847188 4.244607 7.066803
4.340549 -0.243804 9.933624
1.877876 -3.279073 5.552905
2.913461 -4.406312 5.516911
4.085025 -4.029077 6.607987
3.893772 -5.465601 4.598577
6.990608 -5.003340 5.535814
5.489953 -0.369172 5.174658
5.388877 -1.404528 8.853910
1.459623 -1.747625 15.777987
1.594487 0.129948 11.520963
3.066939 3.131556 6.247074
-0.843900 -3.104777 11.820048
3.059390 -3.564585 6.187887
5.003990 0.749262 6.990846
4.536037 -0.394308 6.159182
5.332648 0.901356 5.487372
4.525996 -8.494907 5.193869
2.830908 -6.685252 6.191669
-0.415348 -9.159407 4.938717
3.511601 -3.299605 5.240427
4.519871 -3.488943 4.783124
3.886835 -3.638102 5.937791
5.468687 -0.897780 6.537294
4.764894 -1.418284 8.829034
5.378261 -0.797752 11.442742
2.693300 -0.523111 14.061234
1.041877 3.375597 9.234141
1.148677 3.073141 9.139047
-1.953991 3.493527 6.603172
-0.452852 4.643336 12.459656
-3.878734 5.121128 5.543364
-2.150068 2.152245 4.366755
-4.909392 2.825102 6.000708
-10.743543 4.248681 6.737912
-6.320918 0.027309 9.094929
-7.243281 1.165061 9.213136
-5.057933 2.304272 9.307058
-4.281712 2.116210 7.101124
-4.273118 2.471869 8.244323
-7.785891 1.504917 4.767633
-8.117682 1.813031 7.278495
-6.105594 2.559317 4.864328
-3.862901 -2.944986 6.623056
-2.334599 -3.911172 4.689248
-2.042185 -3.203793 6.326357
0.567001 -3.399579 7.632532
3.126918 -4.903852 8.703629
3.309293 -4.637470 7.870521
2.335502 -3.544665 7.583071
0.582750 -3.999350 5.132540
4.149619 -3.175863 5.088953
3.992078 -4.910072 4.750328
5.938286 -5.452742 6.594630
2.987102 -9.007480 11.918995
2.297974 -6.016798 9.007745
1.226679 -5.494413 5.948931
2.302883 -3.321392 7.829468
2.180295 -3.118679 7.219235
2.540279 -3.454655 5.528762
3.163727 -5.309789 5.137748
3.541419 -4.902644 5.022799
3.038166 -5.911035 8.211841
4.369696 -3.937461 7.530802
5.874467 -0.456293 7.554358
6.975344 -1.020626 6.637114
4.365549 -2.757967 4.882659
4.394165 -0.243172 6.779535
5.246401 2.552854 7.742370
2.719180 2.236849 11.471207
2.436176 3.637072 8.046641
0.799069 2.178078 11.041524
0.582669 0.727471 11.332404
4.963686 -8.901354 11.316328
5.185674 -3.812177 6.249218
3.331602 -4.538802 6.202561
5.194991 -3.425589 4.935970
4.974370 0.560996 8.382355
5.352383 1.283928 8.891408
4.994818 1.273873 5.962355
4.526631 2.132807 6.025542
1.378678 3.020429 6.626624
-0.354722 -3.667096 6.566664
-0.449828 -4.424134 6.345504
-0.894799 -4.288531 5.756482
1.363774 -4.452248 5.871287
2.807161 -3.943382 5.741757
3.161798 -5.612394 6.239071
5.350316 -1.750135 6.753522
4.642793 -0.659122 6.378470
4.637669 1.955922 8.073657
5.711722 1.480555 6.332956
6.148786 -4.222951 9.277983
1.833270 -2.318435 11.769977
3.870780 -5.517699 8.565911
5.113497 -0.621058 7.364908
7.588840 -2.406842 5.829318
5.136225 -4.140067 7.280643
6.014676 -4.409131 11.216879
4.083479 -6.939491 6.819609
4.829466 -7.559687 9.124163
1.116513 -5.694855 6.025719
0.839854 -3.990589 6.874587
2.096189 -2.986804 8.093516
0.947825 -3.742344 5.215503
2.574646 2.236083 7.471070
5.490213 -3.516021 6.460028
4.891623 -3.224310 7.650250
9.130593 -3.530804 5.333734
2.498759 -3.367688 6.308646
1.506978 -3.077623 6.858335
2.871456 2.191667 6.875133
-1.460028 -3.854307 7.603422
-3.248784 -4.941586 5.720751
-1.286314 -4.735689 6.849755
-3.443912 -3.626011 5.241399
-2.391675 -3.528775 5.530046
-2.783415 -4.670611 7.328327
-0.140170 2.242411 5.742976
-0.765858 -5.249338 8.182091
-0.210862 -2.945856 7.273397
-0.188932 -4.207962 7.073901
3.357998 -3.823116 7.422904
1.114037 -3.774539 7.700940
0.475900 -3.742561 5.846006
1.457704 -3.080259 6.398484
0.553070 2.373065 6.350247
0.431155 2.588789 5.663416
-0.396714 -0.032088 10.810507
2.756819 -2.966231 11.143201
0.185338 2.815512 7.186527
-5.227658 2.585267 6.428510
-8.710295 3.915105 8.530330
-6.665349 0.638065 10.406037
-5.841650 -1.974876 10.557643
-6.815148 -0.398184 3.043286
-6.374521 -4.019969 4.221829
1.070527 -3.332238 9.161360
-0.626853 -3.463221 5.858589
1.716203 -4.248897 5.784954
2.419073 -5.091533 7.460131
2.605176 -5.027918 7.305227
1.723548 -3.983415 8.472158
1.087605 -6.602101 13.095518
1.304572 -1.516167 10.890746
2.231268 -6.939497 15.660213
8.005612 -2.026249 8.948853
6.622264 -0.814373 6.434655
5.247644 -1.643415 8.509797
4.409579 1.942838 6.258336
4.129999 2.989751 10.699748
1.447335 4.015787 8.121091
-0.359865 5.283259 8.716637
0.943462 2.279612 12.001587
