16.552366 9.572046 -16.406473
5.818698 5.592896 -8.526230
4.797479 3.339726 -3.582856
6.047585 4.201839 -7.658404
6.698902 1.037766 -3.365656
4.397307 -1.041424 -0.877787
4.309894 -2.321277 -0.835195
0.506893 -5.454090 4.960221
0.201101 -5.409071 5.571544
1.410526 -4.606977 7.952644
3.544064 -4.263282 6.411947
5.021229 0.954096 6.403345
4.426619 0.407254 4.472448
4.561327 -1.390269 6.221127
4.661438 -3.737507 6.928738
4.369997 -3.283117 5.033445
2.624982 -5.110991 6.096025
1.711579 -4.711815 5.558465
3.151844 -5.925912 6.395442
0.584111 -5.371729 6.540868
4.697031 -4.465387 5.246035
2.687171 -6.949229 -5.819022
5.649940 -4.871470 4.893742
4.960619 -4.801233 6.822876
4.794567 -4.108876 -1.193145
3.877623 -11.342334 -6.153300
4.615545 -5.153298 -0.911559
3.938385 -8.051821 -6.162725
6.104390 -7.963101 -2.508372
4.871332 -6.665769 4.785565
3.683625 -5.695983 5.511276
0.689218 -4.419688 6.207483
2.619274 -4.859781 5.556390
-0.263839 -6.480172 5.355188
-0.952224 -5.554046 5.400538
-1.881433 -7.234894 5.418872
3.484229 -9.025940 5.073254
0.428229 -7.238183 5.744978
3.366683 -4.418300 5.992646
10.339011 -10.445507 -0.929179
4.476798 -3.072695 -1.489103
3.691816 -10.248592 4.528111
9.053616 -9.776883 4.990498
3.795130 -4.835576 -1.182577
5.537967 -7.105175 -2.462431
10.821271 -12.391357 1.161311
12.100535 -8.947016 2.597322
13.793020 -9.380490 3.356212
7.195785 -5.925225 6.908724
8.564605 -9.078789 5.511823
3.879681 -8.532121 4.743350
5.362068 -7.478359 4.773399
2.378709 -5.967087 5.674889
4.766012 -5.903643 5.281138
3.285602 -8.102745 5.131755
1.873108 -3.602321 5.838422
2.944203 -4.405291 6.465864
1.500113 -3.954561 4.918699
3.591839 -4.955335 5.595054
5.209808 -3.489406 5.500993
5.975734 -1.082585 5.859603
3.670762 -5.143926 6.467497
3.581834 -4.266893 5.035090
5.300117 -4.077951 4.977283
5.739414 -4.552621 5.218525
4.291021 -2.558107 5.017226
5.521355 -2.540065 5.908494
2.238766 -6.606699 9.977034
-0.397559 -3.594498 8.069838
-2.848949 -4.370706 7.644102
-0.686651 -6.458541 8.899311
-1.936716 -3.029114 6.290583
-2.408420 -4.024036 4.235927
-3.126965 -5.666253 7.817643
1.590040 -3.227157 7.575692
1.285964 -3.712845 5.547349
-1.887043 -5.199616 5.131736
-1.838575 -5.164798 8.187747
1.599066 -3.671201 6.721601
6.009608 -6.111100 5.443871
3.849295 -3.411821 4.766136
1.336147 -3.886476 6.943685
-0.777694 -5.300370 5.816382
3.379113 -3.274483 5.889325
5.869440 -6.630095 5.252444
11.585988 -7.802433 3.938328
10.408206 -11.139560 7.536913
8.622900 -4.902647 5.399303
7.357942 -3.277113 5.514953
6.791977 -1.071386 4.828153
4.332522 -1.874838 5.426137
4.887384 -3.327668 5.292033
3.429280 -3.549849 4.916155
3.854559 -8.677766 6.560227
2.231714 -4.138835 5.206368
5.291120 -2.652433 4.897053
5.112570 -1.062652 4.996724
6.485476 -0.610147 2.777442
5.259566 0.894392 4.265207
8.120984 -3.410113 7.922089
7.700453 -6.553571 4.928558
5.765135 -3.952532 7.228227
6.689166 -4.436814 5.858410
5.137896 -5.867929 6.711612
1.241184 -3.844491 5.064119
2.303288 -5.693182 8.830562
0.464045 -3.513851 7.402591
1.171972 -4.049699 7.258336
1.043933 -5.610679 5.071607
2.918822 -2.930880 6.113220
5.001234 -3.633024 9.051608
3.821154 -5.044823 9.286661
2.809239 -3.270179 5.110960
6.140955 -3.258155 4.932243
5.048706 -4.315802 6.375221
4.358071 -1.901528 6.534307
4.607070 -1.026482 4.585776
5.334795 -0.193984 4.667483
6.946904 0.432406 2.125144
2.694720 1.491234 -0.571710
5.622563 -0.872919 -1.907729
3.622888 1.567415 -4.288015
2.801325 0.307744 -3.458773
4.981195 4.382617 -4.521148
5.672765 -1.731049 -1.982306
5.419721 0.014207 -2.504719
2.978721 -0.544837 0.460690
1.356894 -3.760821 4.997784
0.696508 -3.774033 6.463726
0.383948 -5.856061 7.424209
1.401715 -4.287169 5.388294
1.612714 -5.816105 5.900480
4.187459 -7.318927 8.709942
5.133911 -5.627134 7.223742
3.495879 -5.753464 5.618099
7.726898 -5.711494 7.114658
4.896751 -7.253028 4.850970
5.850227 -8.129900 5.849694
1.733616 -4.197645 5.175038
4.140550 -7.565648 8.481877
5.890271 -8.802323 9.728176
1.066684 -5.606437 5.216296
2.334524 -4.440361 7.948745
3.573565 -10.719687 6.672492
4.957997 -9.178508 5.021794
3.659131 -3.251259 -0.800308
6.313131 -6.211182 -2.368987
4.670110 -7.827057 -1.918574
4.585474 -11.260172 -2.716126
-0.366941 -11.235473 -1.762133
-4.177104 -12.303009 3.600393
-1.498120 -8.847232 5.619003
1.728799 -8.333477 6.112577
2.761936 -5.181009 5.850254
3.662752 -4.836086 6.736542
3.079081 -2.908742 4.982149
-1.154899 -5.545972 6.552945
-3.526226 -5.185183 7.465253
-1.100402 -1.459606 10.924961
-1.895720 -4.135760 7.102609
0.903629 -3.849026 10.794507
-2.807909 -3.825970 10.937159
-0.203585 -3.448817 5.246549
-2.234353 -7.204892 2.777324
-3.015036 -7.943134 5.635567
1.202412 -9.245440 9.474931
1.468610 -8.527790 8.117840
-0.072618 -6.425736 7.038432
-0.393256 -5.313694 5.388579
2.831760 -5.927340 5.636972
2.495361 -4.168081 4.984479
1.588394 -5.456302 6.157888
1.512714 -3.349656 5.107452
-1.567771 -5.017612 4.920135
2.926815 -4.119500 6.367039
3.007548 -4.973405 6.145557
4.799851 -4.792607 4.835246
4.207843 -4.087955 4.771677
4.538642 -6.307780 5.379896
8.154938 -6.972223 4.974547
6.231502 -6.339198 4.627253
3.265034 -4.889018 5.835413
7.512784 -13.860545 7.879799
4.857353 -11.872693 2.042009
2.882618 -4.769284 5.475394
4.437842 -4.740281 5.532462
3.445400 -3.922936 4.931931
2.672269 -6.738173 5.418997
4.781937 -6.480999 5.073636
-1.713886 -4.345307 9.870674
1.640988 -10.825525 4.469374
7.393763 -12.107588 -0.422531
4.170232 -7.269306 -2.317891
16.550419 -10.322334 2.838171
13.329743 -9.748602 6.899791
6.453077 -8.745687 4.519772
8.322274 -9.796406 6.731566
5.906270 -9.396033 5.572955
5.120709 -4.883451 4.725258
8.542539 -7.130084 6.786947
3.877950 -2.163601 -0.862634
6.335963 -2.719911 4.990464
6.533457 -0.387848 6.682477
4.491985 -3.454759 4.591660
7.227600 -4.852209 5.854967
4.301825 -3.725090 4.678944
7.257349 -4.850643 4.765807
6.020393 -8.403062 5.425857
1.892798 -5.538299 7.213182
4.010550 -3.090153 4.689185
5.275961 -4.931691 -1.007209
6.225662 -5.031186 -0.695278
8.403389 -9.668724 -1.518446
8.853181 -11.928557 -1.087531
9.940635 -12.305866 0.119555
6.480509 -8.930892 -1.666324
3.663341 -6.369910 -0.547972
1.674591 -7.927043 5.510756
2.313017 -6.687663 5.009346
3.192434 -9.127559 6.840496
4.549612 -5.327604 6.906685
3.461346 -5.401404 4.785800
5.177082 -7.689953 6.228065
4.101686 -7.307257 5.542629
4.922965 -5.007160 6.323313
1.253911 -8.102515 9.370475
3.290025 -4.675206 6.705313
5.049240 -9.498243 -0.611064
7.509343 -10.135768 -0.632811
7.104693 -8.309313 -1.343833
5.464842 -5.258770 -2.342990
4.969148 -4.849475 -1.580325
4.919769 -3.622732 -1.072578
8.141954 -3.289206 -0.986776
7.485637 -5.654284 -0.622317
6.507945 -10.134114 5.250295
0.981786 -9.330752 4.935460
3.695259 -3.104316 4.653069
3.661808 -3.245074 4.918636
5.665896 -0.420150 8.025693
5.706754 0.041742 5.639930
6.669724 -0.553165 4.983191
18.841328 -16.882517 -0.611153
13.802671 -15.847608 3.113120
6.088346 -12.583676 2.692755
-0.024608 -11.743845 0.823043
2.424442 -13.854246 6.067976
5.595132 -11.869537 3.111438
4.282382 -11.111814 7.214159
8.273072 -6.466815 4.834300
3.739249 -5.428666 4.584488
3.330264 -5.428986 5.810596
-0.893281 -4.666371 5.170556
1.519866 -4.028293 5.477542
1.315200 -4.993187 7.577960
-1.382598 -4.924809 5.402572
0.929313 -7.278387 6.894480
-0.946631 -3.216603 5.647226
1.237818 -3.276723 5.034027
9.510737 -4.851047 6.184577
7.433595 -3.265179 4.690692
4.431305 -2.224979 5.279717
5.260290 -3.267041 4.534879
5.436934 -2.196494 6.575111
5.912579 2.733125 3.495892
7.459902 4.392066 2.029957
3.337125 3.588812 3.645633
3.534437 2.991647 6.280700
4.346030 2.216328 6.451660
4.543716 1.160436 8.314971
7.049349 3.246579 5.832559
5.856018 2.457156 5.726449
8.083763 5.066689 8.842246
2.284665 4.874229 10.521903
0.401557 -0.703705 12.539853
0.748093 -3.939891 6.868894
3.298635 -3.264410 6.493839
1.648611 0.262922 10.784654
-0.326917 2.126000 8.367638
-3.255251 3.064121 9.981921
-5.767628 3.006260 7.625529
-8.139014 -1.040126 8.530163
-5.812699 -1.429969 4.096262
-8.914247 -2.189568 9.883641
-4.830079 -4.780664 6.031384
-4.787635 -3.481760 8.285700
-5.062021 -4.913750 6.862427
-2.536938 2.593374 7.723683
-4.250338 2.254950 8.533454
-5.127506 -2.133869 11.634451
-1.648896 2.166714 9.287877
0.142483 3.353616 5.182738
-0.121145 4.285710 9.888896
-0.376759 2.245831 9.012177
-3.648724 -3.269942 7.744896
-2.362886 2.552679 3.853401
-4.980997 4.851728 7.570366
-2.088688 3.269723 8.184978
-2.895660 4.204242 9.553941
-3.822775 3.384459 4.991370
1.420709 3.627804 10.393429
-0.231170 3.526076 8.441780
0.539114 3.277522 11.205476
6.082123 3.759765 8.945633
3.601495 2.683961 9.410431
3.610137 5.606024 8.685426
3.646231 0.083537 12.175516
1.484853 -2.108668 11.374718
1.722518 -6.572831 8.229384
4.735997 -5.618646 7.873460
2.763139 -3.047358 5.240172
2.067647 -3.907273 6.022797
2.590945 -3.896796 7.842805
2.664962 -3.271548 8.310143
4.279819 -5.061853 11.603774
5.349864 -1.607290 7.668143
5.684525 -4.134911 5.645456
5.128495 -3.310155 7.512339
6.587235 -1.827264 6.615919
6.305015 2.502135 7.678938
3.031333 2.544818 9.062100
3.604751 2.919711 12.198812
10.059031 -1.293612 14.090613
4.822523 -3.535574 7.781237
3.589643 -3.750871 6.747458
3.512380 -4.531706 7.118333
3.437335 -5.404098 5.184044
1.125181 -4.726959 6.730000
2.629062 -3.052517 5.422485
2.498877 -3.942410 5.990161
4.222193 -4.721746 6.892394
4.049188 -4.126889 6.360829
3.441671 -4.076279 5.226850
0.846654 -8.996392 6.235385
5.096568 -7.354637 7.155922
8.923860 -8.282724 4.617608
3.932427 -3.842770 4.852943
5.374152 -7.384987 5.404205
5.378347 -4.574733 5.635685
5.667954 -5.371585 5.087766
2.659121 -9.252707 7.663169
2.560220 -6.099393 7.224720
1.130083 -7.950490 6.306414
2.027102 -6.951921 5.124250
0.002899 -8.085901 5.398100
-2.513550 -9.836933 5.484442
-6.283129 -5.672617 2.240928
-10.602636 -8.298691 3.810539
-8.875280 -12.374583 1.233917
-0.405134 -13.369695 1.820480
4.198681 -10.101327 -1.684251
4.241900 -8.323137 -1.268743
3.813351 -6.008492 -2.363995
3.647613 -4.058227 -2.010092
3.387411 -6.255642 -5.120217
3.629630 -6.238301 -3.952771
5.301270 -4.946267 -4.060103
3.946863 -7.425206 -4.513037
5.859921 1.440098 -0.364622
7.710006 0.679895 2.015495
5.497497 6.883038 6.991659
3.918789 8.943296 15.721080
