12.118777 -4.568637 2.089498
13.195046 -9.608486 4.261887
9.455757 -7.282987 8.246074
5.374894 -6.985965 6.696371
1.076205 -7.675724 5.898859
-0.965986 -8.959901 5.445940
3.179920 -4.437484 5.995473
4.666144 -2.420676 5.435024
5.770436 -1.534364 6.504630
4.954447 -0.162885 3.834857
4.383904 1.592571 4.869882
6.593190 -4.935087 8.283328
3.359649 -4.645696 7.518589
3.714626 -6.262784 8.330208
2.904850 -4.091245 6.172765
4.261414 -4.150717 13.277568
2.893724 -2.109436 12.462870
-0.005513 -1.871481 11.322200
0.586939 3.382579 12.731095
-0.420727 0.780764 12.148252
1.162092 -0.910705 10.860003
-5.557881 2.160573 6.706540
-3.885870 2.359059 8.614506
1.399158 2.926257 7.917599
1.741356 2.345193 6.005354
-1.638364 -7.808342 8.272131
-0.758534 -2.967679 8.148035
-1.149847 -5.832646 9.029392
0.793946 -5.744136 8.601111
-0.811412 -3.119696 12.281121
-3.754997 -3.588611 10.147003
-1.383711 -2.964459 7.368331
-2.045609 -2.911579 6.500261
-0.599468 -4.032413 5.607098
1.259340 -4.815951 5.703856
2.543509 -5.301399 5.974095
3.296525 -3.795659 4.758824
5.385724 -4.213135 5.389568
2.352799 -3.001256 6.347705
1.326225 -2.890722 5.649495
5.059860 -5.649617 6.412117
6.399631 -6.169904 6.922793
0.544584 -3.909550 7.537217
0.635878 -4.626431 9.903681
-0.704950 -4.726648 7.040811
-0.831423 -5.836778 7.027477
-0.960933 -3.662863 9.754756
-3.240428 2.765097 10.657997
-1.212318 4.146298 12.201742
-0.304638 3.954969 10.635056
2.147749 3.963664 7.190242
-1.571070 3.983660 10.463819
-1.504932 0.376497 11.477163
-0.990510 1.182261 13.743616
-3.482665 3.751307 4.973927
-3.037516 4.561643 5.135369
-2.609832 3.066832 4.400892
-4.367612 3.009923 4.902557
0.382202 2.456448 5.842478
1.016342 2.991486 5.409813
0.595278 2.584413 8.290120
1.266462 3.112908 5.502996
-0.323835 2.842996 9.063120
-0.730907 2.247694 11.146459
-1.401030 -5.486415 13.585855
-2.750889 -4.493729 9.805358
-3.441844 -3.112149 7.721436
-9.556662 -3.550390 5.216115
-9.894368 -0.505955 3.759850
-8.262857 -1.960098 2.994409
-5.750457 -2.798193 8.842337
-6.783550 -1.975180 9.357576
-5.800154 -1.449980 8.948452
-6.392298 2.225035 7.130996
-5.052974 3.031567 9.145209
-1.059715 2.771408 8.760285
0.994111 3.630721 5.288311
-3.232422 2.601249 10.206218
-4.043891 1.270595 16.903526
-0.861580 0.571399 12.174419
-1.435077 -3.483900 10.557023
-2.175389 -3.032352 3.618299
-3.632762 -5.599092 5.791642
-5.628953 -5.002789 7.670432
-3.410717 -2.912429 4.554831
-4.140784 -3.519895 3.598834
-7.194893 -3.271059 6.451264
-6.659467 -2.730605 8.322476
-2.731712 -5.042925 6.132617
-2.658731 -3.290680 2.223559
-3.246587 -3.369627 4.279911
-1.624837 -3.353004 7.986352
-0.611286 -3.581594 7.695988
0.221465 -5.218184 8.281612
-1.295308 -3.108187 5.272412
0.783918 -7.364544 5.867608
1.036939 -3.371866 6.007248
0.669821 -7.823995 7.827682
-2.106106 1.764410 11.972981
-1.254440 4.080408 9.567153
-5.010211 3.487000 9.301781
-2.247639 2.112909 8.466913
-0.843556 2.625303 7.856372
-1.588233 3.196153 8.941522
-1.425467 5.159904 6.093921
-1.804133 2.370479 5.666928
-3.667457 3.096340 7.498708
-4.212839 0.452547 12.780529
-0.750832 3.377476 5.221143
-0.943480 2.337468 11.095364
0.955205 -5.799545 9.406290
0.762987 -1.184831 13.429134
-1.575360 -1.588279 11.794771
-3.061131 -3.357711 8.490733
-3.246916 -3.444271 8.493709
0.058601 -3.760935 8.469795
-3.399206 0.192917 10.915260
-1.543401 -3.075055 11.980170
-4.367548 -1.972405 11.516461
-4.055411 -0.658412 10.923628
-4.450816 0.824484 11.329991
-2.667085 -3.496125 10.608344
-3.274800 -7.765751 5.488711
-4.649778 -8.325722 8.401533
-1.779035 -7.547892 5.463495
-3.915637 -3.010203 8.681454
-2.275336 -3.858658 7.864713
-1.197060 -4.673182 9.916421
-6.090413 -0.761162 12.236554
-5.164430 -0.886349 14.057014
-7.737709 -2.814533 9.667345
-6.072649 -0.739133 3.980986
-6.702030 -0.186623 2.877799
-6.139786 -0.639479 2.076779
-2.860084 2.916445 6.285155
-1.552863 2.701178 7.516381
-3.644636 2.492939 10.011397
-2.883494 4.757204 11.250536
-4.471496 4.297634 8.593811
-3.210122 4.892020 8.491717
-4.676597 3.296642 8.953273
-6.360882 3.638905 10.729731
-1.498425 0.888303 10.728151
-0.829537 6.378477 13.985740
-1.055897 5.286572 9.842580
-1.932272 4.988553 8.172264
-1.850676 3.962444 4.511773
-2.625740 3.000519 7.455318
0.929989 3.803734 7.127412
0.258828 2.595999 7.244844
-1.870047 2.123823 5.430558
-1.328508 2.591218 7.441256
3.889136 2.391398 6.144604
0.283208 2.881878 8.463185
0.039285 5.043521 9.213115
-1.611041 2.206476 8.581263
-7.787080 3.538415 10.491450
-5.016036 2.496693 4.841482
-6.355599 2.654902 9.768142
-5.844085 1.819048 3.607574
-16.371136 7.253138 7.761714
