-7.562886 -6.185547 16.144913
5.805908 -3.480191 7.689182
4.363192 -2.908928 6.888496
4.463381 -5.566634 7.712770
3.533939 -3.739206 6.823139
7.313973 -3.732724 7.489984
14.225625 -7.600398 3.407504
10.177984 -3.742064 -3.089710
12.009692 -5.860766 1.531417
11.129530 -5.199420 -3.433772
10.565227 -4.406179 -1.391020
9.097964 -6.245327 -4.049995
8.654785 -7.355807 -1.139858
6.044369 -9.128928 -1.990867
7.475796 -11.374335 -0.014650
6.175731 -7.351146 -4.625216
3.511326 -8.455354 -1.576305
3.520532 -7.504803 -1.896385
-0.326526 -9.857868 6.196294
-0.758618 -3.553399 8.408381
-0.073401 -8.121054 7.641737
-1.146999 -2.982414 5.488267
-0.482081 -5.452216 7.189240
-1.142411 -3.040225 5.678396
-2.117064 -4.220570 6.852170
-1.923512 -4.838352 4.395436
-0.711525 -8.884217 6.270607
1.405496 -3.942073 7.536937
-0.389232 -8.180402 9.686489
2.201050 -5.697409 5.984090
3.040241 -6.407748 5.509345
3.304011 -4.376933 5.196152
1.715268 -5.237922 5.058414
2.646497 -7.120026 5.765230
5.778645 -7.321268 5.901797
6.517344 -6.812016 6.611874
3.641774 -5.040969 4.696178
4.475198 -3.150280 6.762932
0.806903 -4.196579 5.513066
0.904471 -4.276898 7.076656
1.157388 -2.980451 5.212667
1.281816 -9.062479 5.206847
5.124854 -4.433830 5.842673
8.048628 -6.369664 6.608807
7.732559 -10.706153 5.045053
3.593759 -7.773681 6.476063
4.913361 -8.175745 5.518398
8.809093 -8.587025 5.671630
2.907714 -5.188325 6.120764
2.440725 -3.999432 5.178514
1.005776 -4.059037 8.157799
2.039256 -3.591440 5.826323
2.510202 -3.138832 5.674605
3.317173 -5.291987 4.653547
7.195702 -4.937944 -2.555535
5.092119 -7.262401 -1.856179
4.825944 -7.200804 -0.926555
3.466471 -7.118928 -1.642898
5.135915 -8.813467 -2.418654
6.819771 -6.494600 -6.512117
5.220250 -7.117329 -5.569423
9.964572 -14.773520 -1.565297
8.685948 -11.261665 3.205111
3.156697 -7.158689 -3.186571
4.187363 -6.686016 -1.994269
7.829284 -6.455011 -4.556558
5.906362 -3.854351 -0.811484
6.680930 -5.478176 -1.993348
6.043890 -6.087998 -2.051481
5.215558 -9.950919 -2.923365
5.725326 -14.487372 -5.195515
3.409045 -6.366806 -2.293685
3.544129 -5.499922 -2.414272
3.623652 -4.686203 -1.759997
5.159509 -5.371472 -0.784370
3.729496 -5.955728 -2.648089
3.470813 -5.875168 -1.504393
5.114335 -6.200380 -0.819653
7.933007 -5.436087 -0.526670
12.690993 -2.080299 -0.659180
13.503560 -4.891218 0.338030
16.304327 -4.518109 0.605213
11.408288 -4.795201 1.236151
9.924252 -6.048636 -1.862038
9.325418 -11.668909 3.492027
9.625155 -11.221192 3.752429
6.328169 -5.957751 -1.619061
8.181565 -8.994174 -3.854937
4.069504 -5.372090 -2.104259
0.367548 -6.022456 7.303598
-3.109213 -10.510507 7.751069
3.203688 -5.258736 4.846889
4.484820 -4.142374 5.342531
8.539543 -7.723366 4.823441
12.491903 -7.803761 1.837095
3.928582 -3.599952 -0.645359
3.704329 -7.895310 -2.850489
4.822920 -10.052504 -3.540577
1.823248 -12.886874 -6.643078
1.452256 -11.160600 -2.134224
-5.627689 -6.305301 2.008029
-2.037881 -8.070759 5.485460
-4.522093 -9.314064 4.202344
-4.093254 -7.324640 0.622676
-3.388815 -7.121519 2.844639
-5.162970 -9.654889 -0.508237
-4.300245 -6.924253 1.739009
-3.000324 -5.434085 -2.735811
-2.934293 -6.782975 -3.750483
0.724797 -5.793926 -5.343249
-2.122922 -4.683330 -0.567692
-3.528425 -6.302681 1.740152
-3.495510 -11.282132 -2.198629
-2.811005 -8.290563 -4.757004
3.402478 -8.335732 -2.860616
-0.194072 -11.612686 -4.221995
3.165216 -6.371174 -4.284437
4.296359 -6.195046 -4.313916
3.811670 -9.533340 -2.398420
9.132844 -11.769433 0.923561
1.169199 -12.152927 -0.302364
-0.913817 -12.479768 -5.304557
5.142674 -7.663763 5.134080
8.626138 -8.421591 4.730024
7.976437 -9.340636 -0.559965
3.317601 -6.899956 5.382127
3.238407 -3.081900 5.969998
5.796855 0.470636 3.003664
5.244446 -1.587233 5.961115
4.703317 -2.606937 4.753868
6.639883 -5.185405 4.565019
5.061893 -5.415525 5.375782
3.295415 -3.246241 5.093274
3.413978 -2.956390 8.315907
4.726394 -4.013883 6.012069
5.742055 -1.967092 8.433824
5.821281 0.199205 5.330379
10.804580 -3.905991 4.787263
9.715896 -2.436757 6.857620
5.439629 -6.503941 5.949127
5.298273 -4.394472 9.365004
4.947813 -7.688579 5.823886
2.923777 -7.414435 5.673740
2.122053 -8.920916 5.281331
3.568671 -3.254540 -1.319536
3.834620 -5.721948 -1.920275
4.080650 -7.747272 -2.080764
7.007336 -11.095475 -1.387103
5.958311 -8.283954 -1.132846
6.454874 -6.960943 -0.705605
6.066593 -6.603309 -1.369484
9.345292 -3.260542 -0.943860
5.459107 -5.520021 -1.911534
8.025424 -9.912854 -2.540195
9.224060 -7.165342 -1.903528
6.830773 -5.131029 7.122567
5.091616 -6.905079 -3.540801
4.916696 -8.177739 -1.860538
3.795953 -8.403884 -0.976004
1.832113 -5.069062 5.956934
2.011901 -3.654207 5.209360
-1.085378 -6.457859 7.718645
0.254763 -3.132993 6.069399
1.560985 -5.007925 5.320508
4.679304 -4.576941 5.532990
4.285207 -7.874776 5.075548
5.264821 -7.111071 4.738584
6.900012 -11.666643 4.877999
5.112185 -7.434380 8.902049
8.291672 -11.165331 7.042930
5.571192 -6.746640 -1.133359
6.457578 -11.134317 -2.884179
6.554830 -5.470786 -3.965940
8.298429 -7.162391 -1.131854
6.775820 -6.910774 -5.437366
7.133206 -5.482259 -1.649855
3.703018 -2.652995 -0.573616
9.392917 -10.891334 2.370377
11.186493 0.819993 0.663083
7.874015 0.100073 2.039835
4.716710 0.403492 5.336666
6.039803 -6.246721 8.911510
3.938393 -4.071221 13.598577
3.281428 -3.033308 4.686225
6.483499 -6.725158 4.898101
6.579842 -7.154650 8.188607
7.243448 -5.717412 5.893578
3.145934 -10.317060 6.694829
6.265530 -9.811288 5.679277
8.916101 -7.362875 4.537080
3.364716 -6.842076 4.846894
3.367019 -6.762020 5.591265
4.337021 -3.910200 5.268559
5.533783 -4.806192 5.696051
4.263608 -5.554551 -3.326591
4.293308 -5.956054 -7.432334
3.082973 -8.087122 -4.908419
9.787393 -7.536543 -5.863664
14.578162 -4.624097 -6.858003
7.147848 -6.256497 -2.661372
7.865579 -8.872129 -4.731045
6.625602 -4.071028 -2.813014
5.274921 -3.975202 -1.555133
4.071910 -5.806762 -1.227332
4.757287 -5.893521 -0.546139
11.187131 -14.251913 -2.973765
13.647749 -8.225563 -1.748235
12.669692 -8.091129 0.887694
10.856143 -3.479345 6.325572
10.098125 -5.811831 5.800228
9.280725 -2.601644 5.077221
7.553898 -1.096189 6.645656
4.511559 -3.764276 5.781528
9.433792 -5.193823 6.043967
12.082307 -6.948058 8.376143
7.827612 -4.805825 5.714983
10.072983 -5.547262 6.576029
6.555388 -0.728319 5.612247
8.344257 0.773206 3.347358
13.038280 1.724833 -1.853780
