0.552772 6.021424 4.151148
1.638219 4.193457 4.754831
4.386522 2.737346 4.343881
5.495882 -1.743534 7.323816
6.231498 -6.366553 5.542268
4.428086 -3.228925 7.529592
4.928449 -11.748038 6.190908
2.147152 -6.750674 5.789145
0.868407 -5.582598 6.569238
0.362181 -4.829665 6.958618
3.627695 -4.651223 5.066445
1.801838 -3.456185 6.290183
2.612729 -4.454568 5.978734
1.106114 -3.238636 5.072637
5.142275 -3.739062 5.855958
7.781528 -4.423528 5.104123
4.337409 -1.364445 5.050191
1.502133 -3.798915 7.551940
4.270175 -4.806305 8.435921
-1.034014 -4.970794 5.519156
0.994870 -3.913766 5.753159
0.274789 -7.090305 5.775264
1.842659 -4.315592 5.423127
0.815782 -4.165976 6.348357
-1.059188 -3.115611 5.564943
-1.003820 -2.889678 6.423842
0.908674 2.228004 3.914536
-2.748103 -3.812618 3.632416
-2.114342 -5.694304 4.098936
-2.086457 -10.764602 3.694468
-0.567371 -11.218408 2.044849
-4.183140 -13.373500 2.694311
-3.319488 -9.980835 1.441542
-2.862693 -5.748063 3.309021
-4.032275 -9.636556 3.264364
-3.582304 -9.330306 4.996180
0.311305 -4.603049 5.047919
4.253632 -6.454079 4.789913
6.028440 -6.540244 7.091310
2.899217 -4.787511 5.585814
0.246360 -4.846639 6.092535
-1.239142 -11.003133 2.644821
-0.022690 -10.945586 2.139510
-0.157138 -7.113160 6.598728
2.503832 -4.533293 5.229880
2.897712 -3.975935 5.979375
1.957499 -3.898805 7.431226
1.837618 -4.268734 9.351278
-0.446265 -5.925459 5.723921
0.328222 -5.360308 8.540218
-0.376637 -5.211274 9.785962
4.690108 -8.395899 4.698741
-0.016447 -10.277916 8.880751
-1.089473 -11.321608 6.991652
0.767576 -6.756783 4.995392
1.724423 -8.339827 7.349909
3.247275 -11.804878 5.086701
6.945784 -11.966013 3.780421
8.276685 -3.282422 4.835225
10.452653 0.227420 5.252037
11.544663 -3.291017 1.666391
13.678961 -8.399437 -5.499641
8.906379 -8.988460 -0.881811
7.942320 -8.940183 -5.587199
3.807422 -3.871413 -1.129003
5.654712 -4.499349 6.408451
3.125097 -4.492142 7.180011
3.184945 -8.800906 5.703821
2.272487 -6.252748 5.395756
3.739456 -5.314345 6.056717
4.625772 -2.675732 5.916043
8.123220 -9.078615 8.255717
4.986072 -8.602994 7.284288
9.467654 -8.794291 6.028244
6.113793 -8.425207 -2.157343
8.125469 -6.152185 -2.572303
3.255619 -5.556826 -0.767852
5.570448 -8.014341 5.258501
7.024170 -6.977952 8.366371
4.306803 -12.647401 0.436883
3.201707 -10.848073 1.161769
1.767113 -11.818749 4.046711
-1.633672 -10.926899 4.570536
-0.063859 -9.110300 6.188990
-0.581120 -5.076186 5.295203
-2.024772 -8.115214 5.936651
-2.359903 -5.635367 4.110298
-3.456352 -6.897458 7.105174
0.304085 -3.066905 5.009198
-3.078437 -5.781468 8.501087
-2.185349 -5.487304 6.910965
-2.248846 -3.454132 2.562765
-2.817113 -4.540702 3.186781
-1.300708 -6.200245 8.405748
-0.257272 -5.543947 5.631090
4.746267 -7.210618 5.127018
4.205627 -6.291835 8.186705
3.219536 -5.191872 6.966979
2.794693 -6.152843 7.686879
4.525432 -2.535777 6.848414
1.119337 -6.210547 5.387981
2.027552 -7.995720 5.393367
-3.397415 -6.658720 5.115962
-3.927384 -6.850350 9.120314
-2.102600 -3.907755 0.143121
-1.990456 -5.047591 1.944629
-2.244629 -8.248454 6.729022
1.448704 -3.694339 5.872329
1.220866 -3.828505 5.415696
0.318810 -4.840854 5.109066
2.408038 -4.571313 5.448143
2.673029 -6.199384 6.545825
0.764959 -3.259041 4.958542
-0.380118 -4.280570 6.246732
-1.493738 -4.288311 8.376784
-4.162219 -5.397502 5.823683
3.265299 -3.161916 -0.593469
5.161757 -3.664593 -0.828827
10.068719 -5.735888 -0.622839
3.482159 -4.421810 -1.798304
4.366928 -5.608187 -0.658562
4.424519 -4.398748 -2.297023
7.015438 -3.858090 -1.401799
5.632368 -2.942391 -0.926730
4.873003 -1.021781 -0.701130
4.202491 -5.863525 -2.207216
5.691588 -6.432712 -2.235542
4.086657 -5.113147 -1.186920
5.128898 -5.601620 -1.573599
3.457232 -7.662050 -0.960187
-1.367811 -11.190635 3.729682
-3.621228 -9.960306 1.856340
3.935501 -7.717650 -1.425615
3.525830 -12.172666 4.872437
6.344832 -12.103352 3.177958
5.049309 -17.153261 -6.217888
4.312069 -7.462582 -3.391126
3.653632 -9.457808 -1.863656
4.483770 -4.283807 9.136342
8.121978 -4.337340 6.628793
4.143240 -4.009797 5.137963
5.396076 -11.406020 1.326115
-1.977564 -5.289130 -3.045864
-2.356017 -5.978556 -4.933501
-1.735160 -5.063173 -6.082179
2.278501 -4.900601 5.172599
4.754648 -2.593016 7.437609
2.661004 -5.150674 6.661059
1.306446 -5.247660 5.252354
0.747561 -5.134307 5.227430
2.150589 -3.103617 4.919042
2.170429 -8.044973 5.294234
3.327786 -3.791255 4.975111
0.798614 -6.913749 5.249928
4.827672 -6.398334 8.382871
5.697885 -6.802682 5.167076
4.071229 -4.243205 4.797101
2.449190 -6.417547 5.073026
0.465339 -2.987736 5.056900
3.284869 -4.969522 7.136669
1.497004 -7.065293 6.181311
1.532728 -8.290709 7.663224
2.986263 -8.195662 4.949906
2.462530 -5.164243 5.227183
3.883922 -4.934367 4.928517
5.603593 -6.617568 6.680206
7.885033 -9.874928 7.200366
9.501395 -4.882402 4.643229
6.081618 -6.898908 5.164605
6.494799 -7.749818 -0.594216
1.189187 -7.929347 5.501170
1.712969 -4.189723 5.105690
1.877102 -4.460968 4.951191
-0.072381 -12.578331 -1.741075
1.260572 -12.820885 -3.254930
3.749361 -8.848909 -2.943820
3.799913 -10.522478 -0.651173
-0.480426 -12.917515 1.425488
5.111238 -6.525286 -3.435985
4.600821 -5.096486 -1.786643
3.201385 -5.964933 -3.916688
6.312765 -6.718100 -3.792378
5.484842 -4.195245 -1.891902
10.339536 -8.085410 -4.278038
9.088448 -12.945023 -1.021714
7.981905 -11.413218 5.850747
12.829105 -6.457059 5.344572
6.431829 -3.953152 5.047598
6.012047 -5.368468 5.499286
3.627801 -4.601006 5.952700
4.325591 -7.024557 7.439163
3.826581 -6.854920 7.466376
0.869922 -7.690224 5.743580
1.200432 -7.570787 5.947840
0.561570 -8.003936 6.725169
2.540105 -6.882710 7.015598
0.248245 -6.714147 5.070536
0.977518 -4.804439 5.060636
0.543530 -8.106840 5.757725
-6.216327 -7.859522 6.634191
-2.883955 -5.602841 2.674639
-2.612628 -7.085735 1.644531
-3.034710 -6.037985 0.324675
-2.889506 -4.805489 -0.481248
-3.178263 -5.891580 1.269264
-3.858772 -5.949118 -0.136755
-2.038451 -3.601722 0.493934
-2.280613 -8.218038 3.180206
-2.334315 -10.369811 1.759259
-1.281476 -15.474571 3.391443
2.405481 -13.481887 2.376091
6.055722 -13.246627 -0.036242
6.607347 -16.152327 0.674752
5.096566 -12.781350 -0.637182
3.159137 -7.072000 -0.812087
3.249614 -7.705169 -0.615397
3.534061 -6.782372 -3.182342
3.846951 -6.570471 5.261484
3.722431 -4.820458 4.785594
-0.135603 -12.009086 2.239154
1.851841 -11.155004 5.001161
5.172101 -12.472635 7.056863
-0.050379 -6.294884 5.409769
3.219541 -6.169539 5.070735
3.331093 -8.392781 6.030847
7.053724 -6.352982 6.832560
12.964962 -3.267382 4.166924
12.182127 -8.291845 1.504899
13.405465 -8.245134 2.676707
7.387744 -6.323516 -1.683383
4.563147 -6.235628 -1.614787
4.107794 -3.981149 -1.030452
7.497420 -5.068357 -1.631201
4.423369 -6.405713 -1.715437
5.190487 -6.427643 -3.766647
7.234947 -7.735084 -0.765945
3.584324 -6.156495 -0.899806
4.635127 -6.796506 -1.652318
8.944430 -7.929418 5.476963
6.698174 -8.349465 5.274349
4.089712 -4.838779 5.563099
6.847353 -3.048404 6.687224
5.588052 -2.253926 4.502828
6.217225 -2.985765 7.581507
0.251458 -5.385252 5.620267
1.951209 -3.855652 5.008571
2.611470 -5.797511 5.670478
5.229487 -3.720371 6.489822
4.985777 -4.004264 7.561676
3.892570 -5.401644 6.227814
5.638072 -2.377965 5.721179
5.164271 -5.740052 5.507250
5.699491 -3.583035 4.860958
6.869295 -3.370601 8.147196
7.571572 -7.350124 8.574113
9.242351 -4.990603 6.320175
3.994686 -4.793957 -1.500316
6.947816 -3.887336 -1.152903
7.119389 -7.160242 -0.651155
4.668324 -8.691452 -1.269719
4.201864 -5.832136 -0.704307
5.783691 -7.416382 -0.989709
5.719234 -6.156697 -2.547674
14.486095 -11.596529 -6.770904
13.947792 -5.738578 1.403765
12.137211 -9.991290 3.975389
16.008774 -8.567900 -2.617874
8.561486 -3.900153 -0.912554
8.364940 -5.183830 5.316406
6.108382 -1.842141 6.713168
6.917471 -0.659778 4.727355
9.870410 -1.625384 4.644504
7.910841 -2.862972 4.573651
4.176610 -5.901542 7.903736
4.442478 -6.956754 4.641685
2.173945 -3.746120 6.548669
2.652608 -5.025322 7.031543
4.899436 -2.664203 8.948891
6.010639 0.492218 4.125241
5.781817 -0.054972 3.317194
5.965463 -0.544514 1.666597
5.625265 -0.502144 2.570737
10.739475 1.242949 5.780337
8.899722 -5.785522 5.352980
6.440845 -3.916712 4.771069
7.020720 -1.570109 4.904160
15.426189 -5.630859 5.556397
11.372564 -4.411027 4.921993
9.005507 -5.351395 4.608795
7.535574 -8.849277 6.032411
6.282578 -3.899238 5.354039
5.529403 -4.051862 5.870660
3.365796 -5.019401 5.588112
6.979055 -2.752586 5.938508
7.253129 -4.912652 4.639113
-1.911913 -2.915085 5.920429
-0.072387 -5.479994 8.949631
-0.012213 -4.553853 6.876045
0.914792 -4.431826 6.875145
2.850611 -9.298223 6.876037
4.129102 -5.728585 6.340112
2.401401 -6.587206 5.091727
2.092251 -6.548334 7.273012
2.004323 -7.675792 6.387860
4.989789 -3.621693 -0.583676
7.428736 -3.712203 -2.645452
6.052093 -3.928743 -0.790741
4.755461 -10.335481 -0.685434
5.008049 -11.991673 -1.605840
5.070859 -12.355417 5.332033
4.141147 -12.906484 1.709892
6.556762 -4.146759 -1.234878
6.128627 -6.103507 -2.246213
7.446066 -6.028711 -3.384977
5.949749 -0.977801 -1.564726
5.787227 0.479896 -1.419554
8.863050 -1.494349 -1.956524
10.866364 -7.662158 9.705863
10.765997 -7.403148 4.644898
10.635352 -5.593425 5.060729
8.015968 -8.955768 6.083070
6.728758 -11.040665 4.709209
3.320839 -6.400867 4.595189
3.707640 -4.698810 4.959765
7.278261 -5.234123 -0.729744
5.590469 -8.836733 -0.668685
3.657774 -6.729598 -2.087609
7.341512 -3.426818 -1.522021
6.050725 -3.332579 -3.573227
5.246251 -4.244371 -2.197842
3.691975 -4.925364 -0.837438
-2.414493 -4.902213 -0.278258
-2.493033 -6.025295 0.424348
-2.649886 -4.920361 -2.407460
0.029373 -10.124868 4.990528
2.757874 -10.879094 9.689923
5.568575 -7.036808 5.859467
6.775218 -5.978223 4.870553
2.545199 -4.741773 6.134899
4.059543 -5.145280 6.699473
1.238494 -4.107256 8.124596
3.000839 -4.303716 5.813929
5.826358 -4.955202 7.805640
6.363667 -4.593873 5.865624
8.381750 -6.000054 6.805161
7.948023 -4.468053 4.817492
4.530713 -10.414440 6.276140
6.549200 -11.675578 5.263682
7.610689 -11.335702 2.869134
6.405446 -11.671700 0.301827
4.030277 -12.427451 3.842838
5.561062 -5.035379 5.140946
1.958806 -6.870677 6.911672
6.366845 -5.098331 -1.154800
4.408801 -8.357001 -0.671558
4.723145 -4.635368 -0.509792
6.807806 -2.802946 4.806486
5.306377 -5.229156 4.796103
9.460939 -4.459634 5.326004
6.558935 -7.143543 7.116634
2.944080 -6.680065 8.593878
3.728135 -4.994669 4.809027
3.433107 -4.864709 4.512908
7.650492 -4.574856 5.546558
7.235785 -7.931871 5.722259
3.254655 -5.254313 5.086280
0.159677 -7.197365 8.191298
3.063120 -13.026484 11.133397
3.618799 -11.122871 3.058988
2.457229 -12.201485 3.251487
5.942251 -10.994559 3.150885
2.004397 -11.954972 4.940544
6.025729 -11.295949 0.085358
5.298820 -12.211321 3.250049
5.278409 -5.089888 5.971699
3.571969 -7.337706 9.271927
4.482831 -5.470648 -0.856504
3.393989 -5.614629 -0.812241
11.117203 -15.805582 6.275502
5.745297 -9.347297 5.275998
3.928115 -9.863051 -1.414651
5.773982 -7.954336 5.226889
8.442180 -5.752682 9.117311
2.411593 -7.097930 5.136064
4.192276 -4.484740 5.430401
5.217062 -5.026207 4.628309
4.117853 -6.700799 6.140162
4.714310 -7.932610 5.936964
6.214283 -7.485342 5.833500
2.985735 -5.114479 5.330197
5.036415 -4.716557 5.086989
3.696155 -4.997026 -2.296191
3.167205 -5.739485 -1.680023
6.345314 -11.654514 -5.542864
3.878342 -6.301836 -2.072558
9.062390 -5.507126 -0.763102
4.861214 -9.010475 -2.851611
5.609568 -5.831528 -0.990198
5.951257 -6.537158 -0.541790
4.196798 -7.553484 -1.170936
3.521070 -6.087264 -0.882685
4.828389 -9.123178 -1.065163
3.780476 -9.585917 -0.955125
4.478364 -6.168313 -2.096385
6.109205 -4.337426 -1.065414
12.144040 -2.421154 -6.017991
4.495295 -0.782501 -5.106658
3.701233 -1.984077 -4.591116
8.949429 -2.798185 -3.841475
4.711254 -1.421128 -1.805215
7.620095 -7.929788 -2.298891
13.473888 -7.066733 5.022937
13.888879 -8.143445 10.448981
11.928246 -11.319110 9.840372
9.183773 -8.845947 8.504359
8.094824 -6.358908 4.755678
5.127807 -5.963346 5.694057
6.283904 -8.395298 8.046726
4.083191 -4.808141 5.047103
1.331392 -9.303251 5.804686
3.989928 -11.723997 10.233956
6.685545 -11.137931 3.863189
5.698924 -10.720371 3.319528
2.802036 -11.054437 3.540113
-0.774106 -4.780632 5.431474
2.111836 -5.354651 5.914087
0.540700 -6.801849 4.919485
3.469352 -9.019320 12.798556
3.445196 -4.892953 5.228450
1.442152 -8.341047 6.612583
0.520785 -7.887873 8.850328
2.736996 -4.488627 4.937294
6.695148 -7.132701 8.434560
4.716019 -6.280876 4.513445
1.610197 -4.879068 6.437986
2.490699 -5.702929 5.611821
2.833757 -3.780434 5.171295
2.933747 -2.941577 5.648980
4.108222 -3.603108 6.398422
4.092996 -5.836120 7.488697
3.735643 -5.539664 5.289875
5.389414 -5.124391 4.991733
2.870514 -11.976937 4.520793
0.966103 -14.032758 1.603678
3.014750 -15.708704 -0.345165
-1.478323 -11.470467 -0.952617
-2.332595 -12.344445 0.877713
-4.087593 -6.031583 -4.854220
-3.580225 -2.018611 -0.869066
-3.225056 -3.328442 0.810016
-8.388179 -6.349130 6.419078
-1.685450 -4.066475 5.315573
0.979629 -5.448412 5.150711
0.763176 -7.880037 6.123267
3.704823 -6.789476 7.338023
5.042733 -4.766925 5.036174
9.107965 -4.649200 6.203471
8.919335 -5.604474 6.518256
10.878558 -6.868254 4.682244
5.191300 -7.570760 6.047992
3.796413 -3.415159 6.711919
7.074862 -2.459940 13.376687
5.298014 -0.180741 6.143592
5.909594 -3.808017 5.335638
6.374024 -6.981820 7.064486
7.696680 -5.814972 7.362745
6.610209 -5.566781 5.649953
5.025214 -4.590908 6.930414
3.826132 -5.497749 4.868385
1.743757 -5.345059 5.201369
5.553103 -4.766351 5.202767
7.564677 -5.908126 5.453814
3.437033 -6.987454 5.400403
3.637584 -4.612041 5.099133
3.871622 -3.879348 -1.340431
6.083949 -6.644890 -3.642194
2.588336 -0.560378 -3.054992
5.614733 -5.380126 -2.673593
7.650659 -4.064672 -0.624731
6.862846 -5.401087 -1.371902
6.915723 -4.073928 -3.110852
5.400156 -4.202014 -1.242360
4.319837 -8.706175 -1.925710
4.410034 -7.456357 -0.664393
12.621529 -3.760979 -5.521657
8.343314 -2.843277 -1.186231
7.674048 -9.717313 -1.334488
8.662829 -12.061823 -6.148708
5.429595 -8.885441 -1.670354
10.447362 -9.803149 10.535512
6.980427 -6.210054 5.278644
7.520885 -8.228397 7.076622
7.505445 -6.364714 7.017293
7.172890 -6.924093 5.301721
14.910715 -8.333641 4.310832
10.734083 -6.075482 6.315318
14.327630 -6.451553 3.268246
11.401204 -5.860661 5.512203
11.653460 -4.895058 2.852847
3.772686 -7.981379 4.717537
3.915902 -5.552506 5.530858
7.008141 -6.724194 -0.883579
7.308892 -6.340409 -4.020127
5.472124 -7.465621 -1.968850
7.246089 -9.191120 -1.408004
4.544100 -7.083929 -1.187681
4.605407 -5.324176 5.634484
4.709566 -6.682456 6.113678
5.216628 -7.794669 5.773949
4.840294 -8.024765 8.621589
7.070947 -8.364137 6.472274
4.052248 -6.318517 6.125758
1.457632 -3.169254 6.718385
3.757468 -3.822391 10.210671
4.063632 -3.802871 6.350013
2.350438 -4.227903 7.518351
1.581152 -3.985469 8.912004
2.248786 -4.373330 7.318433
3.170989 -4.240994 5.484115
3.170823 -4.996459 4.572320
-1.496250 -4.082380 7.236208
-0.561847 -5.955710 9.661983
4.522342 -3.920194 -0.579389
6.579293 -2.555244 -0.737586
5.826715 -3.765193 -2.427765
6.903587 -4.623144 -0.741428
3.742914 -2.249043 -1.126894
4.013724 -4.963472 -2.631984
5.048636 -3.980859 -2.311410
6.310810 -7.090778 -2.481129
9.343132 -3.036959 -0.547400
13.257721 -4.724741 -7.120340
19.102026 -12.078520 -12.064216
