-3.145958 12.158557 -16.816038
-1.423285 4.280961 -10.250699
-0.739931 2.859995 -7.114736
1.426302 2.758883 -9.713255
-5.683046 17.564793 -13.079455
-6.988319 11.791368 -13.973838
-9.727815 14.967041 -14.754396
-4.570312 7.927331 -8.427696
-2.690755 7.346552 -9.932025
-8.192499 5.917323 -6.083560
-2.603752 2.621797 -6.349902
-2.614386 6.828416 -10.654900
-6.162971 15.851747 -8.335955
-12.473149 15.775578 -5.302918
-10.031485 13.821966 -7.304172
-3.672857 7.232101 -11.601722
-4.520290 12.210948 -10.307375
-6.269883 12.583618 -10.807508
0.209543 15.677848 -6.842433
