19.586075 -12.132088 -12.361730
4.403133 -7.515074 -3.739386
3.524040 -2.984244 -3.918109
-3.516191 -3.593534 -3.426174
-3.540637 -4.855310 -4.447402
-2.725112 -5.164180 -3.794504
-3.331402 -4.193882 -3.777412
-2.004056 -2.226792 -4.710098
-2.979330 -1.874137 -3.258574
-3.480792 -1.970657 -1.764074
-2.869589 -3.847573 -3.886415
-2.467901 -5.374545 -3.661779
-2.758215 -3.476562 -1.923920
-2.010535 -4.343788 -2.382307
-2.619680 -5.745570 -4.826343
-1.545406 -5.263306 -6.328114
-0.931674 -3.925446 -6.145023
-3.969396 -5.576478 -4.408077
-2.169466 -5.006006 -1.491670
-2.036232 -6.315642 1.544700
-1.928036 -5.524260 -1.779304
-2.100323 -4.160439 -2.129399
-3.199838 -4.684881 -3.734069
-2.165933 -3.289601 -6.340918
0.983558 -3.577528 -5.947806
0.551574 -6.842277 -7.556414
-2.040199 -10.836623 -4.969188
-1.999274 -6.214432 -4.113105
-4.358891 -3.204768 1.246124
-3.251968 -4.286364 2.015813
-3.125647 -5.429163 -1.918846
-2.852080 -4.395072 5.107369
-5.975839 -3.868228 7.326364
-18.943750 -12.381589 13.168391
