-18.715012 15.418436 -11.009977
-8.274238 8.182492 -1.667176
-2.390723 5.106924 0.821937
1.004380 2.675870 3.772528
0.340034 2.748747 8.059546
3.643878 2.797231 6.104034
6.893667 0.810587 3.463668
8.260735 -3.335877 12.175113
16.056341 -3.365829 5.869465
16.093134 -6.850708 4.234307
9.855225 -11.966899 7.129572
2.673945 -8.135377 4.998219
3.050234 -4.614115 8.817360
4.003196 -3.350222 9.989090
6.372909 -5.394733 5.757194
5.038042 -1.458110 10.594387
5.165885 -1.320525 5.486041
4.756094 -1.166270 5.136060
4.520322 -2.400250 7.219559
4.238690 -3.331630 6.994678
6.962731 -1.210342 6.005674
9.295040 -1.351417 7.935851
17.588444 -6.358280 10.686152
