11.304358 -5.364193 19.529140
5.334373 -5.093533 14.360264
2.837564 -7.174590 9.870160
0.854267 -4.642422 5.134222
1.385478 -4.306168 8.220659
3.364868 -3.108175 6.745154
0.103703 -3.322307 9.375922
-0.215354 -3.192416 9.967263
-1.029026 -4.569727 5.476046
0.392968 -4.569425 5.105635
-0.951755 -5.436523 4.922944
2.176029 -3.669117 6.902368
1.393613 -6.957790 6.812765
3.331105 -3.003155 5.215246
-0.737842 -3.123051 6.208870
-2.640275 -3.457562 4.370932
-3.181011 -4.439121 2.613711
-2.417555 -4.953031 4.346024
-1.967219 -6.068322 0.578631
-2.090656 -7.750846 -4.304136
-2.825366 -9.094284 -8.368002
