-0.626804 14.644455 8.984641
-0.906719 8.710722 5.494572
7.774399 -0.474279 2.561075
4.353427 -4.927020 6.431089
3.069257 -7.088834 5.739240
1.250024 -5.145180 4.923457
11.805620 -3.985702 6.996758
13.107709 -6.214953 3.921174
4.167651 -8.360919 -5.398365
3.999916 -6.210533 -4.583700
5.898590 -7.156096 4.879206
7.683751 -5.902298 -0.688736
4.902809 -6.330017 -0.562697
5.727945 -8.958638 -3.387136
3.372058 -5.171926 -2.530541
3.912188 -8.051213 -3.760728
6.203934 -13.789101 1.401491
2.471906 -7.456038 9.129825
-0.940429 -5.529706 6.152774
0.383341 -4.488267 6.429270
8.425885 -7.109187 -1.501755
7.862233 -6.785107 -1.410852
8.486542 -13.891517 6.453837
5.869397 -7.440110 6.508526
5.372263 -1.681518 4.906813
4.988520 -8.445541 11.353435
2.410064 -6.169413 7.732494
0.516217 -4.051960 5.706801
3.844454 -5.793538 8.019047
3.198154 -3.209287 6.088630
-2.628045 -5.070767 5.992765
-1.715509 -9.633851 6.456550
1.380300 -6.223755 7.943456
0.262270 -6.668514 6.893125
2.962893 -5.063244 5.452241
4.871589 -6.237207 4.698562
1.918321 -4.369031 5.942781
1.701836 -3.740891 5.869329
6.965230 -2.599327 6.688450
10.028844 -0.525776 7.730585
5.705238 -7.656360 6.413143
12.295007 -14.237594 3.688532
11.570380 -4.423846 1.013471
11.197875 -6.185904 1.924083
9.436532 -9.230967 4.643801
9.264330 -8.788269 10.958274
6.293580 -3.709525 6.562209
5.574092 -5.226845 7.711997
9.351668 -6.461585 6.082803
6.693803 -4.019681 4.744955
7.565492 -5.298497 6.437480
11.525022 -3.637461 10.133433
5.407729 -2.625642 4.936302
4.496683 -2.256834 5.297035
4.096080 -3.539988 8.660692
3.545479 -4.410641 5.208061
0.357197 -5.821119 6.713571
0.043267 -5.950824 5.500337
3.698619 -3.837748 5.501075
5.692639 -4.978593 4.986576
7.686685 -8.554539 6.079286
6.798755 -7.759315 6.684420
8.665257 -10.592706 8.312555
9.003591 -10.637836 1.977873
6.349980 -15.638844 2.634428
3.971738 -12.814851 2.466265
8.880670 -11.220875 2.493718
7.927042 -8.499985 -1.167824
6.935287 -8.312195 -3.526793
8.858129 -6.759230 -3.793286
4.644045 -4.400965 -3.350423
3.291620 -3.005890 -1.133376
8.803035 -4.536535 -2.701406
15.933412 -4.753061 -0.558299
13.549591 -9.193211 2.715226
11.222250 -4.457088 -1.110007
11.460025 -6.305519 4.445035
8.467781 -2.854445 5.174726
6.364248 -2.793406 4.672359
5.185132 -5.287467 6.345670
8.722800 -13.647792 6.500323
10.388243 -11.720844 3.781389
4.943517 -13.530265 1.284462
7.034419 -8.774737 -2.654588
8.401713 -11.880824 0.457157
7.239982 -9.499316 -2.087635
12.145004 -3.750911 -3.269238
14.908220 -3.336119 -4.649871
12.449250 -2.177598 -1.489850
