12.533390 -2.442131 -1.983561
8.692947 -3.269870 -3.420628
6.682737 -0.843950 -1.868492
5.148797 -4.153026 -2.927281
6.140178 -6.078724 -1.197562
8.028027 -7.349552 -1.517331
3.649981 -5.912902 -1.732818
7.995917 -9.336737 -1.616477
16.818556 -11.411678 -3.477783
10.978260 -8.071026 -3.728205
12.746980 -5.938652 4.915756
9.482021 -7.734506 4.661881
5.034318 -7.520331 5.534824
1.867877 -5.379678 5.352036
0.727610 -6.598657 5.949626
1.246770 -7.577366 6.586327
1.541522 -6.928578 8.189987
6.656479 -5.073151 6.465037
7.820519 -5.621505 5.774070
6.540660 -5.711432 4.786656
4.919525 -3.210264 4.541900
4.702533 -6.593159 7.397928
4.966693 -3.071128 5.015875
3.642983 -7.566324 4.699617
4.686675 -4.340291 4.711121
6.339095 -6.663021 4.508193
6.063870 -6.032259 7.037716
4.014702 -4.181823 6.136543
9.146686 -3.466187 7.501337
6.315844 -2.305375 6.101001
4.912503 -5.189778 4.711288
3.204703 -3.802173 5.079076
-11.864316 -6.355710 12.793262
-7.189826 -6.089124 15.682794
