8.006500 2.516384 18.724318
6.133083 -1.903443 9.085256
2.875225 -4.604196 5.793356
-0.505690 -7.453521 6.622682
-3.596774 -4.761815 4.389263
-4.085904 -8.906372 4.254890
-3.165754 -6.114407 -2.611471
-2.604762 -4.870284 -1.013003
-4.142820 -6.306583 3.113853
-3.301598 -10.435495 2.818124
0.232320 -11.689547 0.343731
1.007766 -12.791141 3.300766
1.067483 -12.005654 1.530318
1.256532 -11.731795 -2.428640
5.322604 -13.470191 -5.103308
7.389202 -8.331570 -5.029432
3.928759 -6.016373 -3.460972
4.301145 -4.359198 -4.492120
4.920952 -4.307130 -2.817547
3.681091 -4.350235 -4.145051
4.043289 -3.783495 -5.955971
5.040784 -6.435662 -7.176991
6.161691 -6.917484 -5.321624
7.722955 -7.021966 -1.677091
5.875829 -4.448184 -0.741574
3.981289 -2.331121 -0.939636
7.487120 -6.469389 4.739329
4.554610 -6.883332 5.038291
5.245091 -2.457881 6.725932
7.514290 -6.106308 6.044904
5.682319 -7.560295 7.200745
4.754095 -11.431229 5.670883
5.536878 -2.249179 5.439272
3.961932 -6.309470 5.437338
7.907865 -7.151209 5.245123
4.198575 -6.405213 7.482924
3.646939 -6.019023 7.837306
3.434670 -6.701406 6.444574
4.502800 -7.650937 5.194039
1.834049 -3.442972 5.172823
0.397263 -3.370494 9.255666
3.044911 -6.855533 5.476539
3.711892 -4.966920 5.164641
0.165540 -3.138495 8.317180
-0.880005 -7.103014 5.464004
4.042268 -7.138097 5.850170
1.656506 -9.678689 6.644412
6.925471 -13.685129 2.711518
5.564479 -4.529276 -3.136769
12.524600 -6.286072 -1.178057
5.097448 -5.061381 4.799681
5.795176 -5.329675 6.988650
5.152454 -5.923427 5.350899
3.794850 -5.837568 4.925782
4.082074 -4.169562 4.600815
2.953644 -5.223324 5.395051
1.747271 -3.353768 6.663794
6.100754 -1.681852 9.259256
3.661526 -4.221498 -1.302662
5.312296 -2.067209 -1.035654
4.570631 -4.423342 -2.558188
4.261971 -6.423622 -2.417973
5.289539 -4.992508 6.007071
3.345532 -3.071592 4.972223
5.098072 -7.534731 5.456539
5.309226 -4.936790 4.777656
-0.521055 -3.485192 5.625251
1.783626 -4.058376 6.089653
4.504366 -4.941190 4.508743
5.421492 -7.818303 6.269586
8.284556 -3.910581 5.535432
7.697992 -8.912763 5.307454
6.496557 -8.527421 5.074475
7.573374 -9.892919 4.796720
4.242600 -6.829736 5.628548
9.943329 -7.407942 5.006084
7.962128 -11.210636 5.149073
6.873144 -12.214665 11.825945
4.860523 -6.771889 6.171713
5.667887 -5.756974 6.600656
4.849415 -4.410978 4.850167
4.067587 -6.110881 4.930093
2.989693 -6.704362 5.831220
5.167682 -12.161246 5.329687
-3.558627 -14.594680 6.750956
4.108608 -11.935826 -1.581774
3.644901 -8.792242 -1.768815
3.641961 -9.892180 -1.592181
0.952933 -10.917858 6.084434
3.930936 -4.385410 5.855368
4.188210 -7.313924 5.770680
3.988601 -6.992872 6.063647
8.533107 -8.807507 4.681768
8.747754 -11.357289 5.487403
-0.119049 -3.837181 5.296314
-0.377552 -5.954287 5.605177
-0.364904 -2.892115 5.379426
1.043673 -5.163782 8.623242
2.255430 -6.418028 6.531056
0.928791 -5.176597 6.734003
1.428764 -5.771020 5.569195
6.257215 -8.765206 -2.952914
3.623818 -6.643520 -1.888134
4.837711 -6.071119 -1.374478
3.969206 -6.768878 -2.349384
3.573579 -6.821873 -3.793715
3.756224 -6.295433 -1.768020
2.851260 -10.976440 0.414795
5.121209 -13.000002 2.394956
10.346656 -12.852015 8.424017
7.087818 -7.333254 5.907368
5.468287 -6.144386 8.489828
3.936743 -6.598577 4.566274
6.530856 -6.250105 4.988636
6.738166 -6.844785 5.778398
4.151089 -5.655018 4.614090
2.109136 -3.188105 5.533069
-1.051032 -5.153974 4.982468
0.812613 -5.282285 5.682451
-3.530829 -6.369116 3.073411
-5.024426 -5.345472 4.666779
-2.157840 -6.451244 4.615802
-3.028722 -5.480278 0.749433
-2.903981 -9.087588 2.971229
-4.763512 -12.185905 2.474806
1.876557 -12.326008 5.764370
2.907467 -12.107527 3.688379
0.533681 -11.144114 1.376977
2.784061 -11.528047 -1.591915
4.431998 -7.809737 -1.077345
4.299435 -9.005989 -1.389934
-2.056854 -7.436452 -0.687131
-4.533875 -8.539315 0.961653
-2.775222 -13.255440 1.115973
-4.122571 -9.533159 2.209598
-5.316579 -7.076587 1.765409
-3.809101 -5.819668 1.499437
-2.077016 -4.708688 -0.916056
-3.152891 -5.454070 0.362453
-2.650132 -9.926925 3.450575
-2.908940 -10.429445 10.817596
1.146640 -12.330097 6.858435
-0.608968 -10.000226 6.289398
2.819093 -3.803325 4.974204
-0.799172 -3.183286 5.095368
-0.864991 -4.874838 10.612005
2.448956 -11.002415 -1.092358
-2.019447 -5.673245 3.747151
-2.719826 -3.263266 2.745264
0.253543 -7.547246 5.601768
-0.504395 -3.669782 5.562119
1.454607 -6.151062 8.530509
1.438450 -5.071630 6.344955
1.351508 -5.594314 5.158796
2.243135 -6.034541 8.233666
0.592986 -6.261634 6.689861
2.647128 -3.665653 5.416931
2.425383 -4.094667 7.796692
3.001328 -5.790385 8.535883
-3.056152 -3.577253 6.519964
-3.245704 -3.236028 4.492040
-2.738900 -3.653968 2.841198
-3.355609 -3.743826 6.682164
-2.468130 -10.138236 8.465874
-1.403007 -5.885266 5.942421
1.030090 -5.243771 5.345017
-2.698557 -4.018358 0.261985
-2.240057 -3.321839 -0.327470
-2.237830 -5.793107 -0.714940
-3.238320 -8.364534 -2.145989
1.206288 -11.081524 -1.546031
-4.200780 -12.379132 0.680333
-2.504346 -8.456147 2.443335
-2.664980 -11.228336 3.116866
-0.882738 -10.808479 2.994070
4.438663 -13.418118 1.303384
4.485535 -9.852804 -1.001873
3.394534 -8.903052 -4.618882
1.875359 -8.645091 -6.871665
-0.595069 -6.308039 -6.168932
-0.842240 -4.527029 -6.040259
-4.012750 -9.171940 -3.599865
-1.983051 -5.391452 -3.984242
-3.022113 -5.282702 -3.719761
-1.978454 -7.696863 -0.872475
-2.159008 -10.388109 6.832624
-2.154293 -8.311650 3.266450
-3.503916 -11.375892 4.283937
0.991236 -9.343253 9.423120
3.808384 -7.746137 7.585327
5.691632 -8.085724 6.367385
3.085614 -6.580313 -4.542149
5.115817 -6.596311 -0.847972
3.818477 -7.961301 -0.810693
4.237946 -7.760923 -0.785630
4.090873 -5.633402 -1.296783
3.629524 -9.054117 -1.798029
8.219087 -8.382859 -1.692534
8.270277 -4.566268 -0.517973
7.891375 -5.494920 -0.836428
11.699018 -2.642565 1.618297
3.653764 -6.640642 6.055509
1.217010 -7.872837 8.445800
3.761722 -5.707271 5.696588
1.846071 -4.296392 5.768999
1.829703 -5.275543 7.840345
3.882420 -9.456521 7.382525
3.659973 -5.299982 6.971084
1.219326 -5.068373 7.679107
1.414891 -4.797121 6.091752
2.114918 -3.438382 5.158263
3.388637 -4.354930 5.925937
5.889565 -6.844164 4.652392
4.034468 -6.563616 6.142289
3.837276 -5.214969 9.548526
-0.848819 -7.412711 5.987988
0.346574 -5.743810 5.637808
0.851842 -4.815988 7.244505
-2.710658 -3.605732 4.530502
-2.435794 -4.045645 4.344581
-4.695198 -3.088752 6.169925
-4.111468 -3.346175 2.101163
-3.263004 -4.550848 3.499254
-4.836657 -2.907527 6.812599
-3.521515 -5.269183 6.486921
-1.676567 -5.386035 7.867847
-3.622697 -3.699130 3.757606
-6.115268 -3.367885 2.223718
-6.415450 -1.775456 5.010618
-6.240883 -0.679486 5.447484
-7.489459 -4.499669 7.619591
-4.775446 -4.862631 5.852256
-2.901451 -3.830338 3.937062
-3.946882 -3.048312 1.988881
-5.613701 -3.000738 1.616080
-6.138605 -2.613334 2.691481
-4.464214 -4.147824 1.571825
-1.955156 -3.514471 7.154096
-2.610106 -3.693206 5.904274
1.254463 -5.026241 5.206217
0.452238 -4.277858 5.253525
1.634666 -4.144983 6.177593
3.971053 -5.965456 9.466667
2.971235 -5.150699 6.649921
4.901514 -1.809551 5.484434
6.148662 -4.776574 4.594010
5.256309 -6.490407 6.034850
10.677986 -11.491833 7.353123
9.973506 -8.850050 4.619150
10.761405 -7.695617 4.658023
7.305162 -6.820812 9.468077
3.010071 -8.917236 6.374994
7.694008 -8.625779 8.278155
6.099864 -6.554298 4.727614
5.768554 -7.541218 4.842422
5.195189 -5.961411 4.653349
2.439873 -6.870665 5.540279
1.725997 -11.398462 6.505465
-3.273442 -15.243064 10.659806
-1.994976 -8.958734 7.127377
0.800166 -4.468155 7.565700
1.901315 -5.958737 5.363705
2.556194 -6.127865 4.982363
-0.918709 -8.332099 5.269145
-0.500082 -8.110354 6.139794
-3.489076 -5.448392 5.124348
-4.555777 -9.979980 1.779458
-2.027952 -8.229336 -2.574284
-2.190362 -4.760495 -0.650566
-2.014377 -6.658803 0.747501
-3.023026 -8.998069 6.245789
1.061387 -9.011998 7.836554
4.859354 -4.368494 4.687018
0.802316 -3.749911 5.845073
2.258458 -3.226737 7.830781
-3.458522 -3.995343 8.805175
-1.476691 -6.056133 8.438846
3.501515 -4.778866 7.738703
-0.994302 -3.314885 6.827950
-0.947537 -7.266839 5.916828
-0.118869 -11.781491 8.394027
-4.251698 -7.611509 2.337086
-1.294190 -13.311289 5.622048
1.729179 -12.701956 6.445297
4.320379 -12.778988 0.006589
2.067104 -7.985788 4.974504
1.567513 -7.372510 6.813993
-2.362267 -6.512008 4.687213
-2.281095 -8.354518 4.589839
-2.712283 -6.492958 3.218013
-3.695778 -4.611010 2.162679
-2.338205 -5.387485 0.200966
-3.520617 -5.539693 0.374156
-4.121227 -4.378050 0.004214
2.306615 -4.558868 7.534423
3.418267 -3.121737 6.254579
5.333503 -2.741190 6.020680
4.246397 -3.235061 6.609417
2.398810 -7.530960 7.683503
4.374252 -3.990314 4.724321
3.086020 -6.763962 5.350534
4.327105 -3.522891 8.259960
3.621367 -6.542614 -1.906565
4.482539 -6.952334 -3.589977
5.851922 -8.904940 -6.174420
0.209696 -6.333437 -8.039647
-2.489274 -9.752847 -5.745820
0.767242 -15.277559 -4.309882
-0.954648 -11.179810 -3.182412
4.170066 -12.499801 -7.895047
4.974021 -8.550249 -6.462499
-0.718893 -2.740052 -5.404663
-0.076287 -6.593218 -5.898559
1.154410 -4.821494 -5.499552
2.694763 -4.212228 -6.221092
4.287457 -3.951634 -1.631018
4.168953 -6.058829 -1.565892
7.964925 -5.540211 -4.289317
3.481171 -8.182448 -2.315603
3.108643 -6.618113 -2.257378
6.446334 -11.603505 -2.665308
8.506620 -12.453548 -1.092446
3.414172 -9.502584 -1.918318
3.118852 -9.831330 -2.085294
6.928739 -12.810845 -0.474243
3.020350 -8.414223 -5.914796
3.258502 -7.090345 -4.057445
3.201319 -5.944128 -3.688502
3.559179 -9.106255 -3.568297
6.839288 -11.370371 0.795423
3.722500 -11.644214 2.174764
0.334351 -12.118773 -3.248598
7.022495 -10.329114 -2.195346
3.155728 -6.035119 -2.544189
5.569482 -6.751718 -1.212142
4.753411 -8.948809 -0.924132
5.827206 -6.717010 -4.494907
6.861204 -10.110141 -3.984152
2.192131 -11.844162 -0.008722
4.477202 -10.728920 2.725033
13.032879 -10.806611 0.712679
8.363283 -10.981976 3.358878
10.378366 -10.178404 7.691953
11.707770 -9.487355 3.236253
10.213154 -2.921389 9.917409
5.938081 -7.176194 6.761515
11.954381 -7.917922 4.389987
4.675663 -7.563609 6.445698
6.259434 -7.282003 4.617177
3.723840 -3.015203 5.437560
3.112589 -3.748965 5.653296
3.319533 -5.676304 5.258652
-0.095323 -7.087225 6.061036
-0.319611 -8.239888 5.803697
-2.303204 -12.083323 8.222436
-1.933304 -4.830872 3.604778
-13.256849 -15.768770 -7.081433
