-16.515860 -0.702393 17.103378
-11.302895 -3.302040 9.644731
-8.070722 -0.917668 5.971343
-7.635027 -0.055542 9.583482
-9.440149 3.671444 5.526736
-8.955689 2.693345 7.649276
-8.991041 1.907135 7.966108
-8.286983 -0.021415 5.721625
-7.945069 -2.106702 6.363501
-6.446277 -1.488236 6.457843
-7.632576 -1.222409 8.983258
-0.052723 -3.151466 16.910145
2.401762 -8.919694 14.177581
1.433094 -3.020825 8.376709
1.423123 -4.194736 5.270610
0.143922 -7.394693 5.555688
-0.567285 -8.492616 5.510965
0.755000 -4.201733 4.957756
-0.320817 -4.693984 5.463847
0.862936 -4.615669 4.951714
-0.777281 -6.070952 5.632182
-0.303896 -7.545239 8.199442
-2.005383 -7.382287 5.543893
-2.193547 -4.980215 4.270497
-2.095069 -5.688425 -0.254653
-3.901284 -8.919168 2.558890
-2.727979 -6.375306 3.697329
-3.164041 -3.791198 2.822278
-3.817251 -2.963625 2.693644
-3.813704 -4.006316 2.965119
-6.689951 -7.288395 1.204131
-5.936139 -2.609705 1.402043
-5.817856 -5.656646 4.177663
-2.012592 -3.890662 -0.324422
-2.810744 -8.486708 -1.912641
-3.242357 -5.513173 -0.393957
-3.353475 -5.934645 1.034033
-4.085103 -5.939484 0.764779
-3.426779 -5.425516 0.310790
-3.011124 -8.075968 2.679461
-3.316673 -7.587180 0.014408
-2.272885 -7.437291 1.382656
-3.287791 -12.746518 3.724436
2.096519 -11.272419 2.340662
0.788144 -5.858851 -6.289711
3.674072 -6.218303 -3.290150
6.119774 -11.013297 -3.842924
1.819824 -11.118812 -4.426576
3.175910 -7.205983 -2.541989
3.148001 -6.197187 -1.779226
4.713414 -6.232703 -2.162635
6.021107 -9.127984 -6.264729
3.857414 -8.490371 -3.152966
3.250331 -11.747720 -5.840803
3.178806 -10.703968 -8.242824
-0.053247 -12.177126 -3.437255
3.053307 -5.942503 6.113295
4.466516 -4.249494 4.954834
2.002699 -5.589058 5.228283
5.107925 -3.498910 5.434803
-1.008567 -4.294478 5.959294
-0.336896 -4.911860 5.876010
-2.129900 -6.286815 0.706309
-1.954513 -6.810511 -2.343460
-3.433736 -10.414875 -3.464445
-3.576239 -6.239187 -1.100010
4.491822 -7.199292 -1.697275
5.589631 -7.566005 -1.557468
4.396749 -3.243010 -5.237339
2.089246 -8.118690 -5.157870
4.574900 -12.749736 -7.259662
-0.936981 -11.490322 0.300740
-2.157149 -8.469007 5.956192
-2.343936 -6.927778 4.874753
-0.598036 -5.643425 6.088708
1.674673 -3.999648 5.177691
-2.310685 -6.488336 3.332277
-3.007187 -5.759632 -0.085386
-3.530496 -6.764488 0.018741
-2.674234 -6.415438 -0.661709
3.411174 -11.481768 1.141863
4.818606 -3.537192 -0.772093
8.165807 -4.208909 -2.039168
3.525215 -5.869456 4.801918
3.770189 -5.884703 6.101824
7.237444 -5.416026 4.774159
6.735372 -3.075982 9.230981
3.860228 -5.405977 6.625612
0.110484 -5.656412 5.068418
0.129245 -9.466265 8.397632
1.807067 -7.613466 6.391815
1.264258 -11.375335 5.558216
1.874360 -10.676131 5.572905
2.348229 -4.186630 6.298634
0.406915 -5.559466 6.584821
2.167979 -4.034102 8.288776
-2.134202 -6.262650 10.876491
-4.453310 -6.803199 6.468544
0.810425 -3.343505 5.491500
4.624858 -4.293392 -0.659315
8.386428 -3.155269 -4.378328
3.113958 -6.053923 -0.722378
3.920514 -3.465699 -1.770126
5.701646 -1.799462 -0.525110
10.776248 0.741664 -1.420999
10.298531 1.143175 0.846123
9.326886 2.461061 3.787860
4.792373 1.684618 3.725681
7.551248 2.947462 2.211829
6.659320 -0.034293 4.181884
4.430625 -3.808919 4.522748
8.332422 -4.941629 5.383056
3.896178 -6.745893 5.865545
4.658632 -0.358474 0.421335
4.476621 -0.824931 -1.128787
9.105736 -0.604830 -2.613389
5.089853 -3.773044 -1.028117
3.890347 -3.263292 -0.642513
-2.352539 -3.493961 -1.387624
-3.377087 -2.256421 -1.914125
-4.656690 -5.320056 -0.883086
-3.114330 -5.325950 -0.053879
-3.869868 -4.002092 -0.271574
-3.366227 -6.011572 -2.241792
-3.414226 -3.895744 3.502119
-2.111059 -6.059174 2.174731
-1.547504 -7.954236 5.993302
0.256618 -5.640719 8.522043
0.304869 -4.928012 7.475209
2.747021 -3.675414 5.752968
4.458185 -8.144392 5.121717
6.093514 -5.703848 5.527685
3.881645 -8.685549 -3.348782
5.612449 -9.702210 -1.073505
4.721686 -10.250486 -3.657607
2.117678 -12.079158 -1.451877
4.426891 -11.210530 4.744805
8.737560 -5.842265 -1.732903
6.941408 -7.711939 6.649425
3.058678 -6.744376 7.484285
2.584320 -8.961796 5.854389
4.324327 -6.730814 5.052895
-0.224759 -3.151814 5.149863
0.932016 -3.066414 7.030526
5.963366 -6.698027 7.443620
2.307232 -5.469958 7.262441
1.616274 -3.854407 5.631745
-0.474174 -4.222361 5.373377
-2.197712 -5.911854 6.955503
-1.634116 -4.240238 6.555242
7.068892 -6.365484 5.105909
5.605048 -6.015585 5.473202
8.285602 -8.219544 6.082448
7.646957 -8.973761 8.001335
12.573442 -9.040625 5.745649
11.505904 -5.213417 3.088354
14.980264 -9.277274 5.490751
9.206964 -4.213019 6.634175
3.944650 -4.347467 7.363213
6.553506 -3.963614 7.618081
4.544914 -5.491046 5.216759
1.568987 -5.908597 5.813563
0.295782 -7.010858 7.566420
1.489073 -5.479986 4.995195
6.345535 -6.704076 6.468689
8.234595 -12.593992 4.667456
12.180561 -8.162212 4.602229
12.421247 -3.710996 4.857432
6.717207 -2.455976 5.073053
7.033978 -7.149294 6.533159
11.223498 -8.933331 4.479721
11.490355 -6.742552 4.269251
7.542840 -6.388127 8.026881
3.511357 -4.345206 7.304254
4.837888 -9.710996 6.790692
6.295081 -8.679361 5.051303
3.437800 -5.901015 6.470931
5.687242 -9.139238 6.102767
6.090900 -9.251369 6.266447
7.218908 -10.299570 6.523138
-3.142550 -8.114386 6.076455
-2.135249 -3.763646 4.672727
-2.250051 -5.868172 5.823860
2.161854 -6.063937 4.982455
5.732560 -8.183381 9.177250
5.800036 -6.145494 5.187024
2.309921 -6.939631 5.558798
4.708042 -4.431909 4.812305
3.852596 -8.477334 6.570535
4.405561 -1.732502 -1.364488
5.900067 -2.584867 -1.018828
3.824216 -6.682458 -2.599487
4.617436 -5.660247 -1.550493
4.693405 -4.796103 -4.847477
4.000332 -5.208563 -2.662601
7.749387 -8.283142 -1.540590
8.368816 -5.715680 -1.451175
5.340759 -5.988994 -2.080208
8.763373 -6.436496 -1.579704
3.703045 -4.774681 -1.860773
1.547771 -4.189680 5.104094
1.226714 -3.334903 4.926951
5.326887 -6.931271 6.751221
3.744624 -6.772056 5.261454
8.622896 -10.612582 5.914668
6.015618 -6.150260 5.436192
-3.022943 -3.751296 7.757632
2.937392 -4.751612 6.465143
3.212324 -7.062283 4.866118
1.909947 -8.252297 5.917532
-2.493288 -10.585265 3.721836
0.554955 -12.368812 0.946574
2.084138 -11.959274 1.456061
5.156419 -10.350771 -0.944487
4.351421 -13.545735 3.461284
1.257771 -12.136280 7.794258
4.373273 -6.956730 4.637663
6.345698 -7.787586 5.051595
11.638419 -11.752355 9.562465
8.264790 -10.972914 1.359694
6.404483 -10.755110 0.691683
4.744828 -12.627069 -3.402116
9.170728 -10.174789 -0.782713
8.568030 -8.505128 -0.507537
4.849544 -4.699368 -1.333079
7.731147 -6.998481 -0.847434
4.450720 -6.191306 -1.319800
6.886956 -3.251677 -1.590258
4.653481 -5.238995 -2.979538
3.655282 -6.722002 -3.593046
8.521945 -9.250927 -2.934774
2.702881 -8.692914 6.736379
2.846016 -6.783592 10.020844
5.139957 -7.224205 6.011409
6.970755 -6.736626 -4.773489
13.551951 -10.173326 0.782758
11.856916 -9.594411 -1.477657
11.782520 -7.468351 -9.702630
6.967258 -7.887661 -1.992570
6.718338 -4.414940 -2.742577
12.157254 -5.148288 -3.539928
5.362918 -4.370502 -3.020393
4.837768 -5.936417 -3.509308
3.642938 -10.375906 8.412232
3.503092 -10.445471 6.479533
4.356099 -8.666998 6.398421
3.709896 -6.875475 6.101843
7.395824 -7.169011 8.497799
7.278670 -6.379079 6.480281
9.035626 -5.809851 6.233021
6.766314 -4.037825 7.666894
6.647802 -8.216405 5.177577
6.210076 -2.417696 5.008332
4.211190 -3.470457 6.618270
0.645466 -9.397252 6.574939
2.123605 -7.111221 5.421029
8.913637 -7.064358 6.698079
8.284671 -7.129085 4.535532
8.646434 -8.907367 8.251174
4.727624 -6.086310 5.200601
2.861204 -3.945558 5.672469
3.854939 -8.333700 6.101854
1.653956 -4.299410 5.063094
0.655384 -4.281751 5.216950
2.781711 -10.038940 5.886835
2.791050 -9.990763 8.399637
11.731559 -7.107732 8.616958
4.770980 -6.679526 7.583969
3.119000 -3.303674 6.919511
3.338919 -9.962521 5.688372
5.663741 -11.043141 5.896731
6.903187 -11.626000 3.372666
2.607235 -13.041326 3.301886
