9.391873 -17.910944 18.385065
8.969893 -7.242611 5.528938
10.313351 -6.382499 4.805435
8.102804 -6.112276 4.871876
6.344724 -5.199596 6.235062
5.970222 -7.789402 5.763755
5.066649 -5.250927 5.189020
7.067067 -9.297629 5.592531
4.852523 -4.545291 4.799996
2.433085 -3.538844 6.363615
8.297011 -5.884207 5.511682
7.251904 -5.020393 5.166048
7.332574 -5.161757 4.558343
-0.783942 -7.194492 6.137915
0.765752 -8.567327 6.744805
-0.678219 -8.287470 7.165327
1.471493 -8.132627 6.828535
-0.128176 -5.680680 5.018820
-0.327543 -3.223419 5.881212
-0.740097 -5.830471 5.461644
6.537196 -7.227008 5.616577
5.873591 -11.898873 2.318786
8.429527 -13.213984 2.935413
10.907750 -12.691837 8.282134
6.702509 -6.818752 4.990802
3.736881 -5.476756 -2.279972
-1.993635 -5.457272 0.798014
-2.494074 -4.636300 -1.370967
-2.133173 -3.136684 -0.291227
-2.084155 -2.148867 -1.067420
-2.579746 -5.475142 -0.951132
5.225897 -11.932051 3.182704
3.504341 -8.778527 -1.625821
3.339174 -14.701016 -2.530025
4.090633 -5.105742 -1.723643
3.405674 -5.712190 -1.143701
5.109843 -0.231893 8.251247
6.247478 2.214213 6.266021
6.176844 -0.419284 3.131816
14.002315 -3.816301 3.195646
11.299481 -0.017044 5.201942
5.981178 -0.110315 4.141507
5.392098 -0.240443 5.080067
4.852347 -2.008984 5.050071
6.532373 -3.517218 6.290633
11.385806 -7.124923 5.779674
11.210971 -6.894492 0.270062
12.749382 -7.795123 6.598575
13.839334 -5.608601 3.002510
10.919015 -9.421281 -1.762585
7.249033 -5.311867 -0.593491
7.578701 -5.097017 -2.462750
12.417844 -8.847399 -3.041996
11.431353 -5.487317 -1.901075
10.119376 -2.807778 -0.529702
10.147467 -3.948167 -0.727832
4.659486 -4.367691 -0.717566
6.165433 -10.952637 -2.957318
3.602602 -12.900401 3.709906
1.939456 -11.489369 4.789195
1.511300 -5.839688 7.451175
1.317235 -4.345620 7.067959
4.301762 -5.309378 8.447516
2.466241 -5.807621 7.346353
4.759683 -5.977717 4.503007
3.764912 -9.706214 7.718337
2.968921 -6.356843 5.759171
1.730653 -8.945779 5.015384
0.437435 -9.813779 7.535438
-0.046684 -6.547776 7.514721
5.581857 -2.890809 7.167097
6.682004 -4.349026 6.853464
3.212821 -5.585907 -0.522243
6.095353 -8.863861 -1.483615
8.458119 -7.792793 -2.558448
5.725358 -10.492716 -1.182918
3.328180 -4.605690 -0.681599
3.103163 -2.719644 -1.097131
3.321526 -8.267632 -2.239912
5.237808 -5.888728 -1.379515
11.021764 -6.256550 -4.206486
11.317297 -4.257534 -1.748868
7.849477 -2.821326 -0.926239
6.517051 -2.402150 -0.608676
3.771529 -5.495504 5.314751
1.121248 -3.457039 5.972268
3.884284 -5.292575 4.603641
2.150313 -7.455814 4.974659
6.359139 -5.438582 6.938399
3.734101 -5.886649 6.191574
6.166565 -8.579331 6.809698
6.661195 -6.656626 6.701043
5.893587 -3.977954 5.796790
3.795624 -6.423930 5.913244
3.435482 -3.815927 4.871292
2.577032 -7.359591 7.132205
1.009426 -5.568470 5.405522
4.495990 -3.405085 5.607242
3.916659 -2.971020 5.217258
10.853597 -2.338656 5.496220
4.969444 0.789084 7.207051
4.133188 3.193545 5.472481
5.425567 1.962251 6.105246
3.097064 4.262752 7.513445
4.983326 0.882079 3.942578
6.154521 2.293799 7.223523
4.913280 -0.396913 3.762839
3.996521 -4.374264 6.112196
2.209985 -3.836735 5.432994
4.975002 -1.588201 6.119900
4.282540 -1.092938 5.546826
4.701882 -2.976299 7.394827
1.803575 -3.540367 8.468395
-1.885290 -5.291544 7.534695
-0.946301 -3.263784 4.993091
2.582364 -4.407379 7.386101
2.413656 -2.967941 5.574090
4.140844 -3.256196 6.044943
5.679042 -5.693313 8.309387
5.942662 0.070319 8.375451
4.633992 0.935852 6.117896
7.478151 1.333172 9.501390
5.336210 -0.083489 8.176603
6.341209 0.913210 3.438769
5.956300 2.406434 7.534821
2.932200 2.166104 6.238729
3.471418 2.697881 5.159364
-2.720618 2.526689 5.596164
-1.378517 2.714155 7.168911
-4.798640 4.811979 12.223235
-1.257372 4.523900 8.383035
0.746888 4.569709 10.244617
4.033718 2.615460 8.877392
2.717390 3.187847 6.515924
-0.550337 -3.434011 8.022246
-7.166178 -3.579333 14.910893
-4.242352 -5.034323 10.281361
1.591516 -4.572070 5.694077
5.428402 -3.433054 10.229550
2.987632 -6.161151 7.395075
1.150280 -4.078739 6.411057
2.898618 -4.390735 6.330795
1.263512 -3.806294 5.599015
5.263068 -4.011535 8.700472
5.106658 -1.859789 6.529048
4.991004 -2.335906 5.742094
6.168412 -6.736340 10.013857
0.007018 -5.966127 11.772019
0.873480 -3.981433 9.667753
2.026744 -3.771834 8.422917
5.185430 -2.787618 6.718883
7.499066 -3.674151 10.521176
0.689815 -3.218505 7.550821
3.745482 -4.692530 8.880862
2.520232 -1.996361 11.821875
-1.183658 -4.458880 10.294184
1.666910 -3.039564 7.656291
0.842066 -2.927785 6.974143
2.553803 -3.370124 8.552773
7.393127 -3.906643 6.664954
4.825745 -1.132908 5.100634
5.139112 -0.729387 6.295015
6.840158 -3.036067 7.737948
6.485897 -5.887027 7.398641
5.836790 -3.368051 4.521961
6.191727 -2.419394 6.142038
6.878955 0.074529 6.548314
6.650747 0.303305 5.544072
5.836938 -0.093875 3.692699
6.141529 -0.601243 4.098595
7.224122 1.507405 6.661004
6.773252 -1.079282 5.182530
4.103011 -4.869716 6.602361
2.976025 -3.126019 6.609184
-0.688676 -3.667127 5.568321
1.606440 -4.184192 7.969787
2.979814 -3.959985 9.533664
-0.269421 -0.651343 14.118042
0.356171 1.440623 10.838779
0.103483 -3.005950 11.744967
0.203253 3.064011 10.577060
1.262352 2.639242 10.509621
2.919422 2.393867 7.583128
6.698638 -3.890344 9.872289
6.501790 -3.569751 5.749144
4.849046 1.867122 8.164237
3.071908 3.101600 7.323029
1.703999 2.422018 8.459039
2.308859 3.727357 7.406080
4.373494 0.734742 14.108225
5.412370 1.025391 9.162513
0.862910 4.573697 7.390510
5.792569 -5.057396 12.037882
7.801599 -5.617092 11.643492
-0.755516 2.960611 11.971119
-2.039750 -0.517549 11.411221
-1.078526 -3.292418 11.552061
-4.554300 -3.876456 7.964353
1.467789 -3.100555 6.314645
-0.944327 -5.037404 7.796247
0.387207 -1.886649 13.126230
-0.471239 2.600587 7.011047
0.235219 2.643675 7.579226
0.302023 4.283470 7.756914
-1.556638 3.466800 8.876606
-3.459097 2.179986 9.152193
0.447235 2.303030 7.969886
5.204389 -4.086152 8.193521
2.283245 -3.827104 7.128150
4.831920 -4.833933 5.961091
8.044552 -0.313482 8.424387
4.815022 0.835036 7.570029
1.868791 -3.143886 6.895628
-3.454373 -3.502811 8.699926
-7.546707 -3.541390 4.251655
-6.046326 -0.184437 6.454263
0.431748 0.185567 11.224807
0.885904 1.711010 14.836716
1.098142 -3.605165 18.448948
3.572566 -1.268558 10.958893
-4.878808 3.458586 2.730863
-5.946459 -0.378803 9.015067
-7.252406 -0.121872 4.066753
-7.020532 0.101954 8.071662
-5.968834 -2.397368 6.176991
-4.862370 -7.549771 9.104021
-2.752795 -4.575844 6.849436
-2.323489 -3.481765 5.188432
-0.236793 -3.507627 7.013292
-1.814495 -4.391114 11.090283
-1.663818 -1.922529 12.810637
-1.874081 3.900146 6.131390
1.296019 4.759808 3.868163
0.806284 3.362705 7.450474
-4.372753 -3.377143 2.670820
-6.822231 -3.725459 3.051064
-8.340786 -3.316292 0.196844
-3.362268 -1.303650 0.325625
-2.601178 -2.059682 0.565918
-3.345656 -2.092762 0.088396
-6.303640 -1.423782 3.868199
1.246941 -4.875519 8.192974
0.810590 -4.655250 10.286652
-3.044222 2.701085 9.115884
-3.126627 2.396082 7.096853
-2.583827 3.199561 6.092005
-3.093199 3.682766 5.409910
-3.178709 3.331531 11.924116
-1.264772 2.282743 3.954964
1.236652 2.221232 9.288302
7.142696 2.912122 6.886995
6.599088 -0.996877 4.682911
4.274999 -3.190182 5.310778
5.782310 -5.016315 5.182578
7.691105 -4.309356 4.902962
7.430342 -3.820782 5.267882
5.203623 -1.532129 5.192523
3.744577 -5.475182 6.548723
0.115743 -3.806100 7.460141
4.509590 -0.026307 3.169720
6.383196 0.048711 2.296109
9.569630 -0.462509 -1.881679
5.646804 -0.147462 0.969256
6.352214 0.093872 5.803067
4.961142 -5.725267 4.671423
2.743941 -6.866904 5.278087
4.021825 -4.507905 5.370663
4.711626 -4.581381 6.866069
3.590358 -5.185285 5.839810
7.859632 -3.883129 6.862651
4.790825 -3.421881 6.398807
2.973426 -3.067961 6.308192
1.665903 -3.012290 6.023790
0.195511 -4.312897 7.823806
1.559403 -6.044586 5.165055
-3.191474 -4.281995 6.445728
-2.662532 -6.875648 9.623079
-1.937175 -4.341341 1.351519
-3.265586 -3.814771 1.109427
-3.196133 -6.256922 2.678368
-0.746436 -7.565176 7.590963
-0.247552 -3.939770 5.015160
0.410105 -4.743407 5.747595
5.282667 -3.958735 7.751250
5.208506 -0.912256 4.774122
6.924013 -3.751007 5.248335
5.714969 -5.907162 7.421245
6.117932 -5.452818 5.203120
6.655525 -8.557286 5.703256
2.328897 -8.816566 8.089887
2.612154 -5.160206 8.371169
3.581500 -3.122752 5.230520
7.868899 -8.012164 6.013800
6.079079 -12.691454 2.799117
6.182725 -11.969623 8.645270
-0.592042 -5.320743 8.969482
0.250120 -9.312148 6.688136
8.570159 -4.869614 -0.511614
7.823331 -7.697760 -0.507254
6.864196 -7.446653 -1.385054
4.573779 -9.156725 -2.345160
3.910865 -13.833443 -5.809182
7.301808 -10.791581 -0.122960
8.348644 -4.543878 -1.214439
6.701321 -5.224482 -1.992164
5.098071 -4.322154 -3.586371
7.013512 -4.094311 -1.643638
5.841176 -5.568179 -0.775129
5.458102 -4.036272 -1.135631
7.969562 -5.942091 -2.564286
5.550379 -7.413199 -0.681060
8.968575 -7.078008 -1.390918
10.747071 -7.379488 -5.719025
13.099523 -8.634539 1.704481
12.780662 -1.597028 1.054551
12.645822 -2.898339 2.436298
11.877526 -2.222498 3.147199
10.076465 -1.687458 7.576749
6.642462 -3.649140 6.468112
6.043982 -2.596794 4.742037
5.014243 -3.640252 5.504010
4.350252 -4.102783 6.006904
2.122689 -4.750379 4.929540
5.827790 -7.306819 5.427586
9.410810 -10.440591 6.569210
5.405319 -5.822230 7.516843
5.516990 -5.651321 4.595734
4.586783 -1.851311 7.253780
7.444646 0.742855 2.554400
7.249868 -0.092576 3.298567
6.778623 -3.844065 4.963599
3.859029 -5.854866 4.957589
7.336983 -1.276585 5.089286
6.034606 -3.945208 8.332417
2.092878 -4.278537 5.296064
2.932580 -4.045866 5.826163
11.130580 -3.889541 -1.476825
12.996029 -7.009614 0.441312
4.328763 -4.518189 -0.868315
3.701801 -3.316070 10.356616
6.316504 -5.053700 7.469469
6.200191 -6.638696 5.606337
3.803404 -3.704397 4.545170
1.784681 -8.739445 6.503840
5.101980 -4.239487 6.314265
7.209868 -4.806444 6.644252
5.282924 -4.248505 6.347069
4.306983 -12.050173 8.499269
5.068323 -10.686259 3.622250
7.056983 -11.303242 2.490552
8.158541 -12.203404 1.404149
11.192802 -9.760832 3.406585
2.225196 -3.994331 4.984088
5.145886 -2.213975 4.551843
7.260561 -0.756561 6.933152
1.964554 -4.374886 5.070313
4.896088 -5.044082 4.529194
6.508286 -8.817977 5.506805
4.694852 -7.030581 5.165441
8.358512 -5.696112 6.723708
12.988512 -6.715810 3.306303
4.522049 -14.433096 9.643528
9.107089 -8.447574 7.782830
7.866790 -5.668095 4.813257
3.708969 -6.858953 4.910341
6.583869 -6.989050 4.510012
6.775654 -9.431172 8.635310
7.994749 -9.284212 8.310613
5.668312 -12.182411 1.469159
7.779685 -5.867528 5.002320
16.847675 -11.625255 5.823023
4.850605 -7.309862 -1.551506
3.562298 -9.442615 -0.619109
3.850340 -4.523648 -3.261383
5.612616 -6.036294 -0.656832
5.451102 -5.133509 -2.097380
10.305315 -5.059557 -1.663966
5.048957 -6.296612 5.292929
4.073548 -5.463078 6.842672
1.623260 -5.612279 8.244244
2.805186 -3.856107 7.423461
4.236391 -5.254375 4.901623
10.829041 -7.442648 7.809381
10.033537 -4.280369 5.413656
11.362863 -7.643024 6.198506
9.162203 -2.743982 4.849167
9.542314 -7.163901 6.603402
5.823291 -8.247713 4.730900
7.183291 -7.007703 6.340440
5.378123 -5.034587 7.255359
2.489015 -5.139179 7.348044
3.724634 -4.218351 7.023026
4.510119 -6.217852 5.488141
4.107555 -4.526003 5.503654
8.866848 -2.599241 6.845019
5.446066 -1.451668 6.602098
4.850980 -3.569118 6.565423
5.471603 -3.140049 4.784678
4.994924 -2.430884 5.718578
6.477394 -3.447270 6.356937
6.835423 -5.081290 5.220637
7.208858 -11.646183 7.994600
5.626894 -9.805023 5.639875
1.883942 -4.965261 5.379615
1.358997 -4.544765 5.135159
1.182531 -5.058369 7.590091
3.398927 -1.146022 -1.037618
6.610626 -8.089458 -3.764080
10.560267 -4.948123 -1.810002
6.878880 -4.150615 -1.042518
8.608012 -5.116735 -2.168975
10.049139 -5.920691 4.621358
3.302632 -6.083830 7.654657
4.512066 -6.372775 6.063430
9.901161 -7.150228 6.095647
9.766976 -6.736895 5.328891
8.647354 -5.039304 8.733503
8.273506 -6.895514 5.636274
3.708664 -5.463372 5.734661
3.675299 -3.139764 5.661403
2.338630 -4.723854 5.628436
1.182513 -3.342531 5.197016
3.811960 -6.727443 6.997204
0.948167 -5.641603 5.593493
7.106076 -0.800535 6.451957
5.583459 -3.461494 6.289914
5.831789 -1.193934 4.780750
7.913644 0.367124 5.217967
6.014483 1.977674 3.108556
5.007617 0.025807 2.788257
3.813310 -7.340064 8.921587
4.370704 -5.469100 5.466726
4.544563 -2.372442 -1.671968
6.376104 -1.196245 -0.575709
3.276295 -2.807678 -0.611325
3.225543 -4.077342 -0.889166
4.051223 -7.434339 -0.758759
4.307285 -4.180738 10.665188
5.553421 -2.607359 9.553198
3.391527 -3.892801 5.694988
-3.892260 -12.215867 4.634637
-3.133825 -5.117904 3.047021
-2.877596 -5.778778 5.003573
-5.064127 -4.970478 4.825181
-2.537357 -6.012409 6.385553
-2.651140 -9.860653 4.416783
-2.643614 -7.273046 1.537543
-2.443499 -5.358337 3.825010
-2.079118 -4.331865 1.860657
-1.992242 -4.697381 2.289225
-4.044787 -3.408940 5.220344
-4.869442 -3.815094 5.854906
-4.643252 -3.499947 5.879250
0.101096 -4.211164 4.995118
-0.903399 -4.053973 5.204525
-0.596054 -5.171106 5.429998
-1.352121 -6.527216 7.244431
4.633889 -5.242809 6.509858
1.711627 -7.326692 6.466874
2.656532 -3.412348 5.134398
2.867405 -5.102326 12.002764
0.190234 -5.154303 6.278677
0.564092 -6.235896 7.507646
4.293024 -6.129776 5.369019
14.014075 -1.262044 5.679882
9.004319 1.203886 2.873236
9.702283 -0.403530 2.461595
10.101665 -0.164191 0.655579
13.787647 -0.950042 5.320951
14.052332 -3.498589 2.076668
13.008706 -3.341014 3.397151
12.521276 -1.373470 1.298001
10.787610 -5.338625 -1.125010
9.422312 -5.942214 -2.179586
7.495510 -3.709379 -1.883208
3.575157 -2.147099 -0.896387
2.410458 -4.229873 7.925010
3.110246 -5.447655 7.818770
1.117259 -6.605839 6.628993
5.525818 -4.340621 6.584225
1.739225 -4.349770 6.355437
3.071030 -3.346172 5.629647
3.290397 -5.657725 4.708813
15.838927 -6.363501 7.168121
10.588849 -9.514251 8.742873
8.538050 -11.901520 13.993470
2.270157 -9.528413 8.396302
-1.821227 -5.275696 5.292004
-2.179038 -4.974874 4.992166
-4.846731 -8.368749 4.139582
-2.353867 -10.312348 -0.296663
-2.819081 -7.760032 4.383196
-0.298389 -7.024100 7.875330
1.992874 -6.995186 5.472692
4.462003 -4.438144 6.581937
-0.688534 -3.669647 5.236489
-0.200108 -5.397553 6.311862
-0.239709 -5.688860 5.015599
6.278966 -4.059874 5.056226
4.725352 -3.965326 4.646732
5.500094 -4.777629 5.139946
5.010530 -7.270105 -1.969111
3.443487 -3.905944 -1.036919
7.487078 0.135410 -2.071730
3.822714 1.001262 -3.105148
6.536849 -0.643345 -1.545177
12.910843 -0.469997 0.602677
3.459765 -4.954032 4.785586
4.169884 -5.590619 8.484477
3.448471 -8.661234 6.318235
6.721152 -0.475047 0.347434
8.336147 -2.067054 -0.670368
11.155972 -0.369772 -1.477280
12.150376 -1.609648 1.827666
11.362605 -6.148227 0.263158
13.107507 -7.715775 -1.289567
12.385696 -5.480015 2.943546
12.000219 -6.982209 0.393232
12.258465 -11.175705 -3.949740
7.547587 -9.153380 -3.969272
7.261053 -9.667825 -3.196084
7.610110 -5.532785 -0.845622
5.235537 -6.467511 -2.325227
4.167574 -4.683972 -1.686160
4.884196 -4.693112 -1.669329
6.373495 -6.049925 -2.077655
7.860938 -11.895438 -0.155573
7.638206 -7.153659 -2.993896
9.103831 -8.444097 -0.859550
8.249219 -6.826344 -4.119125
4.881113 -6.515749 -2.390970
4.624948 -2.220517 -4.441652
4.002702 -2.794042 -6.006532
3.205374 -0.039394 -5.034222
2.593354 -0.253962 -4.842255
8.487704 -0.039900 -6.269238
7.369175 -1.028280 -5.802166
11.863493 -0.328576 -17.516943
