-10.633884 12.152120 11.868362
-17.730110 10.326005 14.519187
-16.966682 12.061469 12.713376
-13.828781 10.138053 10.203794
-14.135726 10.426617 3.108818
-18.434280 5.345629 0.641010
-17.319002 5.912005 6.024575
-18.830225 9.775620 5.000068
-21.320206 2.961071 6.036412
-16.048758 5.927681 7.142351
-7.895092 4.559319 2.891581
-8.253664 2.648749 2.306616
-5.939622 3.761350 2.193382
-7.175734 5.089237 5.442657
-8.335539 -1.444123 13.307981
-7.448975 1.794044 14.605358
-8.419702 -1.791032 8.179950
-7.910048 2.000677 13.239436
-8.459095 -1.644546 7.060256
-10.321571 -8.987630 13.343422
-9.066248 -3.517856 5.978948
-12.340832 2.948531 4.233185
-9.984999 -1.521563 1.936890
-19.498291 -1.239254 7.439171
-19.446379 -1.491669 12.944582
-19.355190 4.037800 14.494617
-22.955360 -1.571198 16.090448
-9.996757 -1.458052 7.653788
-9.916677 6.176610 5.359462
-12.779778 5.496639 4.795533
-10.866760 4.527039 4.593638
-4.964767 4.115141 8.656725
-5.254337 4.950714 9.582130
-8.120142 4.998874 9.522238
-6.134515 1.051508 7.604177
-8.162914 1.324731 5.800864
-19.417971 12.216728 4.286644
-23.066469 10.317903 17.580544
-11.095578 12.393530 10.559988
-14.828490 8.202745 4.045635
-9.627372 4.950474 6.099637
-9.652665 2.365006 4.933504
-9.360516 1.442986 3.933679
-15.608335 -5.395664 3.336804
-17.806376 -1.340053 9.900816
-17.943127 0.121088 19.584671
