-6.163425 -7.854151 4.614500
-5.081463 -2.965283 2.117345
-4.511870 -4.173195 1.016804
-6.242328 -3.574637 0.928863
-6.174117 -2.355010 1.403043
-7.074815 -3.320779 -0.139209
-3.128535 -4.036979 2.019626
-4.071799 -3.648834 2.481709
-5.573489 -3.497648 2.688237
-3.315241 -3.082610 2.291993
-4.652239 -5.871565 3.949133
-6.436198 -3.436952 5.646434
-5.988974 -5.034961 5.283555
-3.902878 -2.946244 3.285825
-8.404424 -4.573970 -0.966811
-4.516350 -2.347291 -0.951830
-5.325989 1.380341 0.704384
-3.258290 0.122507 0.646685
-8.623456 3.823221 6.411348
-5.955601 5.464328 6.038004
-4.907393 2.194551 7.345939
-6.024261 -0.519614 6.135246
-6.704444 1.662762 2.854016
-5.423987 3.396264 4.198787
-5.255944 2.302759 5.541017
-5.630907 3.424521 3.273204
-3.486338 2.961518 5.745618
-0.209795 3.230606 6.152642
0.222739 2.422552 6.352756
-2.668547 2.355703 5.907500
-3.303090 2.593651 10.922921
-5.792768 0.746547 11.267755
-6.969613 0.301955 4.476095
-6.937691 -1.408155 6.709598
-7.011267 -0.671809 3.829630
-6.184940 -2.807347 2.081150
-5.131908 -3.424351 6.904755
-3.925963 -4.667186 3.914622
-4.907428 -5.123691 5.614729
-5.918300 -6.312374 8.895829
-4.358895 -7.516713 8.621370
-7.236715 -8.768952 9.844755
-2.496472 -1.977035 10.867716
-4.798880 -2.108433 11.255055
-3.897087 -1.761883 12.565097
-2.633183 -0.607716 10.880257
-0.910272 2.367585 10.506518
-1.056216 2.283219 7.224164
2.629250 4.729708 5.829473
1.131907 3.191571 3.977347
0.546782 2.171751 5.398957
0.134732 3.541683 7.216531
6.662795 -9.286551 5.553892
4.898311 -7.516456 6.297769
3.187421 -3.757247 5.683631
-0.224652 0.162455 10.895917
4.608975 -2.904542 12.014176
4.600112 0.599297 12.699801
1.973016 -4.733838 4.979752
1.608491 -4.508984 6.451140
-1.188369 -5.227750 8.488628
-2.193212 -5.107083 8.616632
-0.913370 -4.594321 8.018510
0.564208 -5.777474 6.624663
0.762043 -7.186494 7.335008
4.005079 -3.660009 5.260178
1.665648 2.123567 3.608015
-0.592992 3.594720 3.744386
-2.116735 3.644644 8.642355
-0.740458 2.185259 5.995875
0.184574 2.142852 5.765976
-5.124636 3.177163 9.374297
-3.512253 2.257372 9.814039
-3.094753 3.089949 4.744180
6.042391 1.370240 12.119367
2.192353 4.748234 15.132220
0.852275 4.084270 15.112653
-6.355571 -2.885499 8.352368
-7.740572 -2.417233 10.140637
-6.785180 -1.994895 7.471388
-8.281531 -0.818848 9.064414
-7.560120 0.903910 5.955541
-4.884623 5.140891 6.679254
-3.978632 1.402192 11.757854
-3.794231 0.263655 11.154372
-0.606871 -3.506451 8.027029
2.118915 -3.415076 7.104702
3.419507 -3.552723 10.434458
4.851276 -2.529187 13.165193
-2.292425 -1.008367 11.863538
-2.164323 -4.801282 9.166283
-2.102908 -4.519961 9.637315
-7.545571 -2.798769 10.471639
-3.123387 -3.660384 6.117684
-1.027772 -3.553974 5.409015
-0.990924 -4.917136 6.972434
-5.796665 -4.353387 2.520473
-3.723849 -5.671134 2.400497
-4.813461 -4.254948 4.038471
-2.947788 -4.275508 1.960021
-4.421643 -3.546649 0.699874
-2.204898 -1.507521 0.643403
-1.157669 5.434384 -2.222024
