7.188054 -18.008158 0.207626
1.458348 -16.853073 6.466773
-1.253628 -7.817057 4.171820
-1.468441 -6.251737 3.986031
-4.064551 -1.717463 2.757722
-3.756441 -2.589920 2.468063
-3.487723 -2.497961 1.872192
-2.289036 -3.539766 3.534828
-2.297285 -2.784821 1.954635
0.031774 -3.132673 4.468635
-1.130640 -3.927329 2.585114
-1.030827 -3.304773 0.158732
-0.250684 -2.015853 1.096864
0.664703 -3.166544 -0.160229
0.454726 -2.618386 -3.574222
-0.228311 -3.696760 -2.971205
0.224848 -3.353779 -3.892212
-1.007870 -4.006277 -3.865661
2.372410 -2.444317 -5.332735
2.801006 -2.454050 -2.892168
-2.597428 -3.278816 -0.700724
-4.208876 -2.467279 -0.106379
-3.801498 -3.021354 0.769077
-5.304849 -3.336449 -1.960557
-4.772616 -6.175710 0.481742
-4.454018 -6.847730 0.145592
-6.402885 -3.728961 -0.416462
-2.472310 -2.869054 -1.008383
1.700190 -2.465735 -3.024676
2.012629 -1.952022 -4.727488
0.921577 -1.972062 -3.704075
2.012244 -3.435588 -3.404534
2.632547 -3.960777 -3.415537
2.778073 -3.230454 -4.837491
2.316405 -6.877977 -7.239199
-0.474576 -6.681943 -7.261725
-1.812253 -6.182887 -6.432641
-1.638164 -6.411751 -7.131927
-1.777634 -4.607614 -6.060034
-2.639209 -4.134310 -7.035416
-2.115401 -2.994841 -4.061994
-0.803279 -3.466732 -5.176251
-1.519921 -3.230178 -5.602930
-3.379662 -4.602084 -5.036180
-4.470420 -6.001924 -4.624025
-3.230070 -5.627792 -3.954006
-2.688264 -2.378463 -5.034981
-1.157042 -3.177380 -4.781349
-2.285303 -3.888723 -3.988106
-0.342888 -3.077676 -3.156672
0.430836 -3.220050 -2.925771
0.311765 -2.868687 -2.947596
1.235353 -4.017911 -4.687181
2.551885 -2.537364 -6.477645
-0.030633 -4.696672 -6.144469
-1.025617 -3.208066 -7.026800
-2.013255 -3.819060 -4.360034
-3.011873 -0.465597 -5.028367
-1.195343 0.298125 -7.202816
-0.399513 -4.171618 -4.981977
-0.091335 -3.890963 -5.610404
4.163686 -6.134456 -10.679433
5.377596 -7.818202 -7.245504
1.981878 -3.115048 -6.453501
3.851707 -4.160268 -4.085119
-3.182051 -3.122256 -4.810344
-1.017559 -3.641197 -4.425910
1.364470 -1.955565 -6.466539
0.549107 -3.248162 -5.983686
-3.021963 -4.649745 -6.153928
-4.266768 -5.736016 -6.315898
-1.913338 -6.471046 -7.777305
4.821790 -8.327195 -8.870205
1.685769 -13.945248 -8.986693
3.278303 -14.765707 -3.214016
-3.138611 -6.181096 2.778829
-5.874241 -3.869130 -0.656945
-7.244884 -3.271113 -0.669421
2.336556 -2.615484 -0.717588
3.007307 -2.827635 -2.444472
2.766867 -1.987277 -3.622466
0.096584 -3.126998 -8.836197
-0.107781 -4.848148 -6.293529
1.246616 -9.347932 -6.787473
3.477235 -6.228270 -7.943562
3.438171 -2.079993 -7.332146
5.064757 -1.386382 -8.779211
9.507559 -8.166247 -4.845841
3.519925 -5.846847 -7.700049
4.212596 -2.638954 -4.852540
3.916387 -1.345265 -3.139423
5.782160 -3.267893 -0.937033
2.203014 -3.560668 -3.431370
8.492181 -9.648982 -7.283961
10.456493 -15.949645 -6.458570
3.748139 -3.810569 -3.017433
5.481054 -2.576507 -3.089260
2.217345 -3.194067 -1.607962
1.364651 -3.103772 -3.647641
2.278949 -1.599590 -3.868234
1.389905 -2.048451 -2.936679
2.474436 -3.488957 -3.086442
0.221388 -3.017358 -3.441402
1.482666 -4.949298 -6.079261
4.938237 -7.825849 -7.480638
2.004682 -3.754822 -2.926672
1.711504 -2.500068 -4.111029
1.692898 -2.888098 -3.947265
0.288063 -2.647317 -2.213360
0.230503 -3.348900 -2.783220
2.630475 -2.364044 -4.212781
4.314281 -3.680546 -3.035942
4.775846 -3.230015 -4.856786
5.045319 -3.698099 -4.177777
3.839280 -2.475252 -1.547150
6.715840 -1.916612 -2.258287
-1.541146 -2.990734 -4.158524
-1.359313 -3.917683 -3.943503
3.664690 -2.297900 -3.004796
2.017266 -3.243840 -3.570904
3.105405 -3.160200 -5.880708
0.571080 -2.885519 -5.154946
3.437621 -5.138043 -6.091543
4.773724 -4.572206 -6.143069
6.270418 -8.103807 -7.492734
2.895736 -11.112249 -7.223414
3.013336 -13.308894 -6.992638
3.999533 -5.081408 -6.250082
2.852370 -5.174094 -10.357936
2.688236 -3.566727 -3.971410
4.233861 -3.712245 -3.003215
3.767689 -1.877951 -3.158238
1.376266 -2.755817 -2.432704
3.462240 -3.460540 -3.302149
9.942943 -4.485507 -1.901985
4.666014 -3.765094 -5.469367
1.479020 -1.897874 -7.689773
3.454507 -8.900212 -10.136870
5.835466 -16.406584 -9.645106
2.653934 -13.450900 -9.593328
11.356878 -13.530891 -5.242777
2.387873 -2.572619 -4.555830
1.687443 -3.198161 -2.615954
1.639339 -4.168484 -3.403675
2.697280 -4.126941 -4.062275
4.673646 -3.188428 -4.981681
5.918943 -2.072216 -5.984068
3.431409 -0.079764 -5.924509
6.816021 -1.626659 -4.880508
6.962076 -3.898659 -2.736582
0.895225 -1.699195 1.353179
-0.154043 -3.048902 0.535004
7.526334 -11.313377 -1.817632
9.284566 -4.466039 -1.678114
7.789624 -7.637590 0.658255
9.019102 -9.019653 -4.046431
8.501227 -8.352818 0.708079
8.113214 -5.090985 1.513427
9.112643 -7.685053 3.684016
16.067709 -5.671265 7.316833
6.480243 -7.472579 7.630312
12.152355 -10.916287 6.695795
12.599965 1.489574 3.705641
15.922528 0.373677 5.457613
14.690110 -1.419033 9.864552
16.092960 -8.898360 4.212763
15.404606 -6.950554 7.221501
12.995750 -2.616393 8.562293
18.426022 -5.109545 9.734984
17.660538 -11.456088 9.850598
6.558694 -3.527560 4.905912
9.985650 -5.869463 5.232550
10.969497 -6.304180 1.348515
10.204953 -8.222772 3.101779
4.325859 -3.075330 0.098455
3.462417 -3.018374 -0.470289
5.864075 -2.260509 1.232734
4.995524 -15.305161 0.871114
7.966677 -6.878262 2.887724
8.267866 -6.616999 4.177478
3.663998 -7.390244 5.923841
3.397744 -6.357015 4.049050
0.303167 -7.650730 4.256406
5.113303 -6.382892 4.073975
7.690545 -11.225046 5.302064
5.182758 -4.068378 5.632155
4.071670 -5.584624 5.809648
5.221539 -9.286632 7.643042
3.959348 -3.389154 2.490229
5.078191 -4.369883 4.203423
3.349760 -4.258759 5.744872
4.563548 -2.302819 0.589285
6.545952 -3.504840 0.418385
2.939674 -2.042904 0.960889
3.735061 -0.905755 -2.207050
3.504768 -2.275136 -2.378820
6.567602 -3.582289 -1.364008
9.521523 -5.166063 5.943216
8.657491 -7.184061 2.825723
7.170359 -7.713413 5.003319
7.962190 -3.550552 1.088262
8.534785 -4.545431 1.794905
11.593203 -4.549635 6.344401
6.582644 -2.874626 3.983167
4.166992 -6.519200 4.827359
3.670449 -7.458356 -7.668623
0.961032 -8.320547 -8.124781
7.871853 -9.757988 -2.109470
7.397987 -9.321445 -1.062616
7.944858 -13.924199 -1.954522
8.173799 -14.893728 -5.867917
11.714879 -10.552202 -6.564320
10.439301 -7.851512 -9.045174
7.459152 -11.660847 -4.717069
7.922352 -8.362835 -6.231645
3.350768 -6.904085 -8.902205
7.145264 -9.703195 -6.326465
3.698298 -10.892946 -8.480733
2.717298 -7.203651 -8.574844
2.416990 -9.309644 -6.944334
8.164737 -6.363573 -6.178880
8.093795 -8.322215 -2.267165
10.506368 -8.560519 0.679209
16.593792 12.253422 0.356258
