-10.916271 -6.646547 4.353048
-4.343714 -0.684613 1.747257
-0.394541 2.775262 1.892163
-0.584263 2.637378 3.172550
-1.194774 5.781353 3.288336
-1.427343 5.056136 3.330237
0.010633 3.536012 5.821568
1.084365 0.640302 6.030528
1.193455 1.456090 3.111074
1.637128 1.095545 2.977719
1.817322 1.632607 6.368024
2.551612 4.299209 5.547948
-0.088671 2.986962 4.942646
0.679391 2.897495 6.365588
2.467609 1.981626 5.967333
1.602734 0.745176 4.904197
2.477455 1.330194 2.577406
1.501804 2.331889 6.761222
-1.189551 2.639947 6.495294
2.450856 2.234215 5.614992
1.187066 1.655178 4.756025
1.870057 3.280014 5.683635
0.689739 2.250617 5.080240
1.792347 3.489708 4.573240
4.183993 4.067898 5.034048
7.460139 3.062249 5.200016
3.930725 1.082428 4.878952
3.811649 1.808593 5.264664
2.658385 0.720230 4.988717
3.690322 1.371950 2.970681
1.389591 3.823651 4.725617
-0.395240 3.241237 3.945701
0.823902 4.387662 5.486167
0.402324 5.017651 8.547822
-0.916239 4.450084 3.530153
-0.776710 3.674186 2.504503
-2.506085 4.665456 2.856489
-0.953105 3.000651 1.804019
-1.633116 2.007352 0.566190
-2.724416 2.760050 1.360076
-5.339563 5.600485 0.660756
-1.913998 2.743748 2.425666
-0.416491 3.083722 6.398499
2.434647 4.115700 6.188010
0.446337 3.912653 4.507285
3.858837 4.289994 5.398669
4.052644 4.784466 5.750417
2.873580 5.002157 6.351137
2.182995 3.984409 5.056475
-1.319976 1.854604 5.119657
-1.945506 2.314996 2.739236
-0.375620 2.619292 3.738600
-0.546398 5.038347 2.883451
-0.513861 5.273543 4.122406
-0.810178 2.971969 4.352141
2.126493 3.905829 5.838100
1.913727 2.891205 7.978771
2.966548 3.271961 5.574820
2.829506 3.512583 5.031890
1.990467 1.444925 5.422616
1.951730 1.398831 2.613789
4.641045 0.175496 -0.117032
4.817596 1.236181 1.778472
4.990677 0.043596 1.872699
2.522690 1.235313 -0.836294
0.186871 1.372039 -5.851674
-3.544050 1.969310 -5.876618
-1.651963 0.809057 -2.944741
-0.652544 2.246345 -2.561285
-0.772547 2.928328 -2.773316
-0.972381 3.268405 -1.559211
2.590891 8.141450 -2.298624
3.044758 0.161543 -3.729381
2.604254 4.515501 -5.993938
4.204181 1.234626 -4.574647
0.087018 1.070119 -5.083893
3.274655 11.212544 1.484939
1.886620 8.324821 -1.641753
2.850708 7.873933 0.654920
1.961222 8.529289 -0.881339
1.380730 7.228992 -0.973527
3.498903 8.147957 1.390172
4.573553 7.763748 -0.602378
3.864445 8.264137 -2.493847
0.839725 8.641810 -0.026712
-0.900858 7.527528 1.553263
-0.959482 4.441447 1.996575
-1.094330 5.782352 0.789018
-1.005661 5.226157 0.639265
-0.737952 4.638232 -0.659650
-0.991140 5.402204 -2.041711
-1.250406 5.462405 0.201875
0.502173 7.686428 0.480654
1.565104 8.165504 -0.378888
7.286237 8.092905 -0.642232
5.519848 8.627156 0.039486
4.722163 6.736617 -1.299910
4.185837 8.908342 1.492982
10.054742 7.181614 4.244945
14.949035 8.498339 2.924389
