-16.457239 -18.807613 19.063305
-7.541075 -7.929639 11.269021
6.107557 4.646272 4.509711
4.510025 0.810515 5.421300
2.595665 1.291389 1.699724
2.095621 1.258242 2.342173
4.214786 1.439530 -0.826318
3.575438 1.146996 -2.197225
5.841702 1.349526 -2.604466
5.003083 0.808677 -0.908910
6.400694 1.305245 -3.141246
2.107530 1.158250 -0.070011
1.415230 0.592581 -2.634577
-0.450644 -1.423645 -5.054377
-0.509416 2.500961 -3.253554
-1.751245 2.446286 -3.954489
-0.680451 4.567228 -4.271901
-0.292050 0.862006 -2.856822
2.149803 0.659080 -5.744542
1.577967 4.019027 -6.634136
0.996600 8.332940 -8.721378
1.315552 6.503585 -6.755980
3.929620 7.255727 -4.539302
11.568673 11.381835 -1.472439
