-16.880125 -14.723019 -18.663774
-3.418073 -11.921451 -10.642486
-5.611475 -5.513131 -6.923853
-3.913407 -4.198653 -4.527349
2.104562 -4.045962 -2.842321
1.802466 -3.451568 -2.994091
2.835930 -3.773525 -5.247828
3.015513 -4.726457 -7.112627
5.067078 -8.077654 -6.181957
5.967611 -10.883294 -8.356308
6.182652 -7.594825 -6.297375
6.157002 -4.515273 -6.586440
8.576360 -1.271313 -3.644686
5.415389 -2.648123 -2.391561
5.277515 -3.786628 -2.759534
10.024429 -2.061768 -3.141733
8.586439 -5.226302 -4.788764
8.043418 -3.252059 -4.509952
3.633301 -3.189975 -3.093867
3.651466 -3.723407 -3.975363
2.954625 -3.942950 -3.007032
5.392410 -1.686561 -2.394203
4.189355 -2.418597 -1.207168
5.779314 -2.696308 -1.207600
3.276350 -1.336710 -2.548252
5.289636 -4.117659 -2.932440
0.377564 -2.566966 -4.739140
1.859204 -2.527643 -4.555027
1.866230 -2.288743 -1.392999
2.005406 -1.593593 0.003503
4.138499 -2.346587 2.097724
6.083179 -1.319584 1.205945
8.441210 -3.036895 2.784937
7.767825 -5.477369 1.765424
7.883159 -5.436476 2.584100
7.699665 -5.852115 3.491422
8.479106 -5.491611 3.216616
6.681481 -6.121419 4.042341
6.410677 -4.597303 4.457993
3.174184 -1.824384 3.591570
4.255931 -3.867946 2.714635
5.263631 -2.970121 2.524134
2.935322 -3.709055 3.272342
5.323209 -2.387187 2.577141
6.282626 -4.192028 5.754305
2.127855 -2.648380 2.963696
2.181655 -3.670201 5.419715
0.516059 -2.355405 3.581685
3.184732 -3.011205 4.855716
4.833452 -5.448418 4.272800
2.534280 -5.917068 5.336339
2.826598 -6.025850 4.837071
3.352856 -7.612151 4.110718
4.935517 -9.433274 4.764600
