-7.583438 -4.940282 3.072651
-5.632122 -6.319762 -0.185299
-6.456588 -7.828700 1.530272
-3.170496 -9.181976 1.273402
-5.120577 -8.856740 -2.678209
-3.415971 -5.417681 -4.041418
-2.662785 -5.044661 -7.732047
-1.515968 -11.441532 -7.059219
1.119822 -3.459390 -7.858440
2.204608 -3.896967 -2.772832
1.170832 -3.292798 -2.880520
1.034575 -2.397218 -0.550689
0.938884 -2.995705 -1.251982
1.385246 -3.190330 -3.989935
3.409546 -4.066076 -2.610643
3.472816 -3.083002 -3.742573
3.185959 0.056773 -5.931307
3.077981 -10.138572 -8.301443
5.498828 -14.979665 -7.902067
6.722343 -18.091040 0.644553
