15.232811 8.898895 2.476366
11.235809 7.191850 0.501239
3.311276 6.986725 -2.095907
10.094706 7.018141 3.886822
14.655352 12.136277 6.374238
6.107965 7.503882 2.425030
5.928753 3.944560 7.496886
1.612856 2.420002 5.307698
5.325149 3.357268 5.522639
4.298748 4.220701 7.234933
4.337565 3.167411 5.135759
1.555112 1.446491 5.896414
2.533402 1.405003 3.971005
4.187577 1.532841 3.952194
-1.287610 4.708979 1.393317
-2.280671 4.291143 2.607204
-2.014790 5.904303 4.377194
-1.055115 3.997016 1.720096
-2.218219 5.292461 0.527392
-2.419402 6.102324 1.501056
1.022439 5.067255 5.138857
1.673874 5.884938 7.176172
3.794748 4.770964 9.383085
3.975564 3.834532 5.877185
3.088936 2.462085 6.364889
2.233332 1.446659 4.416702
2.931030 0.912592 2.860969
4.570043 1.001040 2.983930
2.325854 0.405053 4.600256
4.586332 2.072740 5.631781
5.481387 0.792977 4.838114
4.035910 2.439080 4.590448
4.245675 3.295285 4.771191
4.548629 0.346092 4.613340
5.235648 0.197444 2.611702
10.563019 -0.630810 4.435847
14.145166 -0.567576 0.584226
12.406091 -2.010957 0.911729
8.349745 -0.406408 3.585495
4.912671 2.109279 5.292744
5.718889 1.151796 4.640203
8.200116 1.024657 1.953052
9.696164 -1.551880 1.829253
13.278754 3.014062 -1.421734
15.049722 4.029473 1.802459
10.063959 5.467912 3.188315
6.847172 7.153965 2.698812
7.068731 9.728846 5.065484
6.791220 7.128551 1.572434
5.778164 3.256625 5.759014
6.144710 4.034136 8.245849
2.671779 3.349651 6.171104
2.221979 -0.662874 4.221364
1.411645 3.683716 5.610513
4.301058 4.281191 5.460700
3.401182 4.107088 5.705559
2.115494 4.952264 6.777496
0.862644 2.724365 7.165497
0.425843 1.734928 6.252703
2.263885 0.966327 3.746724
0.549518 2.499666 4.805383
2.394669 3.842522 6.033183
7.995479 8.162082 0.830785
11.043777 8.599274 5.032084
3.511027 2.702329 4.842228
4.847400 6.516217 4.536316
-1.891467 2.954397 0.490013
-1.365477 2.829528 2.843169
-0.911849 2.654291 0.896608
-0.730332 3.110029 5.135972
-0.712301 2.413253 6.501996
1.866182 5.164170 5.041115
0.550664 5.129682 5.558820
4.376409 3.831393 5.112646
1.148836 3.006414 5.931437
5.793412 2.291265 6.889329
4.519969 2.530592 5.015561
1.674861 0.696431 2.533176
5.324755 1.122828 3.976407
5.335235 1.338621 3.859824
5.146690 0.535187 3.574697
5.713500 3.229722 6.151406
8.256335 1.917416 4.651814
1.247456 4.141478 5.156676
1.132857 2.529008 4.559117
1.034114 3.322502 5.245737
1.215314 3.910492 6.264852
2.240776 4.569436 5.295421
-0.355126 6.262912 6.398752
-0.598429 3.640393 1.118053
-3.038401 3.079248 1.861511
-1.350243 2.133893 2.746252
-0.742124 2.332714 3.979047
0.450327 4.065246 4.577854
1.361768 0.736181 3.214725
1.792974 1.506968 2.077940
1.838319 1.236390 1.970667
3.813526 2.592790 4.963392
6.745189 2.764479 5.521375
4.484317 2.333656 6.271633
4.311085 2.301799 6.345778
6.602516 -0.080937 5.460203
6.475787 1.468774 4.191129
3.652510 1.833071 6.170210
1.976613 3.358005 5.001348
0.926183 3.481056 5.004699
0.950356 6.205071 5.284894
-0.251335 9.893032 1.084598
-3.268250 6.731988 0.030483
-2.272763 6.542552 -0.975196
-0.458658 5.898942 2.205640
-1.413844 4.760669 2.511429
-1.891494 8.217011 7.627246
2.992070 6.684483 8.878717
3.254982 3.586667 5.511129
3.340400 -0.835837 4.688747
3.692780 1.402020 3.350632
-0.008873 0.952207 2.412614
-1.946370 2.117147 2.724152
-0.515843 2.113871 2.108368
-0.451330 4.918402 1.368302
-2.298847 5.056116 1.091611
2.034741 7.517503 -0.257686
1.298284 8.011512 0.999345
-0.730921 5.407748 1.281636
-1.288856 4.506136 3.125447
0.111871 3.688350 6.406123
-0.975447 4.591869 -0.500837
-1.010132 6.075533 -0.269754
1.345481 8.611311 0.675703
2.468100 7.116253 1.215182
2.733850 3.865216 5.889248
1.512900 4.509203 4.997293
7.399682 5.875769 5.513684
10.962276 7.004398 4.550088
7.846780 6.864324 2.474865
7.923916 7.682273 1.033716
13.079502 9.153790 8.617670
11.895782 4.570154 3.408849
5.057451 5.520830 7.777800
2.016278 4.573950 6.395768
3.128942 3.501193 5.851420
5.943449 6.562530 5.271726
4.135633 8.371255 2.952322
7.679520 11.001595 2.028001
5.541838 7.588223 0.823849
4.335113 3.769099 -6.111421
2.276442 7.627053 -7.538851
10.115358 4.273873 -0.850067
-2.653770 2.544963 -1.833107
-1.338134 2.851526 -0.625321
-0.856970 2.626612 -0.463391
1.589123 1.261777 -0.968914
3.005002 1.357371 -5.041557
2.550708 1.270745 -4.078603
2.548401 0.241666 -0.854303
4.627704 1.389410 0.725870
5.295562 0.895148 1.870171
3.390507 3.020832 4.716493
8.411235 5.889727 8.113549
7.108441 4.833396 4.899306
5.360385 5.200998 5.373620
4.825507 7.109323 4.496260
2.084193 4.924948 5.010841
-0.169249 2.661153 4.543677
0.419612 2.886488 6.219094
-0.834437 3.619570 4.192273
-1.019974 3.971814 2.435187
-0.823779 4.205180 2.960749
-1.721093 6.225878 1.925704
0.710863 6.908440 4.617007
3.967526 6.343504 4.523226
4.348102 8.738299 8.594110
7.028080 6.527316 7.710166
10.553140 7.247316 8.577661
13.013980 7.300131 4.742494
2.222519 8.148832 0.061612
3.202178 6.567973 0.730847
-0.337809 5.255891 3.986775
-0.846251 4.323033 2.572146
-0.582421 5.423311 2.737587
-1.050830 5.734041 2.903844
-2.080756 4.785872 2.548537
-0.682129 4.578217 0.584331
-0.720684 3.429435 -0.131256
-0.544120 3.226745 0.396819
-2.174358 3.967046 0.947129
-2.374587 3.421037 3.051407
-3.090655 3.405268 4.725735
-2.923745 4.144007 2.180477
-2.507011 3.426826 1.963191
0.022176 6.363970 5.950264
1.708258 5.458939 5.052736
1.930199 6.962147 6.572144
6.374980 5.682657 5.766480
4.967461 7.064457 8.186783
9.411861 7.791825 4.256607
6.358890 6.683505 0.120553
3.387893 7.036993 0.784811
4.456121 6.915107 -0.340005
2.478730 6.744052 -2.305283
6.828687 1.344577 -2.006176
6.716999 0.432479 -3.627746
4.688980 1.407866 -2.764510
4.642614 2.492190 -5.699483
6.819738 4.017821 -7.192503
4.742320 1.656371 -6.331634
-0.176736 0.072386 -4.814130
0.665416 1.369000 -2.431942
1.887533 1.487432 1.055938
1.585442 1.402033 1.568671
0.546871 0.321986 3.126865
0.249061 0.157943 4.726965
1.166737 2.611235 5.126633
2.596870 3.163623 5.705989
5.526736 4.347243 7.778426
6.480423 2.313921 6.747536
8.534423 4.755104 7.908983
5.228939 2.255520 5.932052
8.355276 -0.550336 4.838407
5.745050 0.999006 2.507369
5.384907 1.499745 2.037204
5.143995 0.395771 -1.035753
6.069359 0.215509 -0.070384
4.594254 0.558773 -0.297210
6.955871 0.894003 -3.908133
7.761486 1.401529 -5.182453
-13.294168 -18.244110 -19.627937
