5.403042 15.847089 16.911268
2.200537 7.381198 12.696741
0.191672 1.204321 7.344639
-2.241864 -0.758414 2.364289
-0.198466 -2.839898 -0.509295
-1.467386 -2.770958 -3.527011
-0.236113 -4.168698 -3.067513
2.921984 -2.345080 -2.866503
2.308250 -2.410697 -2.384983
-1.267243 -2.946966 -1.558281
-1.509250 -3.131600 -4.564052
-2.179061 -3.196081 -4.972589
-0.974801 -4.078319 -4.073540
-1.688285 -1.065036 -4.138207
-2.535909 -2.599283 -5.307805
-2.576403 -3.710925 -5.488669
-0.919362 -3.623674 -2.807789
-1.202125 -3.714347 -5.656069
-1.169096 -2.813405 -6.174075
-0.874214 -4.705701 -6.078272
-2.614841 -4.339058 -6.050412
-3.267648 -9.856618 -9.038357
-3.990953 -8.720133 -6.640575
-2.856296 -10.201459 -3.144475
-5.095078 -13.885973 -3.557304
-3.641949 -12.616679 -7.752539
-4.830051 -17.220575 -16.853781
