12.067870 11.450243 -1.930145
8.908340 8.078560 -0.132312
5.038911 8.399886 -3.066259
0.495798 7.425352 -5.204911
-3.274377 4.513956 -2.489902
-0.768826 4.189527 -4.393257
-0.487193 3.918085 -2.919204
-1.328758 3.937993 -5.638309
1.941801 2.928588 -5.835487
2.521060 0.418029 -6.368696
1.186264 3.548881 -5.535126
-0.756795 10.307453 -6.914206
1.955804 7.375334 -3.692954
0.682203 7.173048 -2.922226
1.085338 7.890735 -2.658216
-1.516841 5.552795 -2.291991
-1.138283 7.524156 -4.269360
2.457033 7.244561 -4.860179
6.279466 6.200253 -6.730217
1.099789 4.544752 -9.079147
-0.646862 3.744942 -6.329596
3.562807 3.047289 -6.965196
4.923842 5.623883 -9.068060
4.072574 3.856789 -6.160422
3.007755 1.531246 -6.092744
4.272337 0.945032 -4.507151
4.509383 -0.360439 -2.719151
5.847973 0.137436 -3.177895
4.649095 1.266546 -4.902585
3.593386 2.544973 -8.137778
2.339839 1.852650 -5.580402
1.025101 3.496930 -5.929235
-0.526182 2.948284 -6.445775
-0.524332 0.084159 -7.634874
-3.180372 -1.335919 -14.909665
