19.699018 -18.401093 2.315646
11.515358 -10.729808 -6.967133
8.065861 -5.493749 -4.682857
5.789145 -3.618548 -1.789664
3.027030 -3.944816 -3.039027
4.354038 -2.705375 -1.907013
3.241701 -2.214407 -5.118058
2.037029 -2.377307 -3.907009
3.051805 -3.131778 1.497301
3.186491 -2.639580 2.491003
0.229490 -2.808884 -0.814560
0.669969 -2.186354 -0.062300
-2.286779 -3.905328 -2.675516
-3.592237 -2.191544 -2.815620
-2.133875 -3.155458 -1.470038
-3.402495 -5.880434 -3.778194
-3.142364 -5.372849 -3.117929
-2.219676 -4.931235 -7.100083
-0.098701 -3.626725 -3.858037
5.712512 -1.775712 0.228968
8.737571 -4.204800 -1.280963
11.234459 -7.694720 -0.121301
6.449494 -3.676054 7.980741
7.620854 -2.378456 8.423780
6.254676 -5.739638 7.216728
11.761395 -6.134973 3.532829
3.119792 -4.365949 7.116931
4.528314 -3.257746 4.296140
5.501195 -6.360686 4.737161
4.254292 -7.511911 4.858098
13.393191 -15.153247 7.238155
5.818311 -9.086824 5.695626
12.898615 -8.611324 5.345256
10.291804 -7.248379 4.306749
7.477576 -4.354173 2.593929
5.524693 -1.859555 2.212890
6.287899 -3.671101 3.885193
2.065815 -4.619221 4.079217
2.688058 -2.851618 4.669582
1.671763 -2.283770 1.797715
2.232161 -2.714108 0.193902
4.375712 -1.967767 0.942980
6.110032 -3.295200 3.254011
3.778671 -3.724437 4.228061
4.837126 -7.184714 6.187486
8.025727 -11.678640 5.204008
8.550615 -9.889947 7.890454
1.029001 -10.048624 5.333842
2.540131 -7.416302 6.900174
1.805284 -6.351216 6.054904
8.027576 -6.159478 8.538945
2.643458 -2.329404 5.435239
7.106225 -12.968287 11.839601
3.343390 -9.027218 11.850651
6.025559 -13.428006 13.523917
17.643417 -19.232958 15.418536
10.234446 -19.969433 17.555893
8.557213 -17.656738 10.373164
6.222786 -19.211521 11.108306
8.262173 -22.160042 15.459979
11.211539 -23.759724 15.613292
3.678250 -14.582599 17.547670
7.412283 -15.737172 10.044549
1.730712 -14.642074 9.442573
10.078368 -24.624035 7.583119
10.451703 -17.188356 7.026312
1.691038 -7.948810 5.680118
3.437829 -4.640163 5.459870
0.685826 -3.990160 3.886560
-0.221817 -2.380618 4.484469
1.224194 -2.914839 0.498668
2.068576 -2.935625 -1.464013
2.540334 -2.799977 -2.042985
3.008512 -3.767804 -3.829372
0.718261 -2.840096 2.216220
1.345421 -3.116256 1.778063
1.568261 -2.984318 4.330141
0.960258 -4.083949 6.236174
1.733253 -4.249373 4.885240
-2.000304 -7.094268 4.299454
-1.518527 -8.580054 5.193299
-1.299476 -5.848861 7.156275
-2.643416 -2.916939 2.611630
-2.907136 -5.636345 3.304661
-4.627938 -7.625739 3.114617
-4.833580 -6.686522 1.369564
-4.498342 -7.465457 3.761837
-2.429560 -2.821238 1.017566
-4.018993 -2.309709 0.148158
-7.328607 -4.696499 -0.163022
-4.529584 -3.192467 2.150816
-2.537703 -1.684884 4.861122
-4.418887 -2.013942 4.295742
-4.021076 -6.403992 3.165998
-2.852642 -9.358020 1.053195
-6.404558 -13.891590 1.301502
-5.768551 -11.347425 5.022549
-0.139801 -5.111866 4.407070
2.031148 -2.964329 3.798277
1.577288 -3.057597 3.071373
2.111996 -2.815588 2.783003
1.038857 -3.061486 4.071989
1.987660 -3.058885 1.080136
1.298399 -3.067182 0.904881
1.326359 -2.790052 2.667578
0.341250 -4.292190 4.594827
2.982008 -6.694573 4.922295
5.082361 -9.388619 5.154345
6.623871 -7.819476 5.408435
11.947824 -7.758228 -0.813116
16.183762 -6.366967 3.117920
12.419700 -3.260342 3.993566
8.562479 -8.363803 2.354857
1.616967 -3.514129 -4.567669
0.086809 -3.560403 -4.647840
-0.189221 -2.409664 -6.036457
-2.134058 -2.480345 -6.271315
-2.034404 -3.660252 -4.172481
-3.421526 -4.467360 -2.803206
-0.726407 -5.504130 -6.384617
-1.520805 -2.711911 -3.447935
-1.957640 -3.017380 -1.386642
2.786582 -3.718618 -3.072216
0.673841 -3.161612 -2.033462
4.040168 -3.296719 -0.380681
1.506740 -2.656227 -3.850776
5.455198 -4.081741 -3.752249
1.401722 -3.591264 -3.760232
12.233670 -4.073237 -2.077623
10.628277 -9.362356 -8.814548
8.131382 -7.718426 -8.387095
7.375273 -8.633099 -4.545030
0.904822 -2.373337 -5.401925
1.900203 -3.107593 -6.283284
1.759786 -4.167465 -6.558884
0.362596 -3.351628 -3.493287
-1.242198 -4.079175 -6.098783
-0.494192 -2.475430 -4.318117
-0.992437 -2.719443 -1.915601
-6.027943 -2.897881 4.291100
-3.920887 -1.561568 0.040250
-2.270844 -2.604710 1.595020
2.139692 -2.905544 0.295931
5.513366 -2.912698 2.275793
5.876932 -3.676975 3.675162
-0.200396 -9.432240 4.734702
1.103849 -8.750014 5.460617
0.465893 -8.547041 4.861797
2.951741 -7.887115 5.644913
1.855638 -6.618201 4.205738
1.744529 -6.045503 6.187490
7.928787 -8.079801 4.213171
7.391849 -13.880259 3.506104
7.447674 -4.163549 -6.065033
7.373527 -6.607111 -8.654598
3.470751 -6.687905 -7.867266
2.555409 -8.634416 -10.022895
-0.030049 -3.119178 -4.331050
1.011663 -0.724209 -2.753603
2.247178 -3.570950 -3.728299
-1.119668 -3.238032 -3.001438
-3.461533 -2.903929 -2.385825
-2.746845 -2.934257 -4.226199
-3.709180 -3.399130 -2.587206
-4.211727 -3.293063 -2.698359
-2.026348 -2.772096 -1.351009
-2.420278 -3.395235 -3.810270
-4.785479 -7.206491 -4.533400
-4.361996 -14.592874 -10.998062
-0.823203 -7.089279 -6.831014
2.451151 -4.998484 -6.999301
-0.039099 -4.446527 -6.172302
-1.450065 -2.239156 -5.079723
-2.409205 -4.270177 -6.691817
-0.141940 -3.648909 -5.712580
1.938005 -4.111303 -3.587222
3.255388 -2.595303 -3.203598
1.096099 -3.197146 -1.780569
8.558827 -5.464926 -1.340941
7.778608 -5.863893 2.163627
7.988147 -8.962424 1.044906
8.675736 -5.703407 0.283918
4.731114 -2.566997 -0.979619
1.393080 -2.605790 -1.445527
3.141379 -2.805002 -2.761409
1.895293 -3.730220 -2.629470
0.649361 -3.560443 -3.394565
0.065260 -3.237411 -3.535739
0.445337 -3.745644 -3.122186
0.142515 -2.649056 -3.404863
0.965347 -3.552534 -5.506541
-0.510044 -3.559649 -5.895073
2.418389 -4.031043 -3.705281
2.903702 -4.115016 -2.873485
3.701056 -4.155922 -5.488377
3.227132 -3.462833 -5.306041
3.631550 -1.769677 -5.002286
2.169521 -3.249325 -5.530844
5.058253 -6.885836 -8.502802
5.982834 -5.750648 -6.405700
5.541500 -9.312628 -6.378550
9.846457 -10.146206 -6.979779
8.045345 -6.968127 -3.318835
7.554730 -12.642000 -0.317655
8.060636 -11.159777 4.924419
6.968033 -7.058323 5.790172
9.030644 -9.185255 6.716450
8.265051 -1.928803 9.307753
12.643980 -3.218068 11.633086
9.062196 -5.054965 8.423048
6.162939 -8.224350 7.634340
5.146833 -9.980881 9.422502
4.657546 -4.237948 9.498217
10.039726 -9.337464 2.034676
7.338650 -4.656280 1.983969
7.371030 -5.253929 -2.780400
9.226162 -5.889578 -3.676919
9.476992 -4.093503 -3.461081
6.542234 -3.597492 -3.765194
3.371329 -2.565870 -4.890250
0.675631 -3.442163 -4.744560
2.629544 -1.152036 -4.048538
3.181561 -2.388884 -7.043421
0.911087 -2.671557 -7.699104
4.956294 -3.943988 -4.581727
4.117388 -2.993605 -4.720169
1.053537 -3.202060 -3.383163
-1.743924 -3.153883 -0.869479
-3.399240 -2.747521 -3.595480
-3.818613 -1.405936 -2.541126
1.556381 -3.007245 -0.043256
0.551122 -3.215478 -0.713849
1.691225 -2.538553 0.935197
1.848376 -2.945207 0.326554
4.477461 -3.057693 0.506035
1.370514 -2.727256 -1.074414
-2.464287 -2.405803 -2.259360
-2.088392 -2.742137 -2.071132
-2.691455 -1.648362 -2.064275
-3.168259 1.567379 -1.090084
-11.462757 7.487718 -2.358672
