-7.583438 -4.940282 3.072651
-1.191763 -4.552105 4.706051
1.538434 -0.854950 3.102847
2.094052 -2.871418 -0.059882
4.401649 -2.496451 1.147789
6.405388 -3.885043 4.129037
7.302387 -3.915800 2.365367
7.675451 -5.399198 1.519495
9.327370 -3.220310 2.435565
8.072037 -6.018236 10.594839
5.244863 -5.613118 4.906209
4.394124 -4.262017 6.334287
4.079140 -2.783000 6.987409
9.406187 -2.753769 2.887375
8.308280 -7.691624 -2.329071
7.683156 -10.812457 -0.719818
8.088843 -7.219754 0.952844
7.264773 -2.739887 -0.190783
6.721884 -3.960228 0.859237
6.343783 -2.807994 1.338446
5.750938 -1.828662 1.565045
1.485340 -3.297946 -0.034296
3.243382 -3.120116 1.575612
3.032298 -1.377476 4.746882
1.741411 -4.033562 5.379833
4.485926 -7.199383 9.505502
6.011365 -5.823381 5.046439
6.779529 -7.774714 5.079118
3.569585 -3.900664 5.537077
3.465671 -2.014290 1.462258
3.351768 -3.248869 2.033450
2.024760 -2.673198 2.190829
2.756248 -3.132610 1.063465
1.926328 -1.352209 1.130802
2.778239 -3.403562 2.828649
3.475351 -4.252369 4.617292
3.143562 -3.746113 4.768879
2.146853 -4.742846 4.220126
1.419240 -1.758744 3.779347
3.952035 -2.877558 1.675639
2.182497 -2.681384 0.361583
1.862595 -2.995366 0.632675
3.808480 -2.966028 0.693502
6.343516 -1.686476 0.969833
4.989151 -2.940010 -0.860341
7.836887 -3.421729 -2.260748
5.266597 -4.172904 -2.780145
2.964749 -2.780349 -3.506155
1.237905 -2.887533 -1.856933
3.457763 -2.886926 -2.103215
2.161474 -2.916567 -1.330686
2.230042 -2.477262 -0.299467
1.934761 -2.875560 1.673578
3.643911 -3.528217 3.066728
2.516597 -3.570303 3.662890
3.649238 -6.645506 6.247328
2.141783 -4.441984 4.769225
2.871949 -8.121824 5.453619
3.668798 -5.179783 4.028334
5.018239 -6.042222 4.306756
4.495615 -4.241204 5.356758
2.532599 -3.988623 3.000612
0.998404 -2.870887 3.684160
3.051316 -4.713871 6.399671
6.367207 -9.667471 5.275505
6.227104 -6.841866 4.720341
6.285550 -5.462976 4.336352
4.541108 -5.231231 4.697544
4.569667 -2.277465 3.259939
5.648884 -3.195133 1.777818
3.911051 0.843209 2.306939
3.351231 -2.960954 -0.763517
-1.268889 -2.153728 -0.779503
-0.267322 -2.941020 -0.061945
3.714209 -3.228650 0.891240
6.659744 -2.977022 -1.293940
6.480923 -1.101056 -1.302793
6.921488 -3.900822 -2.509607
4.875403 -3.839800 -2.805421
4.941770 -2.055145 -3.472342
6.307298 -3.307722 0.496548
7.077665 -2.947722 -0.188389
5.823194 -4.059998 -0.840969
5.212900 -1.137091 -5.081986
5.324933 -2.769295 -3.827979
4.188132 -3.773227 -3.881962
4.055708 -3.979022 -3.273224
2.959723 -3.135988 -5.515583
6.124495 -2.084478 -3.591139
8.235105 -4.837780 -2.933749
7.329495 -3.850054 -2.252838
3.657218 -2.368797 -0.765317
3.249550 -2.848800 -2.820820
3.546723 -3.095309 -0.858570
1.491575 -2.800282 -2.725419
2.055992 -1.939430 -2.144711
1.203228 -2.755692 2.143802
-2.378227 -3.013097 1.957244
-3.424144 -3.176780 0.415818
-3.753145 -3.207262 1.485809
-4.164409 -0.391545 1.033772
2.025408 -3.945521 -3.495189
-0.910106 -3.541452 -3.774848
-1.498223 -4.061020 -4.709220
0.202937 -4.156310 -4.501008
-1.036791 -3.315617 -8.056220
1.527276 -4.124782 -5.857872
0.241498 -0.784686 -4.652510
3.275386 -4.246853 -6.154149
3.650271 -5.209565 -6.028605
6.090426 -5.665048 -6.315552
1.356329 -3.110229 -1.831128
0.747539 -1.215960 -4.980116
0.861414 -2.827772 -5.193221
3.782920 -6.976149 4.458797
2.439827 -2.696401 -1.492613
1.982474 -1.997972 -2.324389
2.375110 -2.068935 -3.360687
1.920570 -3.080755 -2.757051
2.598238 -2.652704 -3.875768
2.476145 -3.779187 -8.809884
2.380254 -5.226926 -6.833973
3.717049 -5.645117 -7.012350
5.381396 -2.556487 -4.818907
2.602024 -2.873373 -4.579604
0.657864 -2.259688 -2.726166
-0.556023 -2.997523 -3.148925
1.413829 -3.049927 -2.986943
3.156593 -2.665202 -0.935069
3.286885 -1.207919 -2.858208
4.564986 -1.721402 -3.102737
0.906555 -3.169738 -3.199148
0.516518 -1.608622 -2.490584
3.480393 -5.078843 -6.378382
0.862000 -6.952052 -6.613685
5.154766 -6.748776 -6.758843
4.790470 -4.144029 -5.427591
3.474551 -2.750287 -3.694177
4.200586 -3.015150 -3.779421
3.105650 -3.341516 -3.011697
5.311007 -3.849322 -2.918551
4.907650 -2.669528 -3.656270
4.270201 -0.174341 -5.671073
5.060701 -2.770251 -5.908962
5.866799 -6.469141 -7.761619
6.340549 -6.755813 -9.619610
7.432652 -6.088298 -5.760478
10.737119 -11.369196 -4.647546
8.891907 -19.647367 -4.772016
2.665593 -12.090577 -8.552912
11.102531 -18.402840 -9.443429
4.832356 -16.038961 -6.270087
8.144685 -13.688705 -2.018523
6.254187 -2.180239 -10.182779
8.404821 -3.349929 -9.468582
5.119502 -4.123598 -4.247775
2.562225 -4.674584 -6.775238
4.819887 -2.893267 -7.720799
2.881781 -2.960195 -1.950137
-0.106154 -3.177833 -2.085998
-4.285248 -2.699937 -2.631206
-3.735709 -3.068585 -3.063377
3.932209 -3.368198 -2.972713
2.317615 -3.015948 -0.781154
3.912207 -3.245221 -1.013156
4.205773 -3.208368 -3.405724
2.005684 -3.560123 -2.937989
1.924564 -3.905929 -3.831861
-2.062929 -2.148839 -4.599669
-1.741618 -3.289787 -4.113322
-1.239418 -1.691934 -3.405877
3.358611 -3.010827 0.055198
1.294605 -3.062592 2.792859
0.829697 -3.797591 4.115295
1.312729 -2.697853 4.749206
3.989623 -6.773592 7.552697
2.496287 -7.187757 6.270329
0.825425 -7.252639 5.171386
1.625817 -3.668619 2.868300
0.773436 -1.770894 2.987647
1.756255 -2.535267 1.424642
1.939383 -3.149904 0.116335
1.410253 -2.544763 -1.217714
3.257107 -3.637886 -3.401090
-3.413879 -3.501361 -2.946079
-2.362813 -2.320476 -2.261131
-1.924828 -2.326026 -3.136007
-2.608228 -1.331350 -5.395192
-2.170307 -5.157406 -7.149794
-4.885781 -4.444909 -3.671943
-3.712708 -5.369564 -2.876497
-3.155649 -5.238816 -3.931700
-5.976519 -14.367393 -0.234896
-4.801359 -4.367633 1.449080
-4.685439 -5.152277 0.983105
-4.465187 -3.591464 3.178308
-4.030088 -2.182946 2.167978
-3.566576 -3.095961 0.672222
-5.341901 -3.056269 1.152822
-6.891756 -3.657026 2.266000
-4.473701 -3.019481 5.313465
-2.417272 -3.200855 1.987040
-4.293307 -3.092890 2.025015
-2.486919 -3.297007 1.057411
-5.189662 -1.824170 0.761666
-4.233863 -3.764135 3.097034
-3.946966 -7.267379 4.558096
-2.788404 -6.016913 3.819330
-1.958582 -6.819240 5.010781
0.653170 -6.123888 5.481121
1.606524 -4.394107 5.165332
1.424546 -2.205441 4.905476
1.680943 -3.258716 2.256440
1.780500 -2.615374 3.405774
2.025434 -6.115274 6.125252
3.439515 -5.020974 7.295179
2.895806 -3.796380 3.510417
0.899459 -3.758821 3.342598
-0.342527 -2.867566 1.815891
-4.688985 -2.861382 1.081200
-6.246907 -4.756584 2.353877
-1.728686 -2.896030 -0.155477
-3.798755 -2.579719 -0.188248
-4.634023 -3.681450 -0.059998
-4.859987 -3.696587 1.689811
-2.655732 -3.427395 -3.223367
-4.201472 -3.969514 -3.103211
-4.561728 -3.508694 -1.353354
-3.360647 -2.050245 -4.009013
-4.067942 -2.581157 -2.751132
-3.091287 -3.127485 -1.317055
-0.942427 -3.516796 -4.469294
-3.313657 -4.239262 -3.623880
-1.711584 -2.827732 -3.081451
-0.571566 -3.693687 -3.510398
0.806020 -4.050783 -4.137582
-0.647811 -7.510292 -6.807396
-2.685532 -3.521549 -5.078279
-1.018244 -2.447239 -4.300445
-1.390037 -2.262614 -4.506170
0.343154 -1.643264 -3.076563
2.421577 -3.254082 -4.698039
4.246227 -3.821296 -3.769446
2.506137 -3.687031 -6.532660
2.029463 -5.264931 -7.262743
0.276630 -3.099556 -3.235282
0.238961 -3.112425 -2.557271
0.897297 -3.792668 -3.450731
1.708623 -3.170055 -4.086228
1.792175 -3.845412 -4.268924
0.935138 -2.773359 -4.671168
-0.626053 -2.710979 -2.611149
0.343270 -2.785899 -0.689275
-3.066807 -2.897415 0.161740
-2.962616 -2.793714 -0.388468
-3.472889 -3.010079 -0.165123
-7.697765 -6.456086 0.679957
-4.314468 -9.699668 2.330676
-6.620363 -3.185904 2.569408
-5.751843 -5.964266 3.297000
-3.127846 -4.613682 2.520953
-3.154141 -5.541811 3.773386
-3.350410 -4.013742 3.580983
-3.192567 -6.537399 4.322846
-1.052747 -5.703519 4.480683
-5.110374 -2.978288 3.668753
-4.979679 -0.982221 3.703265
-3.512803 -1.665385 0.972531
-5.299638 -2.425769 -2.736731
-3.224291 -5.274248 -2.949332
-3.557197 -9.159043 2.777332
-6.446310 -8.269406 5.717544
-4.031535 -7.879826 3.218527
-5.551390 -4.988392 1.990057
-5.090876 -5.933630 1.402607
-4.970482 -5.313081 -0.879750
-5.343678 -6.726049 1.404535
-3.984648 -6.779814 2.469272
-7.602211 -11.816753 4.027973
-5.495084 -9.161809 0.392010
-4.566891 -6.831222 0.509043
-4.478212 -6.887119 0.945461
-4.455267 -7.820242 -2.468802
-4.637525 -6.384836 -2.207574
-4.841993 -6.180960 -0.599866
-3.076648 -4.451384 -3.018800
-7.295591 -2.323243 0.160275
-6.261719 -3.955472 -0.724034
-3.000548 -2.624468 -0.875754
-3.177007 -3.185644 -2.852855
-2.367690 -3.999126 -4.762231
-2.513253 -2.397192 -2.490215
-3.483703 -4.330420 -3.072917
-2.769805 -2.095295 -2.959013
0.950280 -2.331338 -3.410809
-0.001345 -3.831661 -2.629508
1.951983 -2.854571 -3.747470
-0.486777 -2.118552 -3.055530
1.527565 -3.056679 0.467319
2.601972 -3.066585 -2.025671
-0.671884 -2.726893 -2.513661
0.885975 -3.569961 -2.854313
4.584692 -2.555355 -2.351711
6.927159 -3.619608 -1.690307
7.593021 -6.791043 -6.386577
8.196024 -6.659036 -9.693997
7.923443 -6.152013 -8.086768
4.146974 -7.601312 -6.168924
5.845752 -5.872898 -7.509934
9.993068 -6.945766 -6.588432
7.536887 -6.895016 -5.015232
7.066985 -1.858799 -2.833833
2.413190 -1.541054 -3.770943
2.248571 -1.025560 -4.443377
1.924185 -2.000343 -2.518432
-2.002312 -1.933931 -1.330911
-3.879063 -2.938683 -5.098802
-1.878096 -4.716446 -7.805335
1.388824 -6.168195 -6.675549
-1.531165 -2.750047 -7.206964
1.425701 -2.636956 -4.352579
2.352849 -2.118998 -2.045388
3.696105 -3.191887 -0.416418
3.743116 -3.202257 1.233200
2.723367 -2.344395 0.165498
4.793013 -3.934638 -3.705960
4.305625 -3.680834 -2.995043
8.330513 -5.968038 -4.237864
6.895336 -7.406220 -6.354044
8.459275 -7.360932 -8.714964
3.860033 -2.606931 -4.031405
4.001548 -3.534962 -5.932855
1.774772 -2.062797 -2.246100
6.272240 -3.417951 -3.503183
3.964887 -3.786559 -2.600614
7.015673 -3.991868 -8.596592
3.293737 -6.927066 -6.715391
3.816469 -7.582257 -6.966378
0.593356 -8.673253 -7.292106
0.708867 -8.277161 -8.514812
-1.493551 -9.075435 -6.613268
1.666008 -5.894428 -6.046340
3.946604 -4.958458 -7.404345
8.504375 -2.034127 -8.707169
-0.965495 -11.101964 -6.022892
1.649709 -6.244737 -6.593216
1.481764 -8.745647 -6.913937
0.797809 -6.127158 -7.095532
7.081509 -1.558590 -4.789622
6.559474 -3.180660 -1.124767
7.559754 -1.071059 1.986430
5.765852 -1.459562 0.983421
4.332046 -3.008931 -0.165410
8.847368 -3.813819 -3.399680
5.663793 -3.919485 -4.049740
5.840593 -3.537726 -3.392321
3.737447 -0.381310 -4.682086
4.901957 -2.028514 -3.054815
4.577917 -2.738883 -3.712767
4.821965 -3.252658 -3.855753
9.047696 -3.855078 -2.243968
8.137761 -9.573462 -1.732053
7.324722 -0.813409 -6.356231
4.632280 -0.278220 -6.011657
7.276471 -1.853513 -4.501920
3.946516 -1.515330 -6.327707
2.951306 -2.625747 -4.804210
2.906989 -2.590679 -5.437064
2.793519 -2.755565 -1.511668
6.249466 -2.702297 0.258403
1.531189 -2.648657 -1.377329
1.418371 -2.936993 3.552607
3.410523 -6.866750 7.129773
2.733946 -7.477928 6.654671
2.578583 -14.334475 8.697409
7.230700 -10.854877 6.266949
9.523825 -5.742823 2.324712
9.195365 -8.806520 -0.354527
9.031328 -8.858814 2.607111
8.057622 -4.662887 2.111703
8.015348 -13.392553 -2.828515
8.054640 -8.332614 4.494849
16.267048 -8.700906 -0.069026
9.964210 -9.040737 -1.224016
9.345727 -6.467634 -3.866569
6.357086 -2.914749 -6.819910
1.896857 -2.844939 -4.766464
5.438271 -3.007292 -2.295526
2.830113 -1.676350 -1.236078
4.241707 -2.947408 -1.087343
1.332626 -2.508385 -3.465871
1.624094 -4.536857 -6.705812
1.778933 -1.453594 -5.476769
1.628217 -3.915719 -5.319126
-0.953426 -4.041004 -4.604505
-0.118447 -2.523254 -6.274385
-1.929896 -5.626759 -7.114877
-1.380595 -2.912029 -5.166615
0.856634 -1.505327 -3.932933
2.239977 -1.721720 -2.969976
3.755250 -3.229529 -2.491936
3.681819 -3.276969 0.312758
6.346534 -1.654424 -1.374133
8.802103 -6.116167 -3.044426
7.443758 -9.677320 -0.371701
7.839109 -6.466562 0.117734
9.669406 -8.217050 -5.390924
9.084385 -3.339456 -6.910010
-0.009556 -1.878754 -5.576355
1.716753 -3.628721 -5.462465
-0.503383 -3.610605 -5.854038
2.107106 -3.357066 -4.091224
0.306754 -3.557743 -6.151759
2.617297 -8.377775 -7.119920
4.187031 -16.728132 -5.837598
6.147895 -15.460472 -2.310034
6.082402 -17.356298 4.899545
1.008893 -31.154396 4.822732
-12.543540 -31.272715 2.520783
-5.941227 -16.871681 1.430938
5.442341 -13.109782 5.085614
9.761629 -14.674363 6.209430
17.143541 -11.366914 7.012647
18.666342 -14.595523 6.902866
19.046278 -11.244369 5.008830
16.557247 -3.916316 7.521918
7.629291 -4.045432 5.791725
12.949318 -4.804081 4.689603
12.618653 -5.721449 2.856548
8.640087 -5.307356 3.101467
9.334455 -5.213843 2.655448
12.624187 -3.850528 3.290646
5.472025 -3.230209 -1.103374
6.720869 -2.808601 -1.648258
2.470774 -1.923948 -2.941989
2.870196 -3.624487 -5.745610
2.053718 -3.163568 -3.220573
4.725631 -3.087631 -3.003617
1.806966 -3.240462 -1.144704
4.815838 -1.494957 -0.738442
4.205563 -3.194252 -1.717069
2.650143 -2.920670 -2.174388
5.205315 -2.487429 -0.977979
7.117069 -2.868327 -1.324633
7.857168 -6.605157 -2.304898
7.460402 -7.706276 -3.823581
9.342618 -5.757972 -5.794109
10.469529 -1.926140 -5.686486
6.050417 -3.390459 -4.163485
5.118988 -4.030257 -5.252097
3.666678 -3.910007 -13.689651
7.494876 -5.032827 -7.137204
10.310637 -7.182240 -2.133128
8.286664 -4.951961 -2.229954
7.702937 -7.846071 -4.381150
7.786570 -5.319542 -2.825407
11.885306 -6.816836 -0.971757
12.708723 -6.915600 4.851549
10.590775 -7.396179 3.897896
9.495726 -8.832983 -0.675661
9.344586 -6.569026 2.580651
8.009000 -5.866990 1.530620
7.783697 -2.344344 0.931925
5.583365 -3.738021 -4.410331
1.690661 -3.806183 -3.062164
3.056015 -1.218172 -1.424389
2.440204 -4.131675 4.951323
3.504115 -3.830858 6.389268
3.240474 -4.656591 4.160871
6.489607 -4.481742 4.687286
3.962096 -2.820963 4.965015
4.759445 -4.003798 7.784176
4.655258 -2.817062 1.358620
6.434803 -2.422497 2.575023
6.060521 -3.496028 3.294949
4.049566 -2.728372 2.574564
3.563021 -3.390385 5.663433
5.475210 -6.189127 4.970183
4.832561 -4.546956 4.450597
8.453342 -3.279568 2.908469
8.251351 -2.393237 2.001420
6.102371 -1.695038 -0.629945
5.840439 -1.595841 0.154507
4.591389 -2.034783 1.989368
6.422613 -2.997641 3.528930
4.370233 -3.842838 3.104081
8.203435 -2.118470 3.100749
7.897613 -6.501286 -0.940997
7.422322 -4.629565 2.100635
8.097404 -6.285825 3.614132
8.548535 -6.513096 1.166058
7.428465 -4.181332 1.859899
4.274486 -2.587350 -0.896012
8.800519 -4.200449 3.929562
9.686972 -5.293706 7.702396
12.378035 -11.026791 5.944578
6.891087 -3.099422 8.499115
6.106648 -4.104018 4.547470
7.566669 -4.046247 2.699773
7.943995 -6.516484 0.049834
8.765142 -7.412437 -3.602550
8.197047 -7.070683 -3.373399
-2.398970 -2.803239 -1.655627
-3.911399 -1.849915 -1.532087
-6.018698 -4.012273 -0.358068
-1.909319 -3.097426 -1.240724
5.559209 -1.837440 -1.891553
4.818766 -3.194936 -2.683451
2.823557 -3.275713 -1.580356
-0.440348 -3.014745 0.257620
-1.367652 -3.257535 0.555314
-0.637367 -2.821988 0.093393
0.336214 -2.631247 -1.730364
5.231637 -3.193550 -0.513477
5.477603 -2.938933 -3.671855
5.277239 -2.779694 -5.420404
4.329033 -1.604454 -9.207055
4.052771 -2.953333 -2.373532
4.574123 -1.751190 -3.540574
2.135636 -3.504531 -2.704546
-0.832644 -2.687285 -3.613074
-4.010891 -3.448738 -2.865497
-3.901056 -3.019573 -3.770694
-3.034364 -2.913724 -2.470922
-5.604331 -3.896537 -2.457037
-6.502104 -3.953271 -1.391506
-4.921096 -4.666695 0.889367
-3.402701 -2.540291 0.078560
-7.674323 -2.775494 -1.765951
-8.212944 -6.204605 -0.316988
-7.781671 -7.428595 2.167173
-2.965908 -4.231297 3.348449
-3.446038 -6.228434 3.611358
-2.789204 -7.830106 5.900308
-2.717867 -1.784486 5.173816
0.091174 -3.918962 2.418472
0.457244 -4.005415 3.043890
-1.407250 -4.291372 4.598313
-1.442092 -4.897408 4.640198
-0.492591 -3.553707 4.842920
-1.385351 -3.520011 3.022620
0.498173 -2.840497 1.373487
1.221785 -3.253142 0.184130
-0.900822 -2.906362 0.177877
-2.279369 -2.389482 -0.183624
0.325259 -3.520009 -4.562038
2.756128 -3.777451 -5.943597
-1.457503 -2.922154 -5.194356
0.020265 -3.779291 -3.229484
-0.534119 -3.294153 -3.635832
-4.288726 -9.486119 -4.768452
1.344843 -6.850903 -6.045412
-1.180677 -6.516219 -9.088305
-1.878584 -4.511273 -6.267814
2.992569 -15.110827 -2.932737
2.976411 -18.246122 2.951674
-0.941598 -7.675413 6.457597
1.145983 -4.819406 6.273847
2.843470 -8.579378 4.250253
2.634561 -8.900400 9.614869
5.009298 -4.917272 6.442168
2.403966 -1.932913 4.694765
4.971047 -5.340962 4.980381
2.342328 -5.043519 5.565685
3.712851 -3.927175 6.855590
3.715395 -2.546139 0.698256
2.822764 -2.524811 -1.992409
4.336621 -2.297127 -2.344297
6.685216 -2.452855 1.254198
6.155989 -3.815357 -0.191541
5.474746 -3.458004 4.987518
7.376493 -8.778017 4.761541
7.564136 -10.645761 4.963305
7.211553 -15.988317 5.956069
4.885857 -15.934761 -0.159126
6.722343 -18.091040 0.644553
