-3.545085 -10.020491 16.825491
9.856438 -7.344136 14.401781
15.593827 -14.140606 14.114749
6.968045 -14.672527 7.965901
3.126493 -4.692188 -7.078600
5.142238 -6.119370 -7.704071
3.072053 -7.844017 -6.731674
10.861041 -24.796127 -10.096173
6.008042 -20.820210 -7.713780
2.152757 -18.195820 -5.697069
0.934726 -9.111731 -7.055508
1.298789 -4.120214 -3.172190
4.756806 -3.707141 -3.953693
7.674212 -10.594272 2.501027
4.632777 -12.565592 10.875712
-0.868071 -13.300024 6.728623
0.293188 -17.057241 10.301930
6.213287 -19.664101 0.538367
4.624145 -11.697029 5.021605
3.150444 -9.854649 4.745825
4.024638 -14.885350 1.118552
6.333146 -18.929338 0.673419
11.234778 -19.965271 5.287199
10.838305 -19.903841 6.821349
9.184213 -17.079140 8.036090
4.174907 -17.721756 0.017282
6.080306 -9.489388 6.236372
5.876259 -6.489860 4.128481
4.692117 -5.028919 4.945698
6.369754 -13.384894 4.565733
2.395276 -11.885797 6.331432
3.300107 -5.946908 8.613978
12.623583 -6.936849 7.141597
11.461340 -7.767920 6.230981
8.971737 -9.917484 6.397272
4.678578 -9.455228 5.789352
6.469307 -4.790257 6.715856
9.605806 -3.175511 1.825530
9.274159 -5.651381 8.175082
10.465787 -6.104866 9.308845
10.734613 -1.696600 8.249574
6.908573 -6.635926 7.706939
4.630018 -11.785959 6.693432
9.729430 -6.969295 6.644808
7.772249 -5.748123 4.919825
6.079671 -2.084370 10.589825
7.597943 -5.544243 11.327712
3.413602 -9.541017 9.811400
10.638049 -17.783195 6.004819
