10.343032 -8.758828 0.721053
8.919197 -7.452922 -1.921832
7.683797 -10.842759 -4.535731
9.215757 -11.294219 -8.463405
6.231947 -6.548783 -7.660509
4.909457 -4.284476 -6.753347
3.456576 -3.551882 -3.631422
3.328790 -2.772389 -0.442565
2.402313 -2.439923 -1.424748
2.143510 -1.942214 -2.125412
1.203923 -2.402812 -3.006755
3.675976 -3.756974 -3.714381
2.419872 -0.310189 -3.144656
6.357777 -1.551490 -1.540562
3.040896 -2.439033 -1.446879
2.254677 -2.999437 0.174938
1.852096 -2.459800 -1.461832
3.535438 -3.436865 -3.020577
3.013034 -2.528231 -4.561957
-1.702835 -3.990270 -4.585361
0.082574 -3.567465 -4.728300
0.146807 -2.745155 -2.903561
-0.452548 -2.856002 -2.681728
1.004866 -2.626804 -3.180813
-0.046101 -2.473072 -3.639107
-3.241200 -4.284399 -5.654463
-3.088594 -4.059858 -2.728821
-1.327785 -6.829764 -6.704585
-0.015267 -1.550270 -6.316487
1.548361 -1.941623 -4.535267
-2.085032 -3.716657 -2.971104
-3.319484 -4.055692 -3.680412
-3.227442 -5.877151 -4.651582
-2.695795 -6.481395 -3.586870
-2.739155 -10.240438 -5.234421
-3.969066 -2.943348 -6.049700
-3.668715 -6.015136 -5.491903
-2.649844 -1.967422 -1.145604
-2.277895 -2.585042 -3.129531
-5.906692 -1.744093 -1.373212
-2.747967 -4.702223 -3.700839
-4.055747 -6.325559 -6.119475
-3.229926 -6.115356 -3.954692
-4.922751 -5.406549 -4.037240
-3.345662 -3.737068 -3.428609
-3.680644 -2.490203 -1.671905
-2.288523 -3.036620 -1.125661
0.624387 -3.550440 -4.411129
-0.903092 -3.653659 -3.032812
0.120028 -3.955192 -3.872833
2.415413 -3.262434 -3.807621
2.121988 -0.909753 -4.634676
0.022856 -1.588362 -5.543036
1.962052 -9.082746 -7.695365
1.839304 -13.112770 -10.341399
2.186148 -9.148518 -7.111673
5.664504 -4.401170 -7.617719
4.240265 -4.878872 -7.287893
3.415270 -2.525877 -3.036307
2.784401 -1.191216 -4.012428
3.621516 -3.293133 -1.375786
1.489714 -3.255757 -3.668633
1.407274 -3.421250 -5.923275
3.029826 -3.701410 -5.064942
3.078213 -2.900280 -3.292643
1.016713 -3.993697 -2.969248
1.264948 -3.060330 -2.595345
0.972428 -4.044649 -5.096070
2.745233 -5.498970 -6.911710
3.141723 -6.597883 -7.036751
5.369932 -5.575671 -6.234272
5.400592 -5.563753 -6.859650
4.065264 -2.083098 -2.667745
2.649269 -1.735742 -2.023214
5.916145 -3.971888 -5.440980
4.135005 -3.927776 -5.033898
6.560210 -3.983096 -5.262559
7.771619 -3.386862 -3.144649
6.154667 -2.942194 -2.074948
4.552742 -2.542194 -3.089793
4.027574 -4.156205 -4.543931
-0.628145 -0.856428 -5.739953
-0.518162 -2.190634 -4.462631
2.954974 -3.351462 -4.306406
3.381350 -1.158636 -5.920507
5.007334 -5.983301 -6.898099
1.255747 -4.007834 -6.584065
-1.994838 -2.857324 -5.352655
0.423653 -2.421185 -3.439968
-2.135893 -3.178667 -6.628574
-1.578494 -4.776287 -6.398012
-0.296351 -6.257137 -6.219922
-1.944480 -3.985852 -6.098176
-0.804170 -3.138092 -4.113188
1.085658 -3.829978 -5.363807
-0.160309 -2.514757 -3.495715
0.870820 -2.468729 -1.066007
4.474661 -2.115122 -1.417360
2.637248 -2.148302 -2.090395
3.416366 -1.189669 -4.152140
3.330452 -1.744928 -6.164572
4.951107 -1.220452 -4.909794
3.492503 -2.572008 -4.018503
2.571117 -3.286810 -2.349926
0.032183 -1.328818 -3.339854
-3.199719 -3.347527 -4.337641
-2.220131 -3.140439 -4.781847
-4.993682 -2.416641 -3.912155
-9.763363 0.899125 -2.793607
