-18.163937 -19.988493 10.098427
-6.152151 -14.978607 3.572441
-5.340498 -9.428137 -1.148833
-5.189836 -8.384515 -0.225268
-7.062868 -9.363042 -2.273763
-6.298467 -3.899965 -0.760086
-6.044588 -3.093577 -1.792904
-1.876067 -2.996665 -0.150369
-2.383359 -2.009560 0.566877
-4.408830 -2.120362 0.535925
-2.048141 -2.935659 -0.801312
-4.827477 -2.467401 -0.234810
-5.146088 -4.037329 -2.505232
-1.802555 -3.804265 -6.333473
-0.013891 -3.057013 -3.974423
-0.911043 -3.777311 -2.898805
3.219926 -2.745808 -3.380673
3.598040 -3.312640 -2.930706
4.017293 -3.824974 -2.612408
3.447770 -2.323030 -4.215513
2.471698 -2.864732 -2.415933
1.793201 -3.216301 -0.999528
5.590360 -2.710027 -0.333709
3.924591 -2.627608 3.042078
5.039968 -3.051885 0.290360
0.459732 -3.329835 -2.977828
2.532433 -2.240466 -2.259402
2.693445 -3.379932 -3.587133
6.296280 -3.220530 -4.699368
3.590549 -4.122327 -6.845412
5.490627 -8.170603 -7.232098
6.354033 -8.914902 -7.273025
5.991762 -9.158743 -6.319744
8.354576 -7.872556 -6.492107
8.256148 -7.587924 -3.984201
7.366472 -5.716077 -1.895517
10.028005 -0.719465 0.198619
6.710258 -3.932243 -1.587583
2.698949 -1.358891 -1.344073
1.361197 -1.590882 -0.261153
1.858203 -2.441457 1.096405
2.870720 -2.685299 -1.390548
1.845371 -1.260334 -3.760880
2.347271 -3.060922 -3.786117
4.731713 -3.111389 1.150048
2.188860 -4.110291 3.186506
1.447551 -3.474864 2.947668
3.290288 -4.258876 5.151724
4.280988 -4.440705 4.102573
4.764742 -6.624304 4.170439
7.778867 -4.710814 0.604260
6.334564 -4.082496 -1.841367
4.359876 -2.521241 -3.408313
3.267503 -3.780289 -2.617838
3.855915 -0.720260 0.477029
4.588827 -1.624185 2.106379
2.691188 -2.953374 0.108000
3.206795 -3.130696 -1.460529
3.503774 -3.824142 -7.076210
3.379218 -15.473711 -13.898459
2.118670 -7.793605 -9.006159
2.632201 -6.966435 -6.852765
5.146979 -7.992242 -6.336705
7.246468 -10.514748 -8.896398
3.530639 -5.950726 -8.694979
5.399093 -3.593045 -8.208044
6.865087 -4.174183 0.601491
12.561686 -6.886298 -1.937726
9.528391 -2.641079 -5.120027
7.460189 -2.380012 -5.736598
11.085060 -11.614963 -4.828220
8.276869 -5.830212 -0.331418
9.740620 -5.085965 -5.530796
7.799178 -3.132314 -6.917399
4.488090 -2.930579 -2.855169
10.209063 -6.810838 0.475515
9.167686 -4.140330 3.241725
5.568433 -4.112692 3.246608
5.743846 -2.874695 4.970096
8.480483 -3.955250 3.060498
6.646149 -3.167873 2.486000
7.607700 -11.606514 2.785418
6.917113 -11.494629 9.116467
4.223910 -11.965829 5.708362
8.341916 -8.412108 6.069335
10.658369 -6.928074 2.099564
9.932796 -8.732361 5.290542
9.262482 -4.452106 -0.854034
7.676017 -7.980928 2.214163
7.161017 -5.174659 5.196660
1.982336 -0.983291 2.449018
3.906297 -2.373872 4.186877
13.322195 -4.732662 2.413247
10.502211 -8.066482 4.207366
7.217926 -8.439196 5.000338
6.087548 -6.517107 6.523616
11.395944 -4.048538 6.076774
19.985722 -6.812750 14.267276
12.086778 -14.806812 15.692094
12.429576 -4.640354 12.017148
14.013463 -6.343867 7.720855
15.205929 -9.593532 7.084300
14.106138 -8.404942 7.238744
7.448136 -6.919189 8.101489
6.841362 -9.742538 6.059515
7.596332 -9.447239 6.781503
8.067141 -2.968364 1.180349
6.950865 -1.806928 -0.884387
12.848606 -4.802022 -3.230283
12.468464 -8.326181 1.646498
18.522764 -7.439507 3.897914
16.286709 -10.258189 6.876790
14.227386 -5.081225 6.327377
9.767188 -4.967710 1.903169
17.612185 -12.417494 10.007395
17.548964 -16.443438 13.852740
21.660097 -17.478264 16.955410
18.080475 -5.702670 10.695180
18.887747 -14.069656 5.356301
19.715162 -18.486437 2.762541
