-1.583098 19.220020 -6.249293
-2.469047 11.106930 -8.089128
0.700649 17.952705 -7.396813
-3.465722 8.503572 -5.915863
-7.866869 9.332403 -10.133230
-8.937110 2.036117 -10.130874
-6.190416 -5.234101 -11.389838
-7.157140 -6.020748 -10.814006
-7.775662 -5.566095 -11.826296
-6.878955 -3.965942 -12.872832
-7.896340 -5.655111 -6.598230
-3.706234 -6.115530 -7.093185
-10.205477 -8.844851 -6.729959
-8.817595 -5.183681 -5.043478
-8.762297 -4.998599 -4.311549
-10.000955 -1.790468 -6.675519
-12.698199 -3.979646 -10.433890
-7.136179 -3.928378 -4.601967
-10.772603 -11.074109 -7.948403
-4.896410 -4.324902 -5.766285
-4.759473 -4.486189 -10.061509
-7.132686 -7.797754 -9.817844
-6.778919 -6.094438 -12.534932
-7.657789 -8.368838 -15.387825
-5.925551 -10.781761 -4.098343
-14.677086 -10.285183 -17.402288
-13.989146 -8.839371 -8.357140
-16.137482 -5.647554 -8.840838
-14.619397 -4.959951 -6.795944
-15.090585 -14.048656 -17.150501
-11.306108 -13.616789 -17.426842
-13.866491 -14.709162 -17.500328
