-4.306093 -2.678704 -6.071120
-0.120931 -1.283524 -7.198282
4.213647 -3.246190 -4.197192
-0.834403 -2.054922 -3.956612
-0.138315 -3.482312 -4.209764
0.045256 -3.608536 -3.016603
2.989965 -3.372756 -4.172166
4.718052 -3.249339 -3.056738
5.676115 -2.967343 -2.028077
5.926284 -4.024455 2.744172
4.149166 -3.655230 4.055808
13.893625 -10.649648 7.033927
7.392650 -4.878430 3.291556
3.339031 -4.178848 4.597021
5.459044 -3.844938 6.149841
3.838016 -2.500332 3.585181
6.429505 -3.956361 4.370872
6.815961 -3.989250 4.542891
6.533974 -4.566430 4.742808
11.559609 -7.095711 4.182629
9.883854 -5.712105 0.318727
8.296090 -6.058357 2.065941
7.896935 -6.188161 1.575554
8.441099 -8.657104 -2.786005
9.266492 -8.955125 -6.577246
8.304997 -8.091894 -4.186041
