-0.134123 -0.753901 11.557597
1.429327 -4.094157 7.084226
2.228381 -4.939336 4.804088
1.430222 -2.760452 2.985106
2.429107 -3.633542 4.213391
3.549843 -5.511371 4.159834
5.742885 -5.040843 6.005473
4.482420 -3.623814 3.059057
2.875367 -3.574420 2.935874
3.228411 -2.614271 2.197881
6.025968 -1.723876 -0.366678
3.564673 -2.257559 1.689482
2.995554 -2.909618 3.330871
3.047395 -2.683674 5.318678
6.736405 -3.533892 0.442922
4.834498 -0.882753 -0.827530
5.117887 -2.130354 -0.748881
3.832219 -1.625355 -1.542124
1.832064 -2.894322 -0.087615
4.767893 -2.523194 -4.614322
2.633543 -2.158531 -7.110704
2.370360 -6.814435 -7.231414
0.404903 -4.318505 -6.190123
-2.955966 -8.331804 -7.160072
-2.611268 -4.861762 -7.812377
-1.817804 -3.201284 -4.739358
0.735756 -3.977722 -4.672285
2.051175 -3.920924 -3.638758
0.891346 -3.013481 -3.601884
1.465462 -2.294833 -3.133751
3.818190 -3.344663 2.907737
7.465240 -3.187777 3.026721
7.883075 -4.050963 -1.963054
7.892085 -5.380017 -0.880063
7.360837 -4.635632 2.162730
9.687883 -6.757398 4.248187
8.018094 -5.302202 2.275449
12.811827 -8.041679 -7.300687
3.581457 -6.260379 -7.416273
1.738642 -3.812788 -7.126165
1.035115 -2.710268 -1.646183
1.397410 -3.380853 -3.201695
2.982595 -3.466271 -3.518326
0.144192 -3.789952 -5.330938
1.073731 -3.695609 -5.462851
4.765211 -2.996943 -0.173245
3.967669 -3.053025 1.282397
6.045261 -2.679429 3.266278
5.449638 -1.954349 1.153300
6.346586 -5.391399 4.313346
3.979136 -4.552234 6.162946
4.872220 -3.854105 3.827962
2.328968 -2.966393 3.997357
1.700240 -3.730174 2.815414
2.374714 -4.865035 5.736547
3.773588 -4.507737 6.037073
3.959440 -3.288178 2.931815
6.283006 -3.773632 2.623740
3.373605 -2.181038 2.322595
4.108630 -2.387688 2.070824
4.391526 -2.912798 3.462368
5.416264 -3.788691 2.639684
5.641142 -1.241716 5.338876
5.715963 -4.946562 4.172221
7.619482 -3.471752 3.868433
3.961397 -1.860955 2.744242
1.926126 -3.323975 2.739601
3.737584 -4.608395 4.681889
1.800128 -3.068094 2.655455
2.393543 -2.657142 0.646223
1.465581 -1.659053 1.692868
3.894676 -3.312671 -3.187228
2.880605 -2.294061 -4.922013
10.037724 -5.026839 0.111685
8.433475 -7.597187 0.412068
7.856186 -8.607617 0.539214
1.185311 -5.691968 4.104609
5.409595 -8.216323 4.332337
3.789583 -5.513452 5.543682
1.963435 -2.494082 1.408193
4.939517 -2.973873 -0.841563
3.717697 -0.959413 -3.079768
5.827072 -4.097700 -1.887491
3.543902 -2.873480 -1.041037
4.346068 -5.041574 -6.181191
3.650099 -2.078905 -8.908853
7.354752 -10.079876 1.037166
2.548205 -5.848413 7.058944
0.602038 -7.075664 8.325104
-0.392546 -3.912873 3.232430
3.458302 -14.213190 1.092374
6.299604 -3.870908 -9.139521
10.594584 -6.587972 -7.702232
4.233672 -3.972526 -4.338142
7.372550 -7.230302 -3.599633
5.983503 -1.122423 -3.279157
2.474199 -1.813787 -3.606964
1.492285 -8.715195 9.222079
-0.363625 -5.723077 6.517519
6.046254 -13.572207 -8.706222
11.048125 -9.964427 -4.574325
13.204070 -7.582314 -3.874493
11.442685 -7.572438 -0.079915
8.318562 -4.065838 -0.559986
3.336725 -3.924689 -4.284760
1.032202 -4.098213 -3.219718
1.568673 -3.152137 -4.389284
3.602038 -6.234117 -6.588944
5.416005 -0.814472 -5.142668
4.698435 0.224060 -4.255925
3.188794 -2.806951 -3.932953
3.657102 -3.119767 -2.619824
2.414865 -0.903239 -1.234012
4.154013 -3.404542 -3.972569
9.761870 -8.274738 -5.105981
14.329085 -9.857584 -6.818401
-2.644511 -5.820293 -7.908546
-3.099156 -7.030846 -4.807834
2.772662 -3.126297 -2.812856
5.615681 -3.145913 -2.754669
8.334705 -8.472670 -0.658972
9.536219 -6.071586 -1.979128
8.004233 -6.112750 -4.893796
-1.973738 -3.547596 -3.231523
-5.074830 -2.860999 -2.597162
-5.282215 -5.697582 3.542032
-6.230244 -6.774529 1.980052
-4.563668 -2.442938 1.647392
-0.666417 -3.683329 3.216139
2.621651 -2.762752 0.105756
2.227453 -2.596098 2.263134
-0.958707 -4.505341 5.272527
0.399944 -2.534639 1.698752
1.468315 -3.554147 3.136249
4.308272 -3.621091 -3.109190
3.870132 -2.515994 -2.656190
2.564214 -3.692786 -3.104446
3.991127 -3.206180 -2.818639
6.711916 -2.817987 -2.159802
6.066038 -3.923860 -2.418594
10.110520 -3.318127 -3.483158
9.707779 -4.994246 -8.945858
8.285583 -7.513575 -2.655738
8.200636 -8.073037 -1.273979
8.714231 -7.667662 -4.144348
10.513484 -11.131079 -4.967412
4.730835 -12.102933 -8.076302
5.359958 -4.421378 -7.198425
2.186718 -5.747803 -7.590065
6.957334 -6.003208 -7.854425
8.549235 -2.480695 -2.774057
10.598546 -9.142366 -3.333948
8.877184 -5.594258 -0.001393
10.384455 -8.545320 1.148657
