19.742905 11.053449 -2.296931
10.212230 4.137958 0.503619
6.620440 10.731378 -2.166852
1.815320 7.199668 -3.107346
-1.098895 4.513199 -3.437972
-0.512094 3.044554 -6.648686
-1.335978 4.000306 -4.381152
0.751129 5.376460 -5.604570
1.208212 1.457020 -7.220523
2.652720 3.448593 -8.544488
1.224065 3.351014 -7.169940
6.302685 5.043110 -5.694309
6.440561 5.163141 -7.329542
7.802446 7.105234 -7.406552
6.205431 9.618800 -6.352928
2.855139 7.169355 -5.773551
-1.422202 5.495646 -2.151369
-0.840576 4.584881 -1.735274
5.181074 9.458058 -2.359108
2.522078 7.718025 0.190621
-0.504548 5.111478 -3.062958
3.117516 0.590097 -3.852934
5.662002 -0.295490 -3.934792
5.931306 6.538403 -2.956800
1.577915 4.095836 -5.746778
3.607824 3.250206 -6.933486
5.577331 4.019507 -7.200827
10.043736 4.709898 -5.512629
9.461806 2.547251 -6.545328
8.930094 4.438253 -5.517237
4.220342 4.485105 -6.065129
10.186731 5.293365 -2.553850
5.992078 4.221714 5.490784
3.995630 4.141343 5.321527
1.900271 4.419803 6.383565
-0.931165 4.577133 4.933680
1.529740 6.060969 4.817944
1.401523 4.473604 6.393012
2.668253 4.624427 6.120261
1.178349 6.576211 2.344356
5.077940 6.910542 -0.577849
5.975083 6.571661 -0.427242
7.990479 10.473892 -2.449950
4.799031 7.539458 -1.636897
5.973891 7.286377 2.680005
4.526955 0.940111 1.450001
3.723878 4.157325 5.988942
3.460390 1.724070 4.995590
3.275095 3.964224 6.304821
3.154026 1.549676 5.080222
3.560625 2.687044 5.971804
6.501414 6.258731 4.841844
11.176138 2.225396 3.900893
8.535707 -0.767289 3.693184
7.413813 -0.035841 1.304476
7.175076 0.963148 1.676120
6.443664 0.485103 -0.974236
2.244359 0.925946 4.059295
-0.584946 1.382441 3.968214
0.000857 1.456511 4.933897
-0.874012 2.224490 5.852102
1.337504 3.185556 5.084816
6.535284 0.731330 4.254020
6.609741 1.408661 -1.761945
7.541648 1.181667 -3.074484
4.928847 -0.783207 -4.676707
9.461584 3.053530 -7.383172
4.132611 2.949284 -5.945373
6.141061 3.687623 -7.645554
7.285986 4.655946 -5.605929
7.164578 5.041974 -6.267352
6.148901 1.736581 -7.458714
6.202522 2.811371 -7.524291
4.816191 2.166578 -5.780152
8.534748 3.852150 -9.193548
4.390518 5.621689 -5.625004
7.499363 2.697007 -10.262419
5.213011 1.467747 -5.317553
1.385035 1.236343 -3.262134
3.134658 1.247963 -3.176525
1.389422 0.730660 -2.169363
1.121614 1.149764 -2.559041
2.674526 1.088845 -2.411173
3.195445 1.468199 -1.593127
3.497273 0.364086 -2.801461
5.442405 1.373458 -2.403688
4.232851 2.680121 -5.696476
0.733034 5.116315 -7.058022
1.573448 5.343386 -6.266318
4.912232 5.877485 -6.264566
1.904975 7.468291 -10.400168
3.100270 5.301399 -10.181572
5.082920 3.457386 -7.458244
2.968939 2.920999 -7.019757
5.489257 5.750174 -7.498119
6.427790 6.747776 -6.851976
3.305354 7.947184 -4.314384
4.462322 7.135030 -3.084944
8.070230 6.931987 -4.949578
11.237778 7.332825 0.771073
8.753744 6.571025 2.167438
2.897498 9.122157 3.609812
3.758065 5.551343 4.833886
4.754783 2.205032 5.165567
1.465057 5.774999 6.690977
1.243923 6.340409 4.954534
1.250584 6.054131 4.685416
1.577621 8.166228 3.968784
5.141693 10.002321 3.490993
4.802162 6.970848 0.586540
4.099287 6.831872 -2.301547
4.652233 3.868932 -5.763938
1.890354 1.514620 -4.239548
2.115762 1.302701 -4.181775
0.345350 1.040122 -3.589789
-1.094641 0.098136 -2.085464
4.464134 4.720395 -7.144292
1.563500 3.624367 -5.799022
2.122529 1.546921 -6.304515
1.508286 2.921460 -6.661491
4.825523 2.776651 -5.993182
1.598236 2.062357 -5.642485
2.418733 0.671572 -5.491117
0.993478 -0.337366 -5.289336
2.705189 1.186763 -4.182200
5.493725 -1.223063 -9.021742
6.485580 2.623219 -6.760448
5.682258 4.714725 -6.060295
3.857224 6.082939 -6.337103
4.546349 4.678466 -5.699195
2.178141 3.604491 -5.858455
6.504705 1.604355 -5.549184
6.768076 2.350469 -8.064824
4.098751 0.864784 -3.569852
5.204885 1.447232 -2.056265
1.241146 0.716870 -5.684720
2.078989 -0.506073 -3.229707
3.502426 1.531862 -6.312720
4.752002 2.540416 -6.238056
4.293810 2.098413 -5.751315
9.047373 1.700758 -6.636042
4.625939 0.554666 -4.500152
4.929352 0.612130 -3.370094
4.787603 1.046816 -4.341426
5.457976 1.393543 -5.184317
0.631563 1.473065 -2.493523
1.546656 0.696659 -1.890163
0.375468 0.818876 -2.603056
-0.626266 1.078202 -3.945815
-0.514955 1.803693 -2.426405
-2.039365 3.616732 -5.241179
-2.377836 1.722133 -3.573572
0.074877 1.365313 -4.352356
1.628628 1.218688 -2.275976
-1.163821 1.532109 -2.351884
1.231120 0.867739 -3.929912
-0.569134 2.677283 -5.143567
-1.164659 3.524477 -3.184373
0.734394 3.210254 -5.844789
2.883801 5.934640 -5.975115
4.446830 5.068105 -6.743845
3.900557 3.631346 -7.371912
4.590295 6.539853 -5.400585
3.063262 6.879103 -1.621603
1.070260 6.794477 -3.374962
3.909530 7.310013 -4.305377
3.763007 7.587321 -4.453863
3.352117 7.211063 -0.422529
-0.381607 7.108307 -1.071976
0.647361 10.583755 -1.970926
-2.198635 10.453359 -0.490995
0.844382 6.126538 -5.848804
2.358298 0.174831 -5.586886
2.346411 0.595931 -3.995419
1.302233 1.213781 -4.331272
3.844118 1.452211 -6.582752
4.651717 1.961498 -6.757547
6.271535 2.893732 -6.266990
6.561835 4.650624 -5.980508
3.373943 6.237913 -7.301086
6.635377 6.121195 -8.093250
2.590209 5.628436 -5.829345
1.945433 1.315983 -3.240607
3.237080 1.442230 -3.311635
0.366827 2.423913 -6.633118
0.665016 6.735139 -6.207310
0.415484 7.072906 -5.035089
-0.983268 5.342004 -3.621232
-1.245814 2.896118 -2.046206
-2.243983 2.336533 -2.698453
0.429148 1.215880 -1.468253
3.863325 1.457302 -1.674946
3.618577 0.037588 -3.901475
5.039606 1.260885 -2.950093
1.274909 0.641446 -3.171452
1.915946 1.391937 -3.457164
2.220100 0.493518 -4.308585
0.012019 3.325029 -7.618223
3.224109 4.225934 -7.940554
5.150214 4.483253 -5.832748
5.732885 6.514253 -7.191381
4.901319 6.466334 -6.176333
6.755443 7.099979 -7.419484
6.543450 3.936962 -5.934501
6.122796 1.336030 -2.799066
5.881565 1.383660 -2.237464
2.642185 0.686211 -2.264599
2.901080 2.323040 -6.486426
1.727339 2.032033 -6.701307
0.799398 0.979942 -5.348168
3.545807 2.724164 -7.852053
2.230466 5.639017 -7.837888
1.382635 5.282604 -6.146614
1.678135 6.790144 -4.206671
-2.407224 4.287795 -3.597739
-2.126796 5.785162 -3.805728
0.433699 2.782492 -6.583773
-0.216994 1.383900 -9.710299
0.536842 0.966196 -3.845098
3.767083 0.920886 -2.436754
7.390182 1.865289 -8.674638
8.174643 0.629229 -6.558360
4.777099 2.148000 -6.652017
2.848224 1.734482 -5.531833
-1.557747 0.406217 -5.583544
-0.731592 0.888808 -3.569819
-1.917562 1.886759 -3.734269
-0.461560 2.803700 -4.767169
-0.656404 3.084322 -3.808216
-0.925454 2.640217 -2.819255
-1.070789 2.827158 -3.334374
-2.043477 0.805418 -3.086329
0.821732 1.410987 -1.462277
0.363006 1.321765 -3.234387
-1.978354 2.010526 -2.694328
-2.780259 3.095252 -4.153306
-1.954746 3.443368 -2.955128
-2.920041 4.574452 3.145281
-0.424388 3.961508 1.546316
-1.127971 3.654408 -1.618931
-1.265548 3.923362 -7.499716
-0.741363 3.924680 -5.460820
-2.551475 0.452231 -3.261351
0.903629 0.914468 -3.743362
0.445938 1.075149 -5.614633
3.274457 5.439629 -6.775775
3.920615 4.143923 -6.652488
7.505760 1.279193 -5.374118
7.474146 1.293599 -4.602820
6.589088 2.134125 -6.854654
10.633392 3.266977 -5.835315
8.611039 4.405144 -5.672984
-2.247412 4.673387 0.773598
-0.819081 2.828972 0.917342
3.601982 7.190961 -2.271406
0.841935 6.618151 -3.274458
0.443787 9.670032 -1.205113
2.881931 9.254584 -1.958179
0.918460 8.191794 -1.818731
-1.231341 6.835917 -3.171772
-1.090567 3.650467 -1.944675
0.259686 7.669697 3.082786
2.056390 7.140289 2.506695
2.441717 7.749667 -0.936671
4.364195 7.982709 -3.908812
-0.119867 1.490037 -3.224121
0.341099 1.709376 -6.395476
0.139751 0.996787 -4.523833
1.339314 5.487582 -5.908194
3.415214 1.065302 -0.457982
2.272949 0.606908 3.023319
3.473072 1.253411 4.216941
6.204315 0.606148 -3.383148
5.507094 -0.369136 -3.134403
9.743661 2.921844 -3.994361
10.134313 3.057498 -1.856063
10.155753 6.057326 2.600587
3.698912 1.245493 0.226433
2.945684 2.408348 4.788456
3.263240 4.993723 5.041415
1.796665 5.746536 8.110824
8.022964 8.284027 -0.368526
10.081124 9.508320 0.534754
4.761097 6.574653 -1.920280
0.716786 7.768082 2.161977
2.807597 7.783927 4.553119
0.121169 6.673779 3.546322
-0.429416 6.081023 -0.178369
-3.062292 4.666900 -1.075396
-2.096589 3.594463 -2.981700
-0.627987 5.550955 -5.332587
-1.226393 4.105907 -5.946417
-2.336761 3.005675 -1.448357
-1.066104 5.407581 -1.642710
0.067521 7.041148 -1.030033
2.190163 7.002321 -4.371207
0.575852 0.189710 -5.549260
0.219363 0.998190 -4.276926
3.560882 0.855733 -3.662801
3.976435 0.963633 -3.211106
7.702112 -0.877050 -2.086967
16.574844 1.120484 -3.936783
9.964921 2.145248 -2.778748
5.642000 0.668240 -2.484780
6.911794 0.763669 -0.398754
3.875957 1.359840 0.079273
3.266796 0.077425 0.156770
3.531814 1.325455 3.509754
-0.535425 2.008211 3.885699
-0.544600 2.578436 4.009226
-2.828834 3.235058 2.166060
-0.788618 2.768737 4.199106
-0.491729 5.657434 3.789009
-0.075572 4.743104 6.898515
-2.275434 4.177329 3.034254
-1.052542 7.293963 3.310874
2.020521 6.698946 0.440898
5.311356 6.878458 6.461627
0.905956 3.381430 5.044565
-3.276068 0.702923 4.501359
-0.627165 1.143150 2.950844
1.462423 5.989042 5.272862
2.842221 8.452483 7.471875
4.700524 7.568381 2.857544
3.597217 7.912187 0.794263
1.971694 7.069894 3.503396
5.815579 9.846326 2.483701
6.999483 7.655975 -1.132792
8.587979 8.018904 -1.465059
2.271446 8.738445 -1.483842
-1.403442 6.002388 -0.219224
0.696418 7.869722 -0.345976
2.384071 8.727520 0.049633
10.345446 6.712342 0.175979
11.471329 4.178657 -3.114061
7.514897 7.004797 -3.392396
6.926173 7.811873 -0.516063
8.255449 4.456073 -5.656404
5.632282 0.960193 -6.599237
8.387730 0.983938 -6.883001
6.286500 1.470290 -3.380440
3.534528 0.372383 -0.849269
3.839128 0.330776 -1.118454
2.974332 0.690682 -3.216197
3.388634 0.101993 -8.653157
6.683590 2.333185 -5.744469
2.984441 3.740602 -6.435896
2.621330 5.372320 -5.815798
5.642263 7.210199 -1.331452
11.956783 7.560040 -2.048072
10.569549 6.045427 2.207057
9.451591 6.747249 -1.139021
4.888299 7.087333 -5.113074
6.033020 7.161899 -3.359655
3.843953 4.485564 -6.338209
4.603698 4.557674 -6.165645
8.857752 3.249763 -6.789740
6.794402 4.864474 -6.523206
7.021581 8.273811 -5.897939
10.530306 6.191477 -4.929085
6.183087 7.683658 -3.860721
1.373041 6.260729 -7.209065
4.489435 3.620885 -6.517471
3.871704 4.861630 -5.755034
0.748034 5.887887 -5.540841
-1.320321 4.040774 -4.022817
-0.514373 3.545110 -2.025881
-1.987297 3.585717 -2.363010
-0.239704 1.387734 -4.005587
-0.243158 1.450214 -3.297972
0.350392 1.097352 -4.029634
0.997570 1.396739 -6.636965
-1.442369 -1.295747 -6.467601
-0.523700 2.380486 -2.777956
-0.412560 3.409865 -3.794703
-0.737641 0.490737 -4.139977
1.494191 0.736722 -5.191856
1.743492 1.254243 -2.826854
2.510163 1.491980 1.941944
0.216744 1.149560 2.818635
-1.168271 2.009084 1.144032
-0.437636 2.498962 2.053741
-1.093390 2.088230 2.264733
-1.970209 2.842626 2.669906
-0.260884 3.511561 5.262216
-1.363977 4.477101 1.372683
-1.360106 3.787380 1.822354
-1.624828 2.235085 3.721607
3.038408 -0.374814 1.933710
3.150248 -2.075507 2.439777
7.256701 0.958387 0.941523
4.992043 -3.754961 4.862188
