6.829657 -19.708809 14.954628
7.413861 -8.920438 10.861300
3.207445 -4.007011 5.197078
1.753501 -2.137776 1.990949
3.176502 0.755027 -2.470818
3.216091 2.198818 -8.328367
4.972701 3.375960 -5.991873
7.121416 8.714352 -13.977323
4.544491 5.063761 -11.698738
3.760550 1.165722 -4.941921
6.559178 4.214888 -9.781577
8.660829 5.105365 -8.592662
6.789713 4.624261 -8.142246
5.815352 3.819389 -5.698397
4.363038 8.597895 -5.829012
3.895656 6.793194 -5.762341
8.520399 4.555319 -5.562985
10.340096 9.518521 -6.102444
9.354938 7.042665 -0.547493
7.480921 7.230305 -1.152503
8.466392 7.118187 -5.370443
7.567524 7.972087 -7.409770
5.283485 5.717589 -7.806506
2.082688 2.516104 -5.899045
4.669895 1.425257 -4.180674
0.171452 0.956126 -2.986746
2.696684 1.196676 -3.925328
4.284013 1.391615 -4.488201
9.498125 1.413975 -10.190783
5.743155 3.972803 -6.761522
2.859176 6.696032 -6.491505
6.592475 5.056633 -6.828438
8.556468 -1.894526 -9.800431
5.873407 1.652235 -6.050782
0.842558 5.679962 -7.472741
1.726877 3.857821 -6.161714
2.640212 3.284353 -5.800613
3.915025 5.227536 -7.024211
8.478090 12.049555 -16.629816
