15.007100 -8.415055 -18.758251
5.642910 -9.721261 -14.880994
0.973888 -12.244405 -10.219094
4.137544 -11.926923 -7.407798
5.233173 -4.956587 -7.700144
5.607932 -3.444637 -4.995495
3.628200 -3.179135 -3.280802
1.722080 -3.259303 -3.700887
1.933641 -2.831864 -2.179178
1.138957 -2.942073 -3.191652
-0.323616 -2.473653 -3.048674
-0.436454 -3.785450 -3.469001
0.271430 -3.727320 -2.751820
-2.981926 -4.020206 -2.661646
-4.034447 -3.982363 -3.223598
-4.503931 -1.979331 -1.792784
-1.917145 -1.546156 0.128633
-1.387001 -2.268348 -1.989771
-1.520466 -2.244008 -3.496833
-3.690369 -5.232938 -5.212524
-3.647156 -6.991809 -3.884886
-5.145208 -10.303601 -8.606581
-5.550880 -12.685515 -4.155514
-4.495212 -7.027939 -2.385015
-10.420166 -7.058139 3.934797
