4.454558 -18.123318 5.923372
-2.346577 -5.487104 4.235138
-1.896536 -4.850502 4.056468
-1.782653 -2.495507 2.794920
-1.331747 -2.914391 1.499712
-3.368680 -3.341259 2.565690
-3.838152 -1.761244 3.662355
-5.473660 -8.395608 2.954383
-5.316600 -3.900484 2.093948
-2.473965 -1.996250 1.475157
-3.519733 -2.083679 1.757807
-4.171480 -1.913234 0.394649
-5.149762 -6.321283 2.568126
-5.957765 -6.978976 1.984712
-4.716223 -5.135669 1.359043
-6.383673 -4.953961 0.401982
-6.198001 -2.398785 1.140956
-3.255235 -2.570814 0.519454
-3.594345 -3.164059 0.021497
-8.039457 -3.043375 2.141273
-6.380737 -4.951113 0.349808
-7.176149 -4.615800 -2.558954
-6.912974 -3.846511 -5.882334
-4.640557 -3.963359 -3.157353
-3.326514 -5.707718 -3.140005
-3.211774 -6.085838 -5.561070
-4.073788 -8.406422 0.232254
-8.811978 -9.209665 -0.323733
-5.262619 -7.398149 1.365699
-6.000434 -5.881925 -1.152086
-3.517985 -4.410730 -4.058042
-1.762298 -1.893163 -2.315060
-0.706042 -2.937846 -2.300333
-1.978812 -3.404327 -4.621418
-6.156174 -5.678380 -2.556233
-5.008358 -3.778405 0.057447
-5.564362 -5.710412 -0.060728
-5.564900 -5.497257 -1.210110
-4.518233 -4.923799 0.047656
-5.302845 -5.757605 1.537190
-6.442698 -8.681042 -1.401866
-4.028202 -8.506585 0.228089
-4.282990 -4.224671 2.965534
-6.144197 -2.724618 3.450397
-4.748375 -5.417315 3.171345
-5.561942 -2.497480 0.949183
-5.229001 -1.063720 0.557292
-3.498820 -3.040505 2.353365
-2.399682 -1.715436 1.571476
-2.891036 -1.245431 3.517375
-1.197194 -2.769410 5.702964
-1.150923 -2.332573 5.356729
-2.902196 -3.403118 3.715642
-3.346952 -6.205737 2.609076
-6.090591 -5.253561 0.773766
-4.439006 -3.811210 1.012233
-5.587913 -4.886549 -1.751353
-3.672703 -3.291616 -1.120617
-3.180775 -2.814707 -2.409436
-3.382279 -2.896428 -2.171170
-2.766603 -2.998990 -0.943062
-2.094651 -2.787058 -0.961933
-5.109097 -3.250086 -1.181694
-4.902631 -4.114557 -2.274508
-5.123636 -4.309848 -2.261329
-6.259546 -4.662563 -0.501592
-4.658689 -5.113715 -1.712870
-5.013524 -6.291169 -0.290788
-4.506468 -5.581553 -0.866219
-7.493867 -5.509300 1.719063
-6.667752 -5.396674 2.868484
-4.463619 -4.717257 -0.979881
-5.614683 -4.481421 -1.219529
-4.403482 -4.515776 -5.361093
-3.070360 -3.095424 -3.831918
-3.278755 -3.053867 -4.078760
-1.983236 -2.800979 -2.054231
-3.248539 -3.128324 -1.754105
-6.553916 -3.071813 -0.952011
-7.959581 -4.056716 -1.291129
-5.736196 -7.217422 -1.354619
-5.953365 -3.206142 -1.776109
-3.601825 -5.694326 -3.864334
-5.795759 -6.535210 -0.520549
-4.898671 -6.205237 -0.556140
-4.432705 -5.113403 -3.684584
-4.048396 -4.860083 -3.798313
-5.347240 -2.466958 -2.712478
-2.926959 -3.084047 -1.773997
-2.535689 -2.490286 -1.340957
0.225761 -1.263840 -4.183990
-1.604970 -4.668076 -7.105008
-3.659318 -6.629562 -5.472613
-2.366999 -3.369642 -2.965941
3.278682 -2.166834 -4.584785
5.426603 -4.657754 -6.536758
5.319480 -0.932629 -3.593427
7.504603 1.993109 -6.054736
