7.424280 2.475557 -6.149082
2.124474 -1.624314 -4.835015
3.469185 -4.097615 -2.729996
-2.159792 -3.846282 -4.660480
-2.607494 -3.636877 -4.311484
-1.617193 -2.968292 -2.597482
-3.537720 -4.193898 -3.913740
-0.533327 -3.366041 -2.710305
-1.863724 -2.903661 -3.125964
-3.598488 -3.256573 -5.238002
-3.075505 -5.327689 -4.027764
-2.862027 -4.617653 -4.259177
-3.282050 -6.026073 -5.157609
-3.529915 -4.960648 -4.778738
-5.128837 -5.106374 -5.662337
-2.329219 -7.059780 -7.138385
-4.085749 -2.101215 -2.957035
-6.799106 -6.117197 -2.941035
-3.027473 -5.216601 -3.875510
-2.863873 -2.529318 -4.384901
-1.673100 -3.865971 -5.575184
-0.616170 -1.892453 -2.944077
-1.835205 -3.934285 -3.731020
2.330044 -4.018463 -4.164933
1.716116 -4.171030 -2.884685
6.094337 -3.491579 -3.265275
5.862076 -3.260395 -1.965276
3.420771 -2.500678 -0.402004
3.195678 -1.398198 1.773379
5.712128 -1.970915 1.323861
4.914044 -2.372699 -0.552777
2.586318 -2.745816 0.653697
3.542586 -2.708607 4.161933
2.482386 -2.368215 5.162328
3.180330 -8.489112 5.382195
3.906543 -6.615334 8.217893
2.899823 -4.460968 6.249812
2.746193 -3.541753 2.450698
1.045028 -4.440722 5.767511
-0.875899 -6.826551 3.983290
-2.655041 -4.026465 4.668666
-1.760433 -4.096692 4.913379
-0.719011 -2.560950 2.590547
-4.674490 -1.700382 -0.380044
-5.792078 -1.925436 -0.802501
-5.545444 -5.324869 1.538306
-4.476320 -3.851485 4.120825
-3.300513 -5.126390 3.651229
-5.290468 -4.690152 3.833833
-6.220432 -5.638484 1.409694
-4.787615 -3.522490 -0.709671
-5.729658 -2.439861 1.736478
-2.657170 -3.225714 4.215419
0.107382 -3.725585 2.595729
0.215576 -3.986695 3.354886
2.711360 -3.530303 5.553980
1.566653 -3.551045 2.638237
2.808789 -4.352186 5.830426
1.523379 -6.854387 8.489391
0.294204 -6.793063 5.286427
0.242509 -5.412449 4.163242
-0.255260 -2.223481 5.658991
-1.005540 -3.949729 3.889610
-2.930008 0.039577 1.669605
-2.443869 -2.412169 3.347123
-3.421931 -7.112707 3.595781
-3.477491 -6.236275 3.901387
-4.561819 -3.843009 4.636343
-1.625098 -4.152789 2.517791
-1.129778 -1.151104 5.390735
0.509709 -2.366781 5.304240
-2.067966 -5.221159 4.037316
-3.373035 -4.558034 5.409913
-5.565664 -4.492507 5.052374
-3.479635 -4.175478 4.493649
-2.042588 -2.744077 3.357139
-0.639512 -3.300237 1.652955
-3.290365 -2.081426 0.280660
-5.582041 -2.887211 0.575930
-5.679213 -5.345597 4.352876
-2.772213 -7.285535 5.529385
-6.424086 -7.154037 5.996349
-10.445311 -18.153109 8.682657
