-14.604356 17.619125 1.289388
-22.487768 19.656214 6.404438
-30.022852 10.969022 6.259270
-13.029253 6.922413 5.117544
-17.288185 11.392566 8.961924
-14.107948 5.809969 6.190172
-10.797836 5.984977 0.746834
-11.096027 8.108064 1.146002
-10.941053 10.183655 5.047441
-18.211143 13.609062 11.105655
-11.627353 7.265388 8.396921
-22.969437 13.097762 15.604683
-40.920280 16.127321 17.108774
-25.902731 9.076219 14.455148
-10.224045 8.416467 12.178499
-13.278706 5.058012 6.864603
-17.041498 -0.246537 6.223150
-6.802240 3.342499 4.090847
-13.920442 4.472690 10.662681
-8.434001 5.975289 4.317166
-8.158445 3.973850 9.401731
-7.830246 1.300024 6.925589
-7.647885 2.307932 12.133524
-5.269621 2.329880 10.641838
-8.081031 3.221384 12.728987
-13.763792 5.292127 8.583734
-10.035110 4.282103 7.316625
-10.309868 5.876944 3.426793
-6.720109 1.783297 13.363445
-10.019874 1.595286 14.111362
-15.294421 2.029680 12.751383
-14.935410 -1.604655 15.211949
-14.493644 -1.349216 2.254162
-12.955924 0.232965 3.792427
-6.985976 1.156331 5.597990
-8.248692 3.061750 5.715588
-6.686178 0.111876 1.989342
-7.002358 1.174389 9.117026
-7.965418 1.567975 8.356427
-6.126683 2.133183 5.741796
-8.828639 1.592692 8.428990
-6.473784 0.392637 6.023252
-11.970985 0.806011 4.426495
-11.232781 -0.741605 6.585792
-11.866348 -4.148242 10.506020
-17.446964 0.285416 10.869999
-15.963899 1.634385 9.037507
-15.758359 1.495952 8.283342
-19.693100 -4.505044 6.882108
