12.312916 -14.152002 -9.733464
6.351570 -1.324170 -2.807784
4.613731 1.187095 -2.528497
6.284685 -3.247918 -3.007979
3.964309 -2.992179 -0.645350
2.362744 -3.284304 -1.725518
0.826585 -1.461617 -3.790759
-0.728092 -4.132207 -4.842784
-2.024652 -1.648215 -1.381676
0.344918 -2.561613 -1.372941
3.808718 -2.382696 -3.390442
5.244248 -4.038744 -2.807889
3.392917 -2.893406 -0.452902
4.054436 -1.338831 0.704740
5.690895 -2.832751 1.656929
2.994417 -2.416076 4.090682
4.793179 -2.945827 1.294338
2.296479 -2.787742 3.569950
0.905331 -3.759689 3.074357
-0.612967 -2.409612 3.419375
0.689687 -2.167372 5.593667
0.726109 -1.040118 4.805987
0.452699 -3.324174 5.052610
5.826489 -3.123130 -2.090196
4.677493 -3.116490 -0.261521
6.196825 -2.244797 -1.113669
3.293899 -1.654972 -0.978370
5.157860 -2.693548 -0.077405
6.422662 -4.133742 -1.234352
9.002630 -4.179183 -4.157664
5.564301 -3.002730 -1.244286
5.385977 -1.689309 -1.243283
4.160918 -2.886309 -1.167046
5.361615 -2.848675 -1.049701
7.495027 -3.188296 0.366675
8.159859 -6.952036 -2.128066
10.813721 -5.467325 -4.085611
7.689900 -1.947876 0.496147
3.602484 -2.574648 2.770041
0.047577 -3.824774 2.444706
-4.543589 -2.769680 5.267165
-3.008836 -6.451606 4.450477
-7.675132 -7.943565 9.404045
-11.901580 -9.657048 18.226624
