-10.140551 1.969571 -12.623438
-3.281230 -2.909315 -8.977411
-3.377247 -5.119288 -7.022472
-4.486317 -11.086258 -3.605893
-4.474015 -11.443866 -3.041400
-2.494097 -1.812649 -3.797926
-2.432348 -2.656643 -4.097067
-2.130427 -3.187935 -2.052553
-1.849498 -3.299508 -0.137467
0.661658 -2.707531 -0.906075
3.865976 -3.239693 3.115005
3.671846 -3.280855 2.532709
5.376151 -3.244075 3.853601
5.543704 -5.595204 8.166810
3.411170 -6.897395 4.150330
0.590547 -5.737415 4.572646
1.858665 -6.743857 5.109065
2.125093 -7.878047 8.214530
