-15.613007 5.725079 13.146938
-6.273961 2.815333 8.084962
2.404146 -3.268791 2.980031
2.035918 -5.458506 5.550239
0.942284 -3.229030 6.700469
2.433492 -4.163435 2.423441
0.595906 -3.555324 3.909082
0.725934 -6.680578 4.752971
1.679700 -4.191185 4.026586
-0.451986 -3.745289 2.956466
-1.447782 -4.178451 3.184725
-3.519449 -3.733148 3.010805
-4.361281 -3.378635 3.297425
-1.353996 -6.643147 5.173881
-0.345379 -1.833613 2.997036
2.279642 -3.236894 4.931186
1.652487 -4.743271 7.212862
0.716907 -4.961607 4.062720
2.324262 -6.043404 4.026526
3.024524 -3.877287 4.279994
2.536000 -2.420801 3.485306
3.278575 -2.048227 2.646501
0.585358 -3.812718 2.437272
-0.210691 -3.823532 5.198758
4.214365 -5.466074 4.430803
1.507733 -2.694059 4.563981
2.019809 -3.503339 3.316338
2.522464 -2.495964 5.098995
2.930075 -3.725805 4.416341
7.603857 -3.147390 2.876961
7.119498 -3.500278 2.812517
8.106566 -5.756601 7.950443
7.178906 -9.244659 4.113689
1.247635 -3.935705 -3.391770
0.785274 -2.580611 -2.601273
2.969033 -4.118019 3.954954
1.104832 -2.876902 3.449267
-4.986241 -3.847980 0.240297
-4.086360 -4.238351 2.607058
-0.672719 -6.556471 4.029063
0.906181 -3.355578 2.632998
-0.297360 -1.768451 -3.770855
-1.454190 -2.873168 -2.648246
0.763285 -2.772853 -2.687263
0.771182 -1.415561 -3.528127
3.480552 -2.650052 -2.492679
4.797348 -3.028587 -2.780015
4.958370 -2.427867 -0.701071
4.340736 -3.694310 -0.978127
3.165735 -2.966673 -2.482505
2.785476 -3.899436 -5.570548
1.855792 -3.941072 -2.831081
0.166335 -2.707394 -2.806913
3.787081 -3.958012 -3.442242
4.073252 -3.663862 -5.115204
1.457510 -3.739339 -7.247957
-1.579797 -3.652120 -3.695739
-3.222158 -5.407550 -1.961058
-3.047264 -5.429042 -1.729534
-2.712444 -6.148142 -1.817264
0.192883 -4.026285 -2.974649
-0.622709 -4.112347 -2.728842
-1.598598 -3.328229 -3.792332
-1.040525 -3.919747 -3.738913
1.693263 -3.261709 -2.957444
0.843115 -3.216141 -4.693160
-0.605702 -1.996730 -2.900059
-0.790806 -1.225619 -3.294337
-0.343209 -0.660811 -1.741672
-3.017471 -3.969799 -1.495150
-2.470999 -2.846342 -3.166922
-2.801649 -3.445099 -0.712724
-2.844300 -4.759905 -2.976620
-1.905873 -1.939929 -4.152409
0.727578 -2.386090 -3.833507
-0.616466 -3.008758 -2.778610
-0.974852 -3.026394 -3.627635
-2.907230 -3.831823 -1.898707
-2.841901 -4.040413 -1.537989
-3.047242 -10.940532 -5.063670
-1.143453 -12.157884 -7.065460
-1.129332 -16.436209 -6.030694
-0.913927 -4.169686 -3.097218
-2.129405 -3.781927 -2.125567
-4.813213 -5.547759 -5.206452
-4.434543 -5.795105 -3.812517
-2.901237 -6.349336 -3.664209
-2.764930 -6.111125 -2.196230
-3.469576 -3.089341 -3.281742
-0.797343 -4.059587 -2.649315
-1.267836 -3.014482 -4.606283
0.458926 -2.715060 -3.894273
2.186579 -3.881257 -6.136066
1.629867 -2.828649 -4.193525
6.220400 -15.235917 -3.383942
6.929231 -13.250448 -9.755785
5.769360 -10.963874 -6.405560
6.065082 -10.798176 -8.149572
8.682257 -8.699703 -8.500506
7.599646 -12.535074 -8.248082
4.294173 -3.768243 -6.169873
2.995847 -3.910191 -4.062823
0.190692 -3.586469 -4.514759
1.325694 -1.943053 -5.302838
-3.907610 -3.806158 -1.124537
-3.029704 -4.577070 -3.239345
-3.097364 -7.280189 -1.112352
-5.002514 -10.144864 0.452607
-2.827218 -7.631884 3.305690
-5.154142 -12.416828 4.786137
-0.066693 -12.920599 7.908487
9.215611 -7.888445 -2.728056
3.700538 -3.559097 -3.006085
7.437155 -3.282225 -1.160884
7.712874 -8.660881 1.845208
8.114676 -8.158394 -4.840911
8.113119 -7.519785 -2.806744
2.975807 -4.527614 -9.359077
6.196854 -11.694441 -10.136154
3.628220 -12.781551 -6.025073
2.434647 -8.896284 -7.016364
5.214077 -7.875952 -6.144966
4.115191 -2.163642 -6.863469
4.838240 -4.027060 2.366403
4.485535 -3.399861 -5.114243
4.221223 -3.068312 -1.950782
4.894126 -2.762401 -3.288745
8.446907 -1.650086 0.228042
9.343717 -3.190215 0.097338
7.748085 -5.777725 -2.337461
8.514225 -7.059510 -3.704508
9.888257 -3.382525 -3.439001
5.544552 -3.030301 -3.051902
4.055749 -2.230836 -2.380261
2.806982 -2.363689 -2.689169
1.251192 -3.554629 -2.732161
1.209231 -3.431678 -3.272915
1.411019 -2.676383 -3.602015
0.982356 -4.418293 -6.788782
-1.953130 -5.253831 -8.728055
0.333642 -2.924631 -3.793922
-2.304119 -3.397082 -3.087359
-2.220330 -3.811012 -1.771367
-2.260816 -3.400940 -3.096859
-2.992580 -4.511662 -1.825760
-4.382679 -7.893921 -2.248502
-2.270477 -2.613228 -3.961202
-2.067645 -1.843659 -2.708084
1.063746 -4.007507 -4.012273
-1.446504 -3.325703 -5.590069
-1.086196 -3.257298 -7.761249
3.843167 -7.126138 -6.906947
5.293445 -9.160674 -6.247812
1.319743 -7.207948 -8.119689
2.251969 -4.908405 -6.540070
3.468399 -5.160436 -7.623630
1.607022 -4.953500 -6.077685
3.620893 -2.158751 -4.181059
3.916497 -3.709034 -2.167601
3.055728 -3.781142 -5.430425
3.816782 -2.235605 -1.388755
3.114166 -3.600553 -1.342718
3.588551 -2.901534 -3.646739
1.933829 -3.970803 -5.384336
2.125585 -2.267549 -4.476159
1.027854 -1.665575 -3.114608
2.418405 -2.486644 -4.939697
2.813911 -2.856868 -4.591246
1.867742 -3.791272 -2.784032
1.566247 -2.354963 -2.810973
1.685772 -3.078570 -3.544837
1.653297 -2.755709 -6.416647
5.322021 -8.063110 -6.767401
0.896305 -6.639090 -7.289878
-0.405009 -4.333571 -7.913287
2.456335 -3.342749 -3.602565
-3.341165 -3.922415 -3.372566
-4.659222 -7.349716 -2.504496
-6.020610 -5.865352 0.184380
-5.575770 -5.519403 1.590982
-2.142983 -3.524560 -1.296489
-2.113768 -3.411424 3.618226
-2.093227 -3.765059 3.659863
-2.549870 -2.786643 2.462841
-4.649429 -4.769771 -2.823055
-1.959578 -2.749006 -4.306424
0.459636 -4.116477 -4.404898
1.392053 -3.020769 -3.441179
0.291428 -1.738344 -2.988655
2.457525 -3.958000 -3.058563
5.376019 -2.269344 -2.483482
2.953992 -2.885256 -6.956501
3.108571 -2.825178 -5.873547
5.429349 -10.012556 -9.653411
-0.906694 -7.712301 -7.995445
4.556261 -9.104651 -6.543467
4.126826 -9.004036 -6.037219
1.877283 -14.376033 -3.229748
4.904062 -8.702648 6.368230
2.069156 -8.614171 4.759408
0.271500 -11.782923 4.310211
-1.076432 -12.161129 5.598639
-8.334830 -15.763433 1.563590
-6.447133 -9.261658 -1.087588
-4.196442 -8.160975 -1.106654
-5.922956 -9.680249 -1.585434
-3.880084 -4.877899 -1.133170
-3.419497 -2.661145 -2.424313
-3.528748 -3.888963 -2.667933
0.533621 -2.389111 -2.897099
1.608584 -2.645906 -4.316110
-0.699043 -3.418501 -3.465827
-1.336323 -3.937499 -2.930746
4.142560 -3.802150 -4.859136
3.664959 -6.606081 -6.170606
4.281126 -5.398680 -7.403419
5.314773 -8.756019 -6.865550
6.265930 -7.734597 -7.248631
4.439407 -5.456317 -7.175835
4.762331 -3.340169 -4.218423
2.160420 -3.767577 -3.221483
3.733536 -3.465689 -5.341767
-0.913416 -4.275335 -6.266277
1.200189 -2.660011 -4.478963
0.770581 -3.162578 -2.793799
-3.118878 -8.726401 -5.886597
-4.849884 -5.716066 2.012927
-5.800916 -3.499910 0.302791
-3.590794 -5.559141 -0.198719
7.396244 -5.110497 -0.247775
1.747098 -3.760522 3.729769
1.286805 -4.836096 4.677227
2.566885 -4.154110 5.803936
-2.232550 -5.391481 4.409765
3.550295 -4.141346 -1.107201
4.809258 -3.972500 -1.013582
3.978389 -2.828825 -1.945647
1.723642 -2.633303 -5.399551
2.893945 -3.654633 -5.310702
5.470140 -3.413729 -0.844393
4.090857 -3.217982 -1.177757
3.721403 -4.130921 -0.983143
3.621294 -2.946720 -1.850968
5.783289 -2.906937 -2.192811
3.998979 -1.899677 0.244743
3.120536 -3.682340 -0.796320
3.480898 -3.771325 -2.774985
2.425917 -4.128258 -3.366115
2.605233 -3.292125 -2.888631
2.551340 -2.872508 -4.038913
3.493986 -3.958488 -1.888544
3.350293 -2.741457 -4.546020
3.328890 -2.676953 -1.819747
4.124986 -2.677001 -2.925840
3.852616 -2.632978 -3.481467
3.137403 -3.616002 -2.750629
0.459961 -2.529491 -4.032017
-2.399027 -3.500608 -3.368187
-1.051369 -3.358629 -2.986990
-2.693566 -2.657457 -3.558074
-3.329466 -4.634548 -3.578802
-2.698205 -3.862155 -1.453606
-3.465389 -1.387583 -0.589673
-4.468794 -3.532967 -1.809918
-0.936459 -2.182663 -3.746656
2.072991 -3.830004 -3.177155
-0.978655 -4.137113 -4.765893
-0.450466 -3.479266 -3.339174
-1.690822 -1.009953 -2.641695
1.116480 -2.674176 -3.129272
2.620277 -3.669304 -3.811639
-0.040520 -3.143890 -8.011448
-2.813950 -4.571308 -6.825114
-1.703601 -2.070138 -4.670082
-3.419210 -3.551003 -2.758389
-0.653116 -1.980489 -4.132944
-1.452932 -3.308387 -3.306517
-1.647851 -3.038877 -3.289272
-2.725817 -4.018243 -2.170241
-3.339266 -5.379656 -4.619446
0.750928 -2.403597 -3.483124
-0.790138 -1.990457 -3.230674
0.160642 -4.088089 -3.959455
0.189443 -2.706654 -2.880715
0.782077 -3.425782 -5.083883
-0.042941 -2.877325 -3.482415
0.150003 -5.589416 -7.882662
2.623776 -6.121809 -7.240881
4.002444 -10.475786 -12.594042
2.491153 -4.729705 -7.205818
1.028676 -5.490621 -7.625639
-2.692223 -6.537163 -8.440553
-1.388411 -6.991125 -7.201649
-6.804350 -6.003486 -9.790584
-7.634740 -9.471935 -5.392708
-3.966377 -6.960682 -2.959052
-2.791112 -5.899459 -4.384908
-3.808695 -3.479240 -4.406596
-1.996737 -4.154426 -2.509766
-0.854569 -2.576032 -3.630298
1.147517 -3.237698 -5.009116
1.839221 -3.535256 -4.363551
-1.048018 -3.674015 -3.506364
-3.414266 -2.973493 -2.988472
-4.825969 -4.879206 -4.352859
-3.481101 -4.519973 -3.949399
-4.136370 -7.244436 -2.169077
-5.023490 -8.662446 0.642119
-3.238024 -6.131896 -2.764499
-3.295353 -4.915835 2.678538
-2.018763 -2.519484 4.723049
-3.900083 -3.465877 4.262341
-1.008482 -3.557398 4.640414
-3.721553 -3.858624 4.858690
-2.800650 -5.439237 2.838173
-2.955603 -5.101398 1.911010
-3.250556 -4.293798 1.767632
-4.496913 -5.304965 -3.321960
-2.397085 -3.276503 -1.795952
-3.155399 -3.681129 -2.580075
1.279408 -3.017267 -2.677912
1.555256 -3.744929 -2.632318
0.115411 -3.529619 -2.829619
3.659956 -3.891777 -1.749856
6.130919 -2.822939 -2.082808
3.425219 -4.039579 -1.146334
3.386780 -3.924733 1.420796
5.660121 -4.125868 -0.368048
