15.586905 -11.517180 -19.932137
8.346217 1.037438 -6.551035
4.634620 1.614829 -5.883616
6.543946 0.663432 -6.704008
8.642873 1.527583 -3.245612
7.727555 0.398026 -3.299068
9.492126 -1.537831 -5.484737
5.354318 -1.660185 -3.056239
4.378088 -2.123668 0.277356
4.276121 -1.127742 0.859717
3.442051 -1.262959 3.397152
1.993019 -1.738196 3.296159
0.709541 1.134803 3.594353
0.773354 1.612691 3.060392
2.197246 2.220065 5.937241
1.714503 2.997716 5.057224
3.486192 4.608070 4.613225
5.058277 18.893202 18.072479
