1.485846 -3.375127 15.046236
3.301359 3.916182 6.589982
3.400605 4.082482 4.605865
2.360938 3.033334 4.639572
0.237331 1.845863 4.040135
-0.168086 2.696254 2.196408
2.023331 1.399392 2.867329
1.873401 0.713887 3.007005
-0.753567 2.903335 4.193161
1.173677 2.438828 3.467535
1.431374 2.614875 2.256707
0.907281 3.358447 1.302654
1.988569 3.685918 0.652674
2.168757 1.329848 -6.772836
1.707798 0.411484 -7.291708
5.494497 3.701507 -6.899801
3.205696 2.260540 -6.054254
2.511318 -0.206385 -8.571654
2.062312 0.012351 -6.089982
1.553287 1.519744 -5.682129
0.615848 0.912192 -4.009334
1.464352 0.115495 -4.581918
1.398965 -3.449930 -3.797706
2.675996 -1.641918 -4.975991
2.779538 1.460912 -11.028132
4.412024 1.541123 -7.485080
5.364977 2.085196 -9.004752
10.916409 4.703035 0.943201
7.519634 3.803302 2.761961
9.035376 3.371247 -3.216522
7.454422 2.598534 -4.710995
10.386845 -1.135120 -11.545708
6.491150 2.053020 -5.609375
3.391839 -0.642663 -5.769179
2.088491 -0.637935 -5.960888
1.250311 0.293190 -2.694777
1.552436 -0.370560 -1.748951
2.112255 -0.446446 -3.371481
1.458538 -3.745337 -4.859839
4.474608 -3.851328 -2.347066
6.723304 -6.994853 -6.376490
6.123876 -5.109158 -7.832338
9.673000 -14.935725 -5.121687
5.892109 -14.904956 -5.005156
15.445538 -12.096712 -7.023241
13.671425 -10.782047 -9.461951
-3.098147 -7.854266 -6.947536
3.320802 -3.238974 -2.346872
2.324304 -3.977471 -3.328220
-4.363448 -3.297757 -1.564379
-2.695894 -5.216002 -1.984465
-2.840732 -3.052687 -2.690996
2.392908 -3.414889 -2.987930
3.322166 -2.089585 1.082930
3.181623 -3.651730 0.718403
3.276937 -3.506021 -1.809731
5.670911 -3.109538 -5.030799
5.685016 -2.464326 -5.121885
5.690831 -3.036872 -1.417400
6.082266 -1.001415 -1.360618
6.697155 -1.203072 -1.321555
9.921528 -0.701924 -1.765833
7.430322 0.652541 -3.195463
7.392467 3.409088 -0.182391
4.008679 -1.238120 -1.593617
3.650197 -1.278632 -1.776609
3.572376 -1.479559 -1.542218
4.480104 -3.612049 -0.837051
3.327589 -3.815889 -1.485157
3.396040 -1.557895 1.005804
4.353306 -2.861416 0.834278
3.891624 -3.918715 0.225835
3.266866 -1.124852 0.936439
2.699312 -1.720722 -2.840299
2.891801 -1.252410 -2.623518
0.216733 2.332489 -2.754800
1.964048 2.680108 -4.031648
1.903482 3.009939 -4.685290
1.323677 2.023577 -4.975270
1.330052 1.617226 -3.587126
3.455592 0.850747 -9.742809
1.874926 -0.753241 -4.432299
0.101443 -2.085506 -3.210484
3.360106 -1.197750 -3.275572
5.573795 -0.980503 -4.432729
2.569890 -1.969234 -3.532160
1.751132 -2.261964 -5.439826
3.507319 2.314902 -7.838997
2.715603 1.061952 -5.954765
0.168519 -1.162284 -5.280409
2.649236 -2.699498 -4.481415
1.366174 -1.963019 -3.649614
2.036900 1.734910 -2.728432
1.329604 0.469672 -3.989210
-0.071278 0.223541 -5.547279
2.781441 1.104375 -6.454254
3.197042 -0.843749 -5.656061
2.119844 0.255538 -6.337107
3.317089 0.786094 -5.814005
2.202423 0.852698 -8.250542
1.245340 2.631748 -2.533754
1.861528 5.278189 -0.095835
1.495125 5.489725 -2.422691
1.658213 3.019902 -3.254707
1.784694 0.402106 -2.807094
1.276740 1.078171 -4.543199
2.127488 0.948056 -3.599617
2.136341 0.932354 -3.237428
1.128312 0.603523 -5.908066
1.881565 0.336201 -4.882628
2.457460 -1.361585 -9.770829
2.558418 -0.740022 -5.787747
2.911000 0.151476 -7.561205
2.331372 -1.504245 -6.630988
3.113260 -1.089236 -4.768512
1.427035 -1.001505 -4.157435
2.103378 0.394834 -3.438118
1.025699 3.282510 -3.785373
0.892656 3.110462 -6.143315
5.206901 3.248676 -6.263969
3.830289 5.197775 -7.538999
3.948621 5.003301 -5.659348
3.953017 1.216928 -6.171108
2.031656 -1.300980 -5.610564
5.094479 -1.891979 -3.419448
3.648268 -0.230235 -6.602315
3.487207 2.196659 -5.972512
2.384179 0.730391 -5.579640
2.008087 1.120894 -2.813120
1.137446 2.642112 -4.478059
2.100253 2.085585 -2.723816
1.725528 3.361054 -3.630992
8.422372 3.173790 -3.463947
3.989667 3.657166 -5.867972
4.880531 2.405946 -6.745450
5.846101 1.351068 -8.206452
5.949975 4.753232 -5.766972
8.845286 5.083197 -6.397832
4.407896 3.379596 -9.129183
5.626333 -0.302380 -6.392379
7.569049 -2.665995 -5.934125
5.956262 -1.237547 -3.224091
8.432704 -4.398688 -1.042824
7.774228 -9.419682 -0.739395
7.497062 -16.960283 -6.077469
14.170268 -13.366922 -4.847434
5.563299 -1.026853 -4.457759
4.719697 -3.275774 -5.321743
3.421630 0.701382 -6.387057
4.425531 -0.022374 -5.554381
4.221134 0.709885 -5.618014
5.562012 2.283640 -5.689139
6.458727 -1.226955 -9.181082
3.550483 0.795832 -6.186043
2.011564 1.163036 -6.619231
0.983858 3.123031 -4.399249
3.184764 4.165461 -6.717839
4.623261 11.766930 -17.866640
