8.345261 -1.106446 -12.776903
1.446395 -3.047935 -2.760002
-1.234766 -3.204473 -3.472686
-2.256121 -2.192967 -2.584877
1.671257 -1.701321 -2.756052
4.426469 -3.925437 -3.142724
4.246858 -1.188424 -1.190854
3.186290 -2.772602 -3.848425
2.163100 -3.133385 -4.978797
1.525584 0.757408 -3.872841
1.620128 0.423365 -4.016970
1.861427 1.744719 -3.640307
0.074954 0.437127 -3.134731
1.737172 1.128683 -3.612915
1.775137 -1.494925 -3.120066
2.791823 0.027339 -5.870682
2.344115 0.919621 -5.697469
2.978733 -0.668522 -6.137650
-0.021637 -0.087539 -7.665507
6.518074 -0.425091 -6.509839
9.539842 -4.306259 -8.879084
7.247305 2.346538 -5.074639
7.431049 2.224853 -4.298765
9.895084 0.201480 -2.349570
