18.320637 -4.184468 0.280317
10.294547 -3.936685 0.670471
7.853499 -5.375742 1.540885
8.107181 -11.408691 1.831914
7.411609 -16.862930 -2.024140
-2.073888 -3.680242 -2.101850
-2.423441 -2.517133 -4.196640
-0.092845 -3.112968 -3.505447
3.397098 -6.610423 -7.349720
0.338133 -4.981033 -6.691078
3.458972 -2.583022 -2.833560
2.081957 -1.748108 -2.608427
1.006008 -3.120473 -3.451544
1.079030 -3.513512 -4.093582
3.355971 -4.041193 -4.459000
1.084047 -3.348158 -4.047179
-2.224956 -3.607196 -1.726120
-2.096028 -2.428432 -0.015568
-2.466993 -2.896491 0.886472
-3.357269 -3.078968 -1.113324
-1.216284 -3.620864 -4.856486
0.205674 -3.118643 -5.216554
0.907670 -3.592037 -3.253242
-0.254085 -4.295680 -8.271303
-0.747203 -4.633367 -6.605927
0.655317 -6.991028 -6.067886
0.474248 -6.832330 -10.154829
0.989919 -7.205716 -7.570855
-3.232175 -6.026777 -6.063000
-3.269472 -7.694288 -4.105215
-3.637487 -7.042326 -4.206775
-3.148435 -6.909598 -3.706031
-2.764339 -4.040704 -2.026450
-2.186886 -3.522354 -0.545632
-3.089869 -2.837731 -3.155145
-4.606151 -4.349752 -1.851994
-0.620382 -3.742086 -3.645232
5.342062 -4.169289 -1.714385
4.707172 -9.257117 -6.100453
3.277963 -8.406002 -6.477923
3.386489 -3.794364 -0.851214
1.728023 -8.056336 -6.256482
3.867438 -15.673322 -12.259893
4.275386 -7.066759 -8.084546
2.414054 -8.347977 -7.222634
0.705056 -8.597813 -6.160812
4.818599 -4.034036 -6.376549
2.436455 -3.879010 -4.936376
2.574060 -2.055139 -2.848922
1.379238 -1.630603 -2.946907
2.038656 -2.046700 -2.717799
1.636505 -2.652005 -3.172231
1.888728 -3.102499 -3.904590
3.849132 -4.145851 -1.947820
4.429909 -3.392766 -1.028124
3.111232 -3.177326 1.303921
4.415111 -2.423074 -1.751500
4.863436 -1.411440 -1.802643
5.101977 -2.446100 -3.314245
1.962831 -3.692503 -2.772972
4.681098 -2.369627 -4.781649
2.275746 -3.023151 -5.728385
3.904813 -3.920036 -1.911305
4.418427 -3.713473 -4.842055
5.542022 -3.801635 -3.802810
6.863792 -3.756202 -1.625130
7.603484 -4.047377 -3.264999
3.289694 -2.973826 -1.442224
3.937959 -4.004766 -3.127988
6.902173 -2.564542 -1.212837
8.999447 -3.325653 -1.717933
7.606148 -6.068975 -1.765958
11.562678 -8.334995 -4.249075
14.442290 -12.242224 -6.903470
