5.695807 -4.076020 -0.864385
2.862559 -3.927910 -3.348440
-0.090569 -4.089026 -4.484166
0.339581 -2.119394 -4.439371
-0.898771 -3.539092 -4.001235
1.429266 -4.279613 4.800263
2.811474 -5.348426 6.022622
1.706836 -4.775323 7.024281
0.892497 -6.203241 4.238132
0.883713 -2.001247 2.866860
0.014511 -3.723897 2.502476
3.364301 -3.116292 0.067390
3.396457 -3.121349 -3.471749
3.624150 -9.548844 -7.450088
6.038833 -10.994872 -8.418738
2.719852 -12.531581 -7.097597
1.235711 -14.672410 -7.877051
-0.060633 -9.586063 -6.592661
0.814419 -6.482734 -7.633267
0.096759 -7.633470 -10.290544
-3.533492 -13.046585 -13.485760
-0.336217 -6.113552 -6.968775
0.376968 -5.713927 -7.159845
-2.730711 -5.950271 -7.335251
-3.853934 -5.565731 -3.272531
-3.271792 -5.604631 -5.083700
-3.281594 -9.767506 -8.331575
-0.102423 -8.840143 -8.190067
-0.488995 -7.429457 -6.623579
-2.888333 -4.442043 -7.167508
0.325493 -6.366916 -7.778825
7.952264 -2.326317 -5.905320
9.561944 -7.283566 -4.870914
7.725201 -12.795254 -4.289320
6.100513 -18.035742 -15.049038
4.589532 -13.929710 -8.526914
5.643589 -6.154307 -8.149065
4.633060 -11.757665 -6.541642
4.069079 -8.022581 -6.297157
8.169188 -5.937891 -7.714283
4.714864 -1.726234 -4.290117
2.821725 -1.115786 -3.272207
0.414666 -2.940661 -3.295724
-2.134511 -3.404106 -2.669701
-2.797364 -1.989515 -0.730176
-3.617412 -5.646502 -1.275384
-3.098894 -5.698961 -1.975543
-3.682773 -5.546384 -2.624170
-5.162953 -5.210751 -5.884258
-2.438179 -4.008895 -3.967884
-4.676582 -4.886039 -1.252826
-3.326216 -7.491116 0.722477
-5.437254 -6.697315 3.143683
-4.025004 -6.723482 2.739002
-3.493606 -3.516860 2.684798
-2.319556 -2.984807 3.165265
-2.899951 -4.588113 7.025911
-1.256194 -2.118341 2.646900
-1.476430 -3.657861 2.818844
1.637488 -3.810732 4.860962
3.701707 -5.816870 4.987455
1.158383 -7.954083 4.531527
-2.183755 -7.620930 6.332118
0.572071 -6.407346 4.095300
-0.844182 -7.638673 4.337648
-1.000013 -8.650228 4.217057
-0.841739 -12.463785 5.159923
1.264786 -7.722470 5.901707
-2.602225 -7.798613 7.080675
-3.088247 -4.528245 3.185882
-2.260400 -5.683218 5.971042
-1.032477 -4.094058 4.021532
-3.004006 -2.767392 1.432014
-2.731807 -4.668758 -3.047264
-2.818533 -3.319119 -2.295494
-0.747753 -1.982848 -3.103546
0.738065 -2.609222 -3.078887
-0.897071 -2.732685 -2.606162
-1.348413 -2.264204 -3.656920
-3.359789 -2.989774 -2.497979
-1.317424 -2.501652 -3.487299
0.263609 -4.006198 -4.129813
-2.947002 -2.927383 -5.927692
5.336114 -10.181268 -8.971234
4.830853 -5.566429 -9.064688
6.051199 -16.449986 -14.975179
