13.550930 -2.600591 9.182227
11.331517 -8.165561 1.279175
8.628934 -9.141384 -3.173902
7.733785 -8.150165 -1.762952
8.775183 -4.451537 -1.448133
9.267691 -6.273803 0.195860
1.033324 -3.243353 -3.575347
-3.125382 -4.521734 1.719099
-5.013035 -6.827486 0.880461
1.363205 -3.549664 -4.450271
-2.949625 -5.076069 0.529706
-5.047637 -10.382710 -2.837929
-3.906842 -3.237535 -0.219626
-2.759862 -2.506621 -3.426856
-1.572025 -3.958083 -2.678053
-1.006436 -2.030205 -3.318717
-1.649679 -7.114879 -6.817387
2.059528 -14.426652 -7.794240
2.539312 -16.151777 -2.417288
1.054982 -3.104121 3.459296
0.652126 -3.954742 2.562077
4.127517 -6.604542 4.336891
1.524141 -4.084363 3.383358
2.793133 -3.130409 -2.704310
1.183340 -3.400417 -2.731590
3.696124 -3.819803 -1.692340
-3.104295 -3.387116 1.240903
-2.518460 -3.105996 1.811265
0.755940 -7.299528 5.677183
1.273975 -2.017592 -2.865872
3.237805 -1.858266 -1.354443
3.863950 -2.629148 -0.694466
5.307631 -3.801557 -2.997250
4.891840 -4.106041 -2.148464
5.086023 -2.638354 -2.345807
-0.843822 -2.325632 -3.899135
-0.471520 -2.428886 -3.741696
2.727780 -3.288756 -3.451489
1.261503 -3.411400 -3.644426
1.207460 -3.782700 -2.641354
4.447014 -3.415645 -3.870063
3.098368 -3.628586 -1.971771
0.925543 -3.798515 -3.228749
-0.067033 -3.354879 -3.154577
-0.136065 -2.627744 -2.619534
-1.134469 -2.844455 -4.514461
1.807664 -2.669827 -4.738741
1.383154 -3.156482 -5.177226
4.052122 -3.408911 -3.439767
2.653684 -2.661407 -4.226844
3.249645 -3.306645 -4.253055
-0.212361 -2.163252 -4.816417
-1.407800 -3.344238 -3.211482
-1.977381 -2.435300 -3.772130
1.419562 -9.925265 -7.337302
4.036971 -9.932916 -7.355988
0.948266 -8.088758 -7.456377
-1.537365 -5.867179 -6.550939
1.735752 -2.541364 -6.796553
-0.055198 -2.381462 -2.623275
-0.227504 -3.659687 -3.126019
-0.152773 -3.889361 -3.681593
-2.575110 -3.061382 -2.176850
-2.421458 -1.645832 -1.454877
-3.807723 -3.765978 2.355015
-2.642953 -2.773860 0.949022
-1.922320 -2.069762 -3.661001
-0.463896 -2.663680 -4.964152
4.557734 -3.728255 -4.015958
1.829880 -2.897206 -6.056393
3.117444 -3.802901 -6.146669
4.578559 -7.841753 -7.112923
-3.521743 -10.075604 -2.729664
3.820523 -4.031126 2.585917
3.440652 -2.654432 1.253217
2.128168 -4.046972 -3.177186
0.208318 -3.995707 -3.186810
-2.835637 -12.140038 -4.408483
-4.758602 -9.815566 3.609492
-4.039504 -10.417377 3.096763
-3.446617 -9.684396 2.290438
-3.696909 -7.223938 -0.556622
-4.094812 -8.372289 -2.385921
-6.565666 -8.203511 -1.090430
3.156168 -3.080087 1.622143
7.920265 -4.363779 4.984302
6.300354 -5.487132 7.245532
5.012209 -4.013489 5.020335
5.226343 -3.837202 -2.488816
6.016302 -3.040549 -5.483849
5.976582 -2.855724 -7.912931
5.442310 -5.939835 -6.042611
4.915756 -4.630728 -7.211056
3.852629 -5.996078 -7.637032
3.254863 -4.285443 -6.754395
6.063318 -3.909519 -4.616062
7.806731 -2.367942 -6.832260
9.987395 -18.835398 -7.576086
12.293344 -19.246691 -4.940634
10.882474 -10.483827 -4.377268
8.367278 -6.680633 -5.006523
7.427959 -6.173844 -2.354598
7.484084 -8.682973 -1.397578
7.668053 -8.759236 2.211140
11.051349 -7.309841 2.165248
8.146128 -8.600609 -1.775391
8.230050 -9.777934 1.572410
11.455616 -8.551046 -3.230241
6.087484 -13.109346 -9.891254
1.286611 -6.581878 -7.417218
-4.235833 -8.845588 -7.382886
-1.846238 -7.573347 -8.810578
-1.604962 -9.169649 -9.156631
-3.411647 -5.313957 -4.200729
-2.959916 -4.000633 -2.314656
-2.934713 -4.413102 -4.257731
-4.959991 -7.356928 0.153395
-3.130482 -7.298827 0.605522
-3.650847 -5.597978 1.780658
-1.324927 -5.292365 4.126124
-2.216371 -3.980931 2.561893
-3.101413 -3.254686 -1.375443
-2.693824 -3.342178 -2.474123
-3.233233 -4.003321 -3.407337
5.475909 -2.685393 0.639260
4.674623 -1.898205 0.870579
5.171041 -4.156477 1.936970
5.498079 -3.307556 0.661128
12.281461 -0.196838 -4.298320
9.727883 -5.642436 -3.943245
9.001709 -5.151105 -0.752427
7.169258 -2.914023 -0.943522
9.017040 -5.720974 -3.475450
9.682908 -4.667608 -4.280622
7.185930 -6.517971 -6.377696
6.180648 -6.939915 -6.196696
4.075896 -4.920271 -8.967238
4.427854 -3.618264 -5.740316
-2.677346 -3.182016 -2.451069
-3.076849 -4.815318 -3.553511
-2.352598 -3.499260 -4.130307
0.027772 -3.563004 -3.944162
-0.090454 -3.819777 -4.114277
-0.123531 -3.517661 -4.926574
-2.094217 -3.717225 -3.894063
0.031906 -2.191712 -2.741217
-2.427180 -3.426267 -2.417163
-1.890342 -3.478499 -3.625304
-1.837345 -3.434196 -3.797247
3.608584 -2.133329 -0.405114
4.512928 -1.983741 1.704902
3.610281 -2.428375 2.437504
1.750705 -2.132368 2.458412
0.285110 -4.006417 4.022022
3.216191 -7.444225 4.985131
5.145912 -7.062063 4.605461
3.819756 -7.086505 5.678653
1.338786 -2.624729 3.260128
0.416549 -2.332313 2.665296
7.708533 -6.444803 0.708596
4.737988 -3.163428 -0.690865
-0.336830 -3.382949 2.516663
1.107421 -5.617699 4.475050
-0.632799 -5.393740 5.618650
3.120427 -4.176675 1.114605
2.925926 -5.757030 -6.635361
3.009621 -1.362174 -4.221374
1.546613 -3.902388 -5.082784
2.338548 -3.794800 -4.368582
2.744618 -4.152900 -2.677849
2.132500 -3.506019 -2.634525
3.198718 -3.720328 -4.351392
1.462401 -3.950870 -3.660683
-0.893766 -2.581445 -5.297240
-0.481724 -2.633968 -4.730339
-0.282627 -6.871781 -6.231816
-0.386738 -6.761201 -6.135215
0.619353 -7.298925 -6.321423
0.705967 -4.514089 -7.663302
3.750178 -9.180249 -8.380725
2.641536 -3.937222 -4.560428
1.068080 -2.302082 -4.109105
1.378035 -2.605393 -3.835067
1.925150 -3.987484 -5.216694
1.537973 -3.410915 -3.189431
0.946988 -3.481633 -3.552500
1.496206 -5.496868 -6.922843
2.414339 -8.702545 -6.770946
5.213535 -5.684949 -6.797966
10.966150 -6.237360 -11.608478
5.455873 -9.680599 -7.236097
0.352081 -6.220321 -8.159112
-3.189261 -2.662272 -7.168444
-3.740297 -5.158076 -3.398541
-2.100009 -3.063143 -0.905733
-4.709766 -6.908582 -1.799875
-4.130041 -5.144587 -0.078127
-4.241905 -3.613513 1.147089
-3.550508 -5.827009 -3.764288
-1.030036 -5.744254 -6.185029
2.712142 -4.183070 -6.913351
-2.300132 -3.102009 -3.492463
-1.858084 -4.165866 -4.193492
-2.443460 -3.835119 -3.495677
-0.398585 -2.791274 -4.160196
1.146082 -2.468393 -4.322741
3.191067 -2.922001 -2.663184
2.022171 -3.994832 -3.305419
0.905493 -3.667784 -3.708778
2.749744 -4.137872 -5.522416
4.641708 -3.835250 -4.075373
3.444638 -4.057004 -3.432977
3.171144 -4.037817 -0.292353
3.495034 -3.991038 -1.780453
4.068924 -3.584334 -0.619882
3.279442 -3.484666 -0.809841
4.508108 -2.403464 -1.688928
9.700375 -1.688412 -6.799386
8.223845 -5.892234 -5.801497
7.167861 -7.247013 -7.122222
7.882202 -7.994615 -5.789279
3.370329 -3.264411 -4.399842
2.129214 -2.399909 -2.795697
2.488544 -3.227895 -3.832549
5.571245 -3.356224 -5.610309
5.741697 -3.082800 -4.036368
1.373600 -2.722000 -2.607803
-2.512431 -4.042188 -3.176294
-4.654720 -4.838291 -5.322151
-2.244169 -3.965419 -5.866972
-0.670338 -2.669615 -4.839913
-0.938239 -2.653597 -5.926834
-0.697684 -4.764231 -6.133052
-0.413027 -4.528031 -8.088328
0.147700 -3.111578 -5.119903
1.353028 -2.667293 -4.018247
0.777031 -2.574847 -4.307075
3.539082 -1.996898 -0.833339
5.047629 -3.149249 0.530758
3.628051 -3.715794 2.243629
3.756598 -4.036320 -0.500442
4.696948 -3.858679 -0.606245
6.090669 -3.091253 -2.827132
1.765678 -4.069102 -2.997956
4.702573 -2.223932 -4.038222
2.089557 -3.938770 -2.911234
1.717019 -2.877809 -3.470711
4.103992 -3.635207 -4.810394
2.663279 -3.054455 -5.135075
3.689440 -3.207168 0.945903
3.945258 -2.403338 2.571985
4.076376 -3.270649 -0.777174
5.794323 -3.470509 2.238956
3.198318 -3.969465 -0.597793
6.886861 -3.763868 1.748449
6.041300 -2.382129 -1.014121
4.341666 -2.694123 -0.918263
3.442839 -1.872807 0.155811
4.419698 -2.296689 -1.517076
3.462449 -4.059724 -0.578669
2.944226 -3.195642 -3.331388
2.279771 -3.163246 -3.033064
0.482070 -2.499586 -5.341862
-0.015209 -2.709721 -3.762132
1.870450 -1.372917 -3.134237
2.214544 -1.212671 -3.017752
-4.998969 -3.119271 -1.572329
-3.445427 -2.226018 -0.657475
-3.028363 -3.966894 1.441249
-5.017364 -8.474604 3.268138
-3.503589 -5.161906 0.611194
-2.887004 -3.975673 2.048867
-3.618369 -6.672950 4.615306
-3.219265 -3.034554 1.680103
-1.984216 -2.706981 1.249110
-4.412205 -2.900496 2.001017
-2.127825 -3.558502 1.084926
-1.305411 -3.736359 2.979876
-0.951278 -3.191792 2.523997
-4.073998 -3.015760 5.058469
-5.590776 -3.242698 4.689371
0.129890 -2.063514 5.175499
0.279894 -4.768283 6.012805
-2.765110 -4.823312 6.074617
-2.156942 -2.828965 1.248227
-3.312343 -4.199051 3.638811
-2.762902 -3.658470 2.910028
-2.325014 -3.843673 2.816188
-1.635618 -1.229976 5.114755
-3.158859 -2.545341 2.630307
-2.500196 -5.698040 4.906876
0.014858 -3.240618 4.338201
-1.273206 -7.079600 4.374431
-1.196805 -9.527176 6.303637
-4.422900 -4.623015 3.072805
-0.772001 -2.886639 3.237516
5.081148 -2.383688 0.580081
5.075014 -2.698745 0.288420
5.733087 -3.849494 -1.957784
3.324893 -1.701663 -4.252539
5.089222 -2.486614 -5.048296
4.125230 -3.235593 -4.826989
4.814888 -2.308726 -4.452182
3.099339 -3.835444 -1.624368
8.330153 -5.381107 1.680301
7.562413 -6.344441 -2.522795
-1.783157 -4.118629 -3.412558
0.632418 -4.045414 -6.747375
3.098079 -4.340605 -6.036723
8.600713 -10.636530 -8.193921
2.495464 -4.012985 -3.896152
2.611134 -6.970466 -6.229259
1.807378 -2.860086 -6.731878
4.817451 -3.852136 -4.472646
2.705525 -2.890875 -5.252175
4.223737 -2.543450 1.481999
4.553459 -2.521739 1.323902
5.368231 -3.723087 1.637749
3.295852 -4.140411 1.467090
3.125794 -3.776427 1.056736
4.345944 -3.583773 4.281033
3.878576 -3.009829 4.564808
1.850513 -2.529099 5.680736
2.589036 -6.201557 5.812067
3.772731 -1.867425 5.055888
3.574043 -3.839976 2.820509
3.933099 -3.119585 -0.659282
3.225490 -1.370782 -0.355415
3.503539 -3.373304 -2.734620
3.344023 -2.516650 -5.249213
0.666734 -3.841158 -6.015461
2.442824 -8.754054 -7.380859
3.544466 -5.112023 -7.302388
5.173390 -1.920455 -3.978093
3.350535 -3.313177 -1.704401
4.884357 -0.659654 -6.156003
1.022452 -2.758954 -5.075891
3.562655 -1.296198 -3.615525
1.775589 -2.151502 -3.725100
0.642191 -3.204174 -2.894120
1.639734 -3.989487 -3.117787
2.674151 -4.017680 -2.831683
1.911736 -3.210649 -3.424880
0.964028 -3.572936 -4.165227
3.388022 -3.748338 -4.765429
3.202710 -4.071949 -4.548225
5.006689 -8.251214 -10.025623
3.070506 -9.024599 -10.225211
1.504728 -6.662357 -9.171759
-0.379234 -4.243308 -8.339245
0.026217 -4.001396 -5.701578
3.047915 -3.432684 -5.861961
3.325356 -4.955493 -6.447055
6.355608 -5.452240 -8.222351
5.498643 -9.083266 -8.060766
6.158716 -6.788899 -6.804770
8.452184 -8.061936 -5.641668
7.527364 -7.046988 3.693723
8.287971 -4.978473 -3.256209
11.495811 -4.599979 -8.819518
7.350119 -1.505260 -5.314589
5.176972 -0.353274 -6.224163
5.089725 1.255454 -7.985116
5.413859 -4.150790 -2.372888
3.187020 -4.026311 -4.007650
3.725788 -3.484162 -2.781436
3.193613 -3.408020 -2.126178
3.116407 -2.383966 -3.109512
1.143014 -1.185209 -3.432066
3.608162 -4.045576 -3.763861
4.732332 -3.718082 -1.688492
4.229328 -3.707465 -0.110134
3.586143 -3.916586 -1.887315
6.009407 -2.893718 -1.115194
2.752474 -1.942088 -3.378501
2.016300 -2.946050 -2.732694
0.103840 -2.336165 -4.455657
1.003079 -3.706753 -3.002670
-1.534949 -2.774338 -2.636293
-4.667081 -5.391948 -4.213432
-3.721457 -4.745369 -0.667903
-2.690756 -4.181031 -2.309121
-2.511132 -3.930315 -1.016659
-2.838863 -3.789000 -1.947532
-1.505484 -3.598166 -4.005381
-3.003508 -3.729677 -3.008657
-2.355749 -1.537866 -0.943654
-3.864706 -4.141658 -4.246655
3.110264 -4.058087 -6.270649
3.693641 -2.399148 -0.925956
2.937248 -2.909075 -4.969461
2.249342 -3.705793 -3.380262
-0.725988 -3.439058 -2.958049
-0.423988 -4.075585 -3.789009
2.862832 -3.071282 -2.706836
0.858951 -3.660954 -5.288445
2.104905 -2.524944 -4.829726
3.893787 -9.489241 -11.354491
3.792059 -9.379263 -9.803013
8.112225 -10.613237 -12.933561
4.419024 -8.880312 -8.588783
5.203053 -13.136074 -9.040730
4.409617 -7.690605 -7.824951
13.193395 -15.873031 -4.586799
