13.327079 -14.299430 14.426658
11.158855 -5.778166 2.647370
12.165771 -2.397635 2.202295
6.778938 -4.159715 0.502758
7.010794 -3.187351 -1.238789
11.105263 -3.711763 -0.018626
8.845278 -8.706148 2.803830
9.721501 -10.631378 7.533772
9.435748 -6.248640 6.555426
12.326399 -10.864675 7.900629
10.837277 -11.402685 6.507783
7.233693 -5.898691 4.941244
9.797733 -6.357308 3.821796
3.139354 -7.656390 4.286997
4.201482 -7.721793 4.243609
7.591598 -6.975592 4.921963
15.979630 -7.095313 7.865321
14.141922 -11.320604 6.024122
6.809513 -14.908379 6.586186
6.064913 -10.474444 4.427747
-3.361393 -6.142371 -3.133800
-4.908199 -8.474504 -4.351307
-2.172434 -3.214478 -3.458794
-1.449419 -3.884073 -4.654171
-1.354941 -3.745179 -2.710480
0.656061 -2.985680 -4.339866
3.215012 -3.510875 -3.561904
3.876136 -2.744525 -5.830358
-2.258152 0.527902 -5.754304
-2.308540 -0.979964 -5.445245
-2.051883 0.917780 -5.098912
-3.481526 -4.991644 -4.864526
-2.358925 -8.559335 -10.229896
-4.145991 -9.649383 -2.784306
-3.751365 -9.705094 0.135762
-3.201299 -6.599167 -3.442004
-3.468312 -2.484386 -5.984525
0.570156 -4.811308 -8.829652
-0.512680 -7.436333 -9.164731
3.654166 -11.241726 -6.412392
3.294305 -12.034886 -6.349413
1.561832 -8.160358 -6.616211
-3.726304 -5.010731 -4.347798
-3.773759 -3.592412 -2.121559
-4.007843 -7.928536 -3.919598
-4.102118 -8.532083 -1.593111
-5.580443 -13.292040 -5.928194
-3.554256 -11.545041 -2.680298
3.462741 -3.334703 -0.652632
4.062498 -3.423546 -1.536661
3.582980 -3.796519 -0.447580
7.458131 -11.230079 -2.217765
9.032960 -12.026449 -5.469312
1.284299 -6.072047 -9.757961
1.309432 -5.619791 -7.159850
4.820353 -12.116652 -6.558074
1.923902 -3.885378 -6.324133
2.819749 -7.147453 -7.991483
8.153101 -12.812308 1.533485
8.140409 -15.306293 -0.195488
7.329628 -16.876968 -2.658050
8.234639 -5.632789 -9.509060
3.344510 -6.815672 -8.217242
8.823226 -9.124200 -10.251102
11.452142 -9.080301 1.558817
13.595191 -7.789917 3.172262
4.339018 -4.061822 8.073956
18.357174 -6.539771 13.434610
10.661424 -4.137002 8.580027
10.846447 -6.384913 3.725038
15.498287 -10.845495 7.097816
11.168073 -10.113851 7.602520
9.870701 -6.401073 7.929316
1.874006 -4.193043 6.172913
1.457953 -4.267698 5.930665
2.142104 -5.574452 4.785041
-5.580288 -3.048207 4.037875
-1.865120 -2.865046 3.135237
-6.468663 -9.884157 4.071935
-5.746258 -11.105884 3.906312
-3.115208 -5.794399 2.497751
-3.311316 -4.014911 1.288526
-0.232721 -3.831228 4.424194
-1.747042 -6.265452 4.824924
-5.286666 -6.460001 1.882991
-4.917723 -5.839519 0.891779
-3.433028 -5.018959 -0.714696
-2.368926 -2.955752 1.529050
-3.514526 -2.955611 -0.062735
-2.907732 -2.270809 -1.211438
-1.980897 -1.236389 -3.126264
-2.209338 -3.647241 -4.465796
-2.492286 -3.455011 -1.220442
-3.298261 -6.412283 0.077009
-2.791791 -4.411707 -0.174943
-2.416433 -3.553697 -2.014654
-2.268395 -2.171045 -2.925814
-1.473837 -3.280075 -3.072607
-1.569736 -2.225177 -5.376364
0.090401 -2.423309 -4.869541
-2.587303 -3.611701 -6.489325
-1.335543 -4.841923 -6.217329
-1.800525 -4.016678 -6.145685
-2.979829 -3.666011 -5.439315
-0.197050 -4.708968 -6.965520
3.928133 -7.961855 -6.398310
3.624146 -6.611831 -6.466703
2.351897 -4.330580 -14.983315
