10.853314 12.414844 -3.417115
5.315394 11.024839 -5.003230
10.987435 7.206045 -4.970642
7.473970 6.466815 -7.351162
3.143894 7.080857 -5.583508
4.128624 3.734717 -5.536494
2.083497 3.357979 -5.969681
1.711576 -0.579750 -4.232488
0.763744 0.669867 -4.456432
1.761282 -0.409326 -3.728301
1.103537 0.029639 -3.898639
0.761436 1.256768 -3.418539
0.623818 4.915387 -3.343018
0.615870 6.841263 -3.941291
2.045101 3.605592 -2.247772
2.141258 3.260577 -3.231259
2.120935 6.256608 -3.231767
-11.671652 -5.256449 -2.279311
