-11.996561 -5.710395 -2.124048
-5.001891 -3.958858 1.069681
-4.370911 -6.204012 3.528533
7.079278 -14.809681 13.156516
5.981799 -8.374740 7.543079
7.445933 -8.315900 6.659555
7.419221 -4.055441 5.146107
3.154735 -6.293085 6.712411
3.878703 -5.231271 8.758203
5.571031 -7.960241 7.303512
9.185865 -7.075152 4.334437
17.263695 -2.691375 8.051904
18.348068 -11.479370 7.468564
19.476330 -5.664340 11.857944
15.694114 -10.738420 18.650866
16.358986 -13.671185 14.466103
6.092472 -7.597178 6.048094
5.776561 -4.503962 6.305569
5.639165 -2.497468 0.487530
3.741059 -3.736001 1.412688
4.456104 -3.104101 2.760725
3.967429 -2.574490 2.607461
3.019109 -2.937565 2.911129
7.501834 -5.150599 4.974250
6.745881 -6.186645 6.252324
10.304499 -4.129308 7.963073
8.170367 -6.516720 8.157330
8.867753 -5.030720 5.778154
11.686389 -11.279072 14.021382
13.232254 -12.796526 14.540987
5.348683 -7.123550 10.442696
6.607849 -7.245783 4.170261
4.535764 -6.447182 5.892385
4.422832 -5.334754 4.255507
8.122545 -7.171999 1.137177
7.439851 -7.938970 1.847077
-2.390131 -1.900268 1.025590
-2.522965 -3.604421 0.683571
0.573150 -3.282859 2.424912
-0.297295 -3.849872 3.531778
0.859852 -4.828372 5.566917
1.153346 -6.971545 4.324769
6.499820 -6.778064 9.945866
17.613142 -11.499322 12.741082
11.718878 -10.951782 14.446831
16.966278 -7.605757 14.674724
10.590834 -0.238047 10.510969
5.999277 -6.089098 12.795203
4.800992 -4.414465 15.950268
13.873968 -9.260737 18.612688
8.313643 -10.268319 13.966467
8.670019 -9.287475 15.140321
6.687288 -3.362209 13.561560
5.966502 -8.809134 15.514620
8.699739 -4.410065 6.494849
5.472350 -9.203792 7.393335
3.899144 -8.887113 5.570516
5.689862 -5.466319 4.839796
11.823034 -5.264964 10.628271
8.960654 -0.150501 25.102472
12.961900 -0.907214 17.897005
12.827805 -14.277921 14.439996
