4.775989 -16.751429 -1.449974
-1.661737 -3.834000 -3.816145
-0.731266 -3.057267 -3.304114
2.518647 -10.074059 -7.068790
-9.154073 -10.866023 -12.004085
-3.743326 -5.609331 -3.830657
-3.022304 -5.617998 -5.259851
-3.065228 -5.882619 -3.688242
0.579328 -3.339759 -3.091090
3.101033 -3.865277 -3.039104
-0.409343 -2.350949 -5.680594
-2.307416 -1.869363 -3.680159
-4.360840 -6.098410 -11.214971
-1.395642 -4.582408 -8.527961
1.296299 -8.635232 -8.630934
4.010016 -8.436614 -6.691048
5.448491 -7.923839 -7.758082
9.410031 -9.169484 -1.884083
7.983280 -9.697245 -8.669275
4.036533 -3.685488 -1.964018
5.729263 -3.561067 -3.611713
2.712238 -3.792060 -4.958906
2.226104 -2.612812 -3.110564
0.821143 -2.519743 -4.294530
1.478457 -3.866025 -6.162639
4.505520 -3.996436 -2.043089
3.503730 -3.256342 -2.300217
3.469789 -3.733301 -3.053715
1.340406 -2.948359 -4.855321
4.156097 -1.637781 -4.356713
2.988334 -3.015770 -3.159043
5.383525 -3.072155 -4.328917
3.745286 -2.266574 -6.247789
4.545393 -5.284174 -6.381439
6.040909 -7.613337 -7.149381
6.637572 -7.861986 -6.169695
6.601840 -9.253870 -6.611428
1.761979 -9.437289 -7.175603
-2.403399 -8.308656 -6.548369
-1.909372 -7.751310 -6.970568
-3.344740 -4.729072 -5.457291
-3.725310 -5.417126 -5.071609
0.571275 -3.994958 -3.480312
1.330297 -3.529650 -3.109202
3.665071 -2.002885 -2.479264
1.015605 -2.275087 -4.542612
3.736721 -3.673185 -5.253372
3.467317 -5.872195 -6.145384
6.263773 -10.080625 -6.320475
7.463993 -7.543588 -5.546907
8.122684 -5.645574 1.130374
10.359275 -6.053604 0.546259
9.257882 -7.840625 3.175696
8.754614 -8.999773 -4.262642
10.097031 -8.630229 1.240941
8.049184 -3.102636 -0.464202
4.062185 -1.744878 -1.268614
4.441559 -3.399821 0.717217
3.558137 -2.769438 2.828227
0.394277 -2.917719 3.210573
-0.303171 -1.607828 4.064426
0.387643 -3.909387 3.529260
0.181439 -4.038078 3.540144
0.944486 -3.145152 3.452868
4.042249 -5.591872 6.949054
4.816267 -5.675683 4.221022
4.983269 -2.974994 2.193188
3.519981 -2.333367 2.540648
3.777906 -2.568659 3.651244
3.463492 -2.065818 1.150572
8.079315 -3.502215 2.399788
4.634317 -3.379347 -2.474233
-0.188089 -3.018584 -5.339125
-3.727223 -4.482025 -0.977251
-3.156492 -5.342113 -1.943693
-3.122400 -7.233191 -1.695794
-8.558541 -6.463383 -1.701115
-2.345322 -3.015869 -2.678004
1.841151 -2.900638 -3.280910
2.365652 -2.224672 -3.017596
3.144578 -2.740420 -3.317084
3.260659 -4.082076 -1.319639
1.343745 -3.412860 -3.808625
1.688967 -3.540063 -3.865728
2.965554 -3.083267 -3.311998
-0.198113 -3.457246 -2.666523
-0.081172 -3.752445 -3.373592
-0.864267 -4.122669 4.429227
-1.640711 -3.820505 2.917224
-2.942045 -2.808275 -1.739839
-2.951591 -5.550069 -3.215630
-3.076762 -2.778788 -2.054023
-2.040617 -3.333040 -2.611480
1.984004 -3.818500 -2.919583
2.472739 -2.186938 -2.739896
3.622771 -2.390247 -5.923297
4.514867 -3.647068 -4.043356
4.976055 -3.086634 -4.763153
3.440873 -3.615647 -2.725393
0.421321 -3.729590 -3.322204
2.862199 -4.046751 -3.840583
0.980602 -2.333300 -4.659184
-1.068394 -2.381743 -2.914653
-0.692428 -0.618091 -2.700927
-1.956975 -2.699475 -0.936651
-2.471823 -3.978749 0.218923
-1.935244 -3.343440 -1.004579
-3.733987 -5.128235 1.937001
-2.967302 -4.762201 3.653657
-2.205158 -2.822167 2.642353
-3.086820 -2.684111 1.208359
-1.458940 -5.396927 4.113551
0.519984 -4.220976 6.234643
-0.235706 -8.559480 4.543592
-2.310954 -7.613682 5.840243
-5.402751 -7.663535 1.656054
-3.181966 -4.958604 -0.761961
-4.249990 -3.634239 1.376108
-5.672940 -1.651334 3.882619
-6.323157 -1.582863 5.803917
-8.127346 -3.817433 3.472500
-10.388573 -14.813039 9.894558
-6.678062 -9.790888 9.407353
-6.377692 -3.711051 4.330445
-1.503981 -3.901291 2.644695
4.752001 -4.211102 4.287645
4.428785 -4.602582 5.411208
4.192871 -7.669775 5.829655
-3.927721 -7.927951 4.089542
-3.759852 -6.289902 3.337800
-4.953675 -4.073415 1.638312
-0.788521 -2.364528 -4.408745
1.066211 -2.876481 -2.963793
2.571210 -3.307895 -3.843121
5.501564 -3.907861 -5.504790
3.759902 -4.118906 -3.719121
2.824147 -2.895941 -3.378205
4.790967 -2.142400 -3.397028
3.361353 -5.919992 -6.325937
6.815290 -6.783185 -7.144699
1.533363 -1.492495 -4.423852
2.986899 -1.936800 -2.695260
3.700916 -1.231585 -2.772843
3.659571 -1.670439 -0.651471
3.668505 -2.358887 -0.354906
5.461416 -2.578178 -0.459310
6.122882 -1.977642 -1.892354
7.696236 -10.096128 -1.335159
9.405863 -4.748975 1.275670
5.368160 -2.655858 -2.291331
6.050011 -11.837750 -6.768207
-2.416752 -7.655592 -8.279235
-3.461496 -4.558378 -6.050092
0.016208 -2.336053 -4.582265
-0.826851 -2.891238 -3.731905
-0.252251 -3.333520 -3.618711
0.657640 -2.831718 -4.518571
4.243685 -4.050247 -4.090303
3.382198 -3.926402 -3.574088
4.279228 -1.957355 0.509063
4.661816 -3.580410 1.702036
4.698338 -2.849865 3.068393
1.827656 -4.496325 5.883084
2.151931 -4.010458 6.997141
1.938598 4.225038 5.799662
8.708896 15.311285 15.452210
