10.853314 12.414844 -3.417115
11.225844 9.933681 -0.568891
7.959271 3.495597 -1.334975
6.967160 5.277521 -6.580363
6.350583 6.224475 -6.393636
0.330469 3.873639 -2.125813
0.957027 6.424487 0.190177
1.170207 3.970853 1.419392
1.669445 3.372975 1.850222
2.081977 2.597844 0.950489
0.923241 2.376859 1.269651
1.819149 4.061091 -1.408651
1.340490 3.567248 -3.072185
1.306225 2.375506 -3.029967
2.166481 3.361850 -1.791248
2.010874 3.420959 -0.346223
1.471428 3.967772 -8.334085
1.865973 6.211805 -6.332093
2.952659 3.646670 -6.310781
3.986111 3.707356 -5.602717
4.157095 1.524634 -5.636803
0.535546 -1.703098 -5.788039
1.479037 -0.737498 -3.533350
1.952012 5.293635 -0.681849
1.101553 1.002652 -2.676023
-5.542253 -1.068172 -2.893545
-11.671652 -5.256449 -2.279311
