0.077095 -19.171068 -1.767568
-5.034649 -14.108078 2.646560
-3.338640 -11.715734 4.163912
-4.107255 -7.237097 -1.414937
-3.578528 -6.727313 -2.158585
-3.150791 -5.051899 -1.136432
-3.050942 -5.410697 -1.391908
-4.964961 -3.870403 -1.111918
-3.033528 -3.631163 -4.475026
-3.245028 -6.098661 -5.841703
-3.435203 -5.561604 -2.887986
-3.263400 -6.096061 -2.675236
-2.843558 -5.359795 -4.260676
-3.113417 -5.944757 -3.654636
-5.637578 -3.070928 -3.498170
-1.305903 -3.398798 -3.874102
-0.201532 -3.810582 -3.974982
0.375476 -2.775814 -5.060917
1.464488 -3.314356 -6.106324
-0.339716 -11.293526 -8.194497
-0.154046 -14.558304 -7.777116
1.362951 -11.701484 -6.056890
3.681850 -10.463978 -7.335820
1.963088 -4.863926 -6.247537
0.524900 -0.499216 -7.355942
-1.153565 -3.473571 -5.325227
-0.294172 -1.583200 -4.250044
-0.066882 -2.151533 -4.688581
-1.323204 -1.708670 -4.218263
-3.411858 -1.502213 -6.168944
4.666279 -3.689851 -5.265828
3.504784 -3.872790 -3.568359
4.376425 -1.945268 -0.884296
3.918978 -2.438969 -4.195575
1.978925 -3.988125 -3.606926
3.835631 -3.031395 -5.642682
1.285665 -1.643750 -3.064863
1.465719 2.046712 -0.958621
1.962742 0.972979 -1.582413
2.021952 5.298137 -1.514874
0.941863 4.327322 -1.295215
2.108058 4.148289 -1.912179
0.883933 3.704799 -1.228721
-0.350430 3.296335 -2.735527
1.526633 4.428942 -6.754364
2.128310 4.153643 -3.515595
1.002336 2.860978 -4.906577
2.034462 3.617172 -6.484451
5.129330 2.280641 -6.320859
5.270343 2.400498 -5.705970
5.521047 3.807451 -5.709322
8.696184 0.801488 -5.714067
4.468374 1.998874 -7.437589
8.080433 5.072014 -5.206416
4.480300 3.819441 -6.420698
1.559205 5.163624 -5.897322
5.639242 7.786469 -5.532083
10.347516 9.845462 -8.033883
7.612730 4.645079 -2.479415
1.097257 3.574905 -2.247556
0.162491 3.984865 -2.251397
1.630749 3.846679 -2.998009
3.786504 6.121431 -7.097085
4.713403 7.821458 -5.895288
5.027952 7.849331 -6.448302
4.576283 5.798108 -5.938112
2.291060 2.012063 -5.805526
1.669781 2.086005 -4.300520
1.405827 4.676133 -3.527630
0.936178 2.957025 -3.741295
1.628204 1.763606 -3.326516
2.081814 3.360812 -1.418915
1.709349 3.790711 -1.192804
1.996282 3.075622 -2.403856
1.286273 1.125632 -1.069340
1.411209 0.979419 1.858906
1.744657 2.112741 -0.105974
1.844526 1.363303 -2.123901
0.093574 0.317391 -4.744567
2.034241 0.804653 -5.430084
2.953778 3.591631 -7.080665
5.028840 2.809590 -6.322294
8.147121 3.241773 -7.573185
4.736565 3.998443 -6.400267
0.562729 2.640011 -5.476661
0.594810 2.975341 -3.221764
1.604820 3.421746 -3.363246
2.078593 3.326136 -3.748572
1.612940 1.753125 -4.117150
2.936881 3.559552 -8.162890
4.438584 4.030445 -7.002923
4.382762 2.543613 -5.963494
2.800052 3.683756 -5.671213
2.646137 2.298496 -5.835671
0.783417 -2.003383 -5.380219
0.873273 -2.740384 -3.863408
-0.130687 0.201360 -3.504731
0.737649 1.216911 -2.712815
2.092908 1.540793 -4.590742
1.001127 3.254641 -4.327490
0.272589 -0.143527 -4.005441
4.433287 -2.143039 -6.995067
4.253087 1.623929 -5.779515
5.863818 -2.579751 -4.262000
4.490179 -2.496485 -2.332178
4.577920 -2.914881 0.892588
5.875969 -3.631192 0.041914
3.462739 -2.347587 -2.132078
3.676642 -2.552983 -3.911710
3.761168 -1.264363 -4.816416
3.446839 -3.228493 -6.276509
6.322239 -0.016716 -5.590939
6.213779 2.973636 -8.581872
2.925575 2.835055 -6.925314
4.203259 3.870921 -7.526756
7.781425 4.397672 -10.002664
6.550128 3.499012 -7.837637
5.455846 2.624284 -5.722806
3.251608 -0.112995 -7.518474
3.234051 -2.215590 -7.250206
3.745586 -1.084051 -4.631785
1.873487 -0.003601 -4.200575
1.745757 3.808359 -3.410864
1.196291 3.040299 4.342322
0.663703 2.999440 3.593873
-0.667870 4.508636 0.908700
-1.147732 5.816679 -1.341919
0.986512 4.549687 -2.848976
9.212392 7.470843 -0.522729
10.807696 9.871843 -4.298872
7.647678 10.554343 -5.555332
7.989878 7.560865 -6.189454
7.657146 7.745842 -4.890642
10.911885 11.936713 -3.756081
