14.445702 -12.721468 -6.956680
10.180102 -5.022657 -7.731060
7.912008 -7.154108 -3.135118
9.371521 -6.369309 -2.676892
9.482114 -8.368390 -5.408483
9.520514 -5.810982 3.557559
11.408258 -7.740638 3.820871
8.373019 -3.502456 -0.199505
4.068416 -2.971280 0.912197
3.623338 -3.867204 1.018269
1.278307 -5.618363 -7.025745
3.439857 -7.874628 -7.584551
4.624556 -11.306612 -6.033921
1.321721 -6.026245 -6.355860
-4.429021 -4.124678 1.107051
-3.807022 -3.030997 -0.026970
-4.633897 -2.996328 0.720192
-2.845084 -4.356935 0.487343
1.300883 -3.356889 -2.758511
-2.013372 -2.991910 -2.808976
-2.565977 -3.246380 -2.228248
-3.244165 -9.220912 -2.587679
-3.675347 -8.277648 -3.564743
-3.938143 -7.627286 -5.187989
-1.701204 -7.811360 -7.994402
0.566013 -7.650588 -7.621589
-0.605057 -3.511848 -3.301726
-0.650966 -3.447325 -4.744629
-2.916983 -3.188976 -2.177846
-1.184918 -2.556121 -5.167979
-0.824945 -2.798350 -4.633141
-0.501297 -3.047660 -2.978771
-0.076653 -3.511169 -3.519140
0.334268 -4.008888 -5.926140
2.030875 -4.096393 -3.252918
1.070358 -3.869776 -3.073272
2.665255 -3.913449 -3.704608
4.471604 -3.837434 -5.148467
4.713161 -3.304516 -1.451578
1.972785 -4.117758 -4.320793
-0.915255 -2.856250 -3.432377
-0.989853 -3.511481 -3.534871
-2.256801 -3.789732 -1.662636
-4.321725 -5.496912 -2.337029
-5.757429 -5.602982 -0.649216
-3.185719 -7.488564 -2.992823
-3.220806 -6.486351 1.646715
-5.339519 -7.888831 2.777714
-1.383872 -2.940264 4.159852
-0.446410 -2.189656 2.990307
1.063892 -6.260061 6.369681
1.943943 -7.111933 4.319774
-0.120124 -7.647262 4.110620
0.618381 -6.181631 4.199843
1.534237 -4.019703 5.052054
0.978710 -9.750093 6.259108
1.138249 -6.456756 5.460842
4.743803 -8.225437 4.617198
6.217178 -2.773177 2.159194
4.226041 -2.519962 2.930173
3.360748 -3.749044 -0.138800
2.380937 -5.353660 3.982278
1.007788 -4.161861 4.938088
0.818834 -3.118289 4.808526
4.048213 -3.166158 1.870219
3.402629 -1.380195 3.326168
1.854990 -2.753557 3.745420
4.322730 -5.497116 4.565368
3.978801 -3.740750 -0.587996
10.147835 -4.304031 -3.467585
8.991670 -5.818932 1.543678
8.819130 -6.017593 -2.262593
7.129310 -2.302368 -2.107784
4.545339 -1.732730 -3.950790
2.966505 -3.395905 -3.413683
4.102719 -3.939993 -3.455575
2.689428 -1.809182 -2.945820
1.697942 -3.787287 -3.224736
3.479388 -3.226125 -2.591544
4.322955 -3.015504 -0.611498
6.251756 -3.123506 -1.084713
5.477285 -3.972787 -5.032315
2.157449 -1.638472 -6.359467
2.560873 -7.040548 -6.235558
2.507821 -5.916552 -6.039967
-4.119068 -5.737594 -6.594807
-10.957565 -8.081212 -15.472585
-6.051371 -9.495139 -5.484587
-3.803420 -4.157918 -1.357355
-3.387407 -3.978232 -3.798588
-1.782399 -4.149703 -3.211613
-0.337285 -3.102874 -2.944081
-1.574498 -3.483091 -2.625152
-3.548351 -4.329551 -3.862964
-4.046288 -5.055702 0.109368
-2.519340 -2.604669 0.732971
-3.357942 -4.478744 -1.272101
-2.963472 -4.323247 -2.614471
-3.444232 -10.654862 1.141075
-8.353415 -10.592177 0.014692
-3.091179 -6.622028 -3.899068
-3.569857 -3.417319 -1.983344
-1.642202 -3.735562 -3.035827
0.257831 -2.579880 -4.451042
-0.777074 -3.617601 -3.185184
-4.559486 -3.138561 -4.607604
-3.526114 -6.024771 -0.458286
-3.775231 -5.476311 -2.694996
-3.363864 -4.058055 -1.635296
-3.149846 -4.324603 -2.213414
-3.268470 -5.101548 -2.590745
-3.197818 -3.757913 -3.573263
0.763197 -2.767107 -4.682846
2.138795 -3.521770 -4.577417
2.642414 -4.163277 -2.896433
4.995099 -3.818890 -1.389828
4.986044 -3.213591 -2.397213
3.371938 -1.846829 -0.192251
3.752812 -3.984549 -1.468462
2.311833 -1.028162 -3.931992
2.151590 -2.444123 -5.203405
1.133915 -0.147919 -4.271896
-5.929243 11.142737 -6.652627
-14.287791 19.156435 -5.598794
