4.775989 -16.751429 -1.449974
6.290125 -17.529480 3.505884
6.770566 -15.049153 7.809391
10.394213 -8.565833 6.315245
5.373920 -4.637367 4.091647
1.334027 -4.175830 4.144901
1.275595 -3.088601 3.118216
3.583669 -4.043691 3.549601
1.432809 -1.794220 2.767439
-0.054620 -3.273748 4.101565
-1.872547 -6.012738 4.662489
1.338890 -4.611460 5.724794
0.465776 -4.370889 6.609893
0.656922 -4.258834 4.982959
2.930571 -4.017213 3.452775
4.691422 -2.872911 0.931359
3.596807 -4.178985 2.119402
5.095065 -3.804340 3.714677
3.351327 -2.850221 3.122665
1.978617 -3.611874 2.554068
5.558606 -2.253924 2.493828
8.535515 -2.337996 1.180153
5.812192 -2.864685 2.571107
3.395401 -3.630481 4.059084
5.351871 -3.020269 0.820469
4.098834 -1.621475 1.744796
6.853653 -5.783945 5.373668
8.518538 -6.542107 3.321209
6.323624 -3.822570 5.013225
5.052888 -1.651390 2.336349
5.293004 -4.053483 -0.657126
3.335816 -3.971248 -0.285070
3.065323 -2.100962 -4.041540
2.921715 -2.753488 -3.405839
2.781526 -3.417373 -3.143085
3.418154 -2.022468 -2.041357
3.128251 -3.448006 -0.219679
3.561220 -3.045240 -2.644099
2.158620 -3.505656 -5.000013
2.549873 -2.652239 -3.626183
2.157476 -2.665201 -3.720272
3.974243 -1.710283 -2.642360
6.975622 -3.820221 0.022240
7.959761 -3.557081 -0.636401
6.390085 -2.206399 2.393164
7.492257 -3.496539 4.619782
7.001431 -6.532265 5.046239
2.715134 -5.525109 4.590456
3.446158 -2.315916 3.867370
4.165360 -3.923345 3.494015
2.076680 -2.519420 2.545713
1.918710 -3.679873 5.417490
4.801466 -7.055084 4.282221
3.529320 -9.412616 5.039782
4.736188 -9.376459 5.990039
-0.840107 -10.372751 10.946476
1.703529 -6.434582 6.576602
0.789689 -4.541086 6.594093
-2.885318 -11.888381 5.153834
-3.886214 -8.180565 4.260880
-1.176291 -5.175678 4.556104
-3.618897 -3.972269 3.895123
-0.655115 -2.075634 2.502958
-1.500044 -3.677393 5.385896
0.007493 -3.786565 2.877799
1.076265 -2.086629 3.118058
1.318729 -4.036427 4.118248
1.810858 -3.705292 3.849240
3.885164 -2.271504 3.573606
5.664083 -3.167122 0.913214
5.000550 -2.721244 2.035958
5.647917 -2.155210 1.847109
4.305994 -1.975521 3.278736
5.748365 0.457371 6.262742
3.232017 1.706392 4.811548
3.651544 1.725381 6.957772
7.203014 5.681984 9.948503
8.708896 15.311285 15.452210
