5.627944 -16.913628 -15.276999
4.260915 -14.455523 -2.789283
6.332169 -8.058084 -8.411768
0.565041 -0.196207 -3.786597
2.003364 -2.377465 -4.448431
1.855196 -3.961732 -5.562197
1.542516 -2.704681 -3.310634
2.522744 -2.890859 -3.700947
4.107917 -4.011768 -1.055029
3.396695 -3.243397 -1.305227
3.787663 -2.765716 -3.414847
3.870347 -3.328125 -2.907475
2.543280 -3.719189 -2.909546
4.646942 -7.202707 -6.522678
6.592684 -8.088422 -7.989798
8.063931 -7.402635 -4.816140
7.683037 -8.084014 -2.799076
8.804235 -8.112921 -2.925460
1.762871 -8.144620 -6.952596
3.954681 -5.881619 -8.178060
3.441444 -4.081350 -5.238308
2.091831 -3.298350 -2.981523
4.638616 -1.890165 -3.524433
3.800261 -3.156562 -5.714850
1.597831 -1.459053 -4.771465
2.270646 -5.332720 -6.717906
-0.605479 -5.496951 -9.103776
-4.758325 -5.602819 -5.469887
-3.675468 -7.007516 -6.718888
-2.863456 -3.716082 -3.550761
-0.795515 -3.700077 -2.755322
-3.089651 -3.678812 -1.209132
-3.126985 -4.301858 -2.085686
-2.779544 -5.057177 -0.277811
-4.032176 -4.872038 0.412719
-2.965095 -6.751772 1.904455
-4.574345 -3.395841 0.354142
-2.444064 -3.861081 -2.224802
-3.798922 -4.649360 -3.685157
-3.773276 -6.550729 -0.824421
-3.403404 -7.217952 -1.199450
-4.456886 -3.999522 0.631102
-2.414091 -4.092004 1.606966
-2.750094 -3.263288 -0.629279
-3.740200 -4.780226 -1.801462
-2.862986 -5.456279 1.571748
-4.283084 -6.861344 -0.338654
-2.709012 -7.123724 1.184558
-7.032909 -5.921907 1.071905
-7.838313 -6.198853 -0.675984
-4.910640 -7.207515 1.064227
-5.345991 -4.522809 0.061220
-5.277518 -5.752931 3.394022
-2.261764 -4.031385 4.663889
-3.171436 -3.535310 3.184078
-1.527173 -4.318352 4.307879
-0.085553 -6.140330 4.878877
6.479976 -11.430431 8.014455
7.041603 -12.993894 15.791997
