13.058519 -19.711241 -12.953241
13.431710 -12.738290 -5.704169
9.813946 -8.007792 -5.243289
8.788140 -5.293423 -0.567362
7.778027 -5.225384 -1.345959
10.174833 -4.785113 -5.183929
3.626923 -2.938790 -5.061723
4.518441 -3.828102 -5.576550
5.081829 -3.583925 -5.160739
3.880038 -4.008202 -2.776549
0.064231 -2.317377 -3.458189
0.123834 -4.108062 -4.230030
3.821818 -3.110122 -2.271255
5.386948 -2.921607 -4.399709
3.447991 -2.220497 -3.441334
3.127409 -2.786528 -4.003248
3.999784 -2.742804 -3.423533
3.833139 -1.357417 -4.695240
1.605476 -1.317626 -4.418429
0.792423 -0.425213 -4.767319
0.880586 1.537014 -4.589457
1.404437 -0.350147 -4.491130
1.165653 -0.616328 -3.377019
1.638989 2.930743 -3.300523
1.244269 4.964135 -4.343604
1.165758 5.580173 -2.733487
0.154541 5.471198 -3.859192
1.264615 4.479356 -2.908791
2.116806 4.618690 -2.648735
2.168099 3.575437 -1.999222
2.137129 -0.377097 -3.384441
2.156656 2.827256 -3.325481
2.143724 2.217271 -2.337348
0.599327 2.465152 -3.795344
2.131717 2.792778 -4.372745
1.206141 3.365396 -5.118879
0.543231 2.039862 -3.025102
1.282807 2.118031 -1.531840
9.999785 2.625707 -1.493196
16.277082 9.046160 5.404383
7.648363 1.972400 -1.745021
7.679219 4.940215 -3.670968
1.584620 2.737555 -1.028305
1.399753 3.875726 -2.482491
0.833151 2.672879 2.012991
1.774077 2.838473 1.731747
0.855837 2.320260 3.806999
1.414159 3.373729 8.199609
0.831300 3.096699 1.490081
2.080834 2.671254 2.106653
1.812945 0.024595 -3.501883
1.502110 -1.524852 -5.042089
3.072536 -2.638472 -3.651958
1.074781 0.343124 -2.683886
1.115638 1.327502 -2.861586
1.993031 3.589570 -1.817945
1.516355 5.660016 2.934914
0.867021 3.817522 3.376785
5.441347 0.676666 -7.087082
6.905755 4.153876 -5.993075
7.230792 6.430128 -6.973758
7.834442 6.881761 -5.059024
8.769818 3.924609 -5.457695
4.650050 3.866361 -6.855267
6.265692 3.755229 -9.073576
5.056442 2.957462 -6.768519
2.589459 1.859041 -6.093942
1.773021 1.393755 -5.508283
1.721089 2.416025 -3.043667
1.503289 3.153671 -2.094441
1.526475 3.329194 -1.931086
0.278644 3.320312 -2.311153
2.105120 3.064222 -0.159209
0.389149 4.397995 1.229640
-0.486899 5.256093 1.831622
1.339907 1.069974 2.419899
4.157367 -2.244153 2.938791
3.618744 -2.769250 0.082016
4.999778 -2.004518 0.769558
5.360294 -1.177861 0.973032
2.479776 -1.179767 4.015275
5.885135 -0.885680 5.498805
1.696023 -0.928737 3.678559
1.907933 -0.039609 1.810383
1.042352 -0.048476 2.945329
1.345706 -0.324489 2.242280
1.466461 1.300426 -0.150395
7.171044 -1.432776 -2.383132
6.318325 -2.160064 -2.590438
6.093131 -1.990193 -3.071212
7.619661 3.487206 -3.035106
7.622583 1.977930 1.393150
7.781398 4.059115 -1.469067
7.599966 4.254447 -3.915503
6.859045 3.312605 -6.687613
2.920877 3.403102 -6.640358
3.152858 -0.233010 -6.087079
0.937849 0.761758 -4.802532
1.762995 0.356242 -6.172540
1.643493 1.502868 -4.793603
-0.739237 4.138284 -1.401401
-5.084979 9.033400 1.010721
