-10.687701 -18.455788 -2.749298
-5.627819 -6.861487 -2.679852
-3.475851 -3.250102 1.282347
-4.893292 -3.202283 0.982011
-2.509257 -3.189670 1.672829
-1.384563 -3.341672 3.590239
0.366742 -2.030679 2.424634
1.636401 -4.199861 4.179271
1.741275 -4.680443 4.013861
2.034353 -2.833218 4.358278
1.520474 -5.244724 5.824027
-0.115785 -3.573256 3.919452
3.852571 -3.966028 4.120739
3.270316 -2.247889 -1.906065
3.127882 -1.697067 -1.773172
3.666623 -3.181761 -4.016180
4.296288 -3.720546 -2.474120
7.112135 -3.700664 -3.133087
3.672685 -3.660620 -4.435316
4.388673 -4.111368 -4.437635
1.766693 -2.412372 -3.688088
8.879588 -3.652391 -5.120244
10.102491 -6.616064 -8.257214
1.531281 -6.634790 -6.410985
5.677310 -7.965941 -7.575373
3.737112 -8.393624 -7.566213
2.105656 -3.589991 -3.439288
-0.163764 -3.572211 -3.350582
-1.993956 -2.612404 -2.465751
-3.416629 -3.284091 -1.717127
-4.059844 -2.698783 -1.728537
-3.001282 -3.101654 -0.695322
-3.214413 -2.509063 -2.367799
-1.342901 -3.389138 -3.021381
-3.716812 -3.876223 -8.013202
-3.804414 -2.826268 -5.105545
-0.618598 -2.578956 -3.520079
-0.767920 -2.660408 -3.801528
0.098622 -3.584485 -2.591688
-1.097863 -2.917714 -3.336419
0.335730 -3.401909 -4.215677
-0.688386 -3.075827 -3.477490
-2.244557 -2.954330 -4.811127
-2.967321 -3.247600 -1.322602
-3.811029 -3.353678 -2.045786
-1.887533 -4.117717 -2.735837
0.960608 -3.426332 -2.812281
-1.721563 -2.894147 -5.445000
2.228982 -2.427574 -4.632895
1.779166 -5.277767 -7.101908
3.858470 -5.383468 -6.684232
0.154803 -5.626181 -6.179542
1.184972 -11.169686 -9.365465
2.196645 -10.568014 -6.268673
5.712484 -8.369236 -8.161294
6.148068 -7.477602 -8.673923
1.686455 -2.042771 -4.792342
-2.037698 -5.328775 -8.623749
2.404546 -3.300452 -6.530901
2.420197 -3.710165 -4.726785
1.406500 -2.600729 -4.944618
1.427426 -2.630243 -7.017347
4.759561 -7.465416 -6.872608
2.454123 -10.504682 -7.438674
-0.979236 -7.811173 -9.285851
