14.232632 -14.933964 -8.572210
11.291889 -11.210504 -7.775380
8.356910 -7.322571 -2.996620
13.518309 -9.290784 -0.725089
7.921938 -7.060783 0.474294
7.357131 -7.902210 -1.321178
7.391400 -12.868339 2.505900
-1.620310 -22.025181 9.640472
-5.924561 -14.933242 5.453459
-9.834916 -13.673762 6.243466
2.096579 -8.677061 4.974812
-0.755971 -14.023420 5.470822
2.594687 -20.371597 8.453706
4.769790 -11.127811 6.720770
0.424214 -8.749351 4.744487
3.838123 -6.968109 6.068187
0.890041 -3.306795 3.890721
-1.968044 -3.884397 5.076409
-1.629316 -4.118585 3.921740
-1.448856 -3.673671 2.818133
-1.727773 -3.811199 3.392527
-2.136439 -3.511366 3.513292
-2.693397 -6.996760 3.434198
-4.504914 -7.820170 4.254856
-3.893561 -5.808943 3.683642
-3.294995 -8.730668 3.599082
-4.167769 -6.338306 3.227880
-3.084272 -3.738715 2.069839
-4.448539 -5.224183 2.643284
-3.452380 -5.528070 2.125804
-3.964987 -4.424948 0.361054
-2.839753 -5.385358 0.379682
-3.905532 -7.359911 3.050671
-2.239649 -6.060391 4.181524
-0.179437 -7.818460 5.439508
0.251352 -7.817639 5.079808
0.765523 -6.182041 4.709899
1.063048 -4.033062 5.309383
-0.487972 -3.037338 3.459052
0.499103 -3.570001 2.740240
5.274364 -3.587118 2.524239
3.597234 -3.915989 2.280986
2.526165 -3.723916 2.709064
1.596858 -3.821090 3.565655
6.848314 -3.508040 1.236805
6.099420 -2.528023 1.084205
5.076952 -3.750166 -0.063892
5.661262 -2.627362 -2.526645
6.115635 -3.857795 -3.659877
4.941813 -2.711833 -4.551347
0.207992 -2.932868 -4.951385
-4.558113 -3.073704 -6.097967
-10.792379 -4.016125 -4.379930
