10.039008 9.842025 -5.323640
10.248149 4.703021 -0.727521
7.203704 2.964715 -2.977745
1.642458 4.038959 -2.879817
5.878319 3.934496 -8.002188
5.901231 2.478963 -8.495701
1.814478 2.669972 -2.056972
0.758965 1.671430 -2.842540
1.194855 1.109850 1.871831
1.701608 2.776629 -0.774780
1.652532 7.455235 -0.078424
1.294456 5.231388 0.503033
1.407253 4.042953 2.028796
1.643251 2.638642 1.275350
1.278361 3.645383 0.525249
0.073470 6.024915 3.459069
1.967281 5.205195 5.291736
2.583246 6.184730 5.852893
5.550136 6.226362 6.083809
3.221328 7.032263 6.525331
2.483007 6.986294 5.831802
0.867821 3.152691 3.717802
2.144447 6.570518 2.749457
2.119721 1.359230 0.742178
2.145682 0.648012 0.254295
2.095685 2.817852 -1.217968
1.066414 3.926073 -0.954165
1.481589 6.041183 -1.727762
2.164382 -0.352877 -1.909555
1.865526 1.771012 -3.996561
2.023843 1.965952 -4.535420
0.583698 1.789119 -5.358587
2.920133 0.165495 -6.064239
4.871687 0.562880 -7.344399
3.481388 -3.422085 -3.569709
1.746423 -1.883811 -3.058360
3.583951 -1.283843 -3.867886
6.026571 -1.781199 -2.317319
5.510818 -1.029423 -1.358523
3.249874 -1.282312 -2.625609
4.284104 -3.539967 -3.714869
2.467186 -3.115817 -3.984129
3.081490 -3.826226 -9.621379
14.330778 -14.438327 -8.343778
