13.215527 -16.358015 -4.502995
8.541561 -14.344232 -9.103705
15.021449 -15.190134 -12.160537
9.169433 -6.752319 -0.684890
7.639285 -7.341207 0.592145
7.487523 -5.047457 4.860160
6.906365 -4.955626 4.813049
5.755333 -7.056761 5.695821
2.644195 -2.985480 3.510549
4.471368 -3.881256 1.171564
5.278702 -3.253729 -1.445183
2.722239 -3.773321 -2.831491
4.205026 -3.321845 -2.636715
4.324878 -3.991110 -0.808487
3.974313 -3.970542 -0.612513
4.102101 -3.965314 -1.794777
5.568043 -3.058889 -3.222748
4.933483 -3.230820 -3.260262
3.481600 -2.905193 -1.057941
4.416655 -3.704239 -0.819410
5.476746 -4.092444 -2.004785
3.530932 -3.262170 0.236905
-3.075824 -2.918004 -0.666632
-5.409202 -4.493801 1.733051
-3.743139 -6.276085 1.996431
-3.218849 -3.976523 0.231724
-3.620560 -5.370030 -0.519400
-3.995311 -4.035155 -2.743865
-1.751895 -3.900538 -2.588130
-2.456781 -3.743978 -2.965641
1.614903 -3.827448 -3.357657
1.724588 -2.941407 -4.436308
-2.034714 -3.278207 -3.063308
-1.696276 -3.289564 -3.472824
-2.560302 -4.090207 -1.109821
-4.131633 -4.040412 -3.349312
-4.648911 -5.430886 -4.876596
-1.206128 -4.913830 -6.888199
-1.009295 -2.394818 -2.753134
-3.349912 -3.720629 -2.907682
-2.951633 -5.266710 -3.116225
-2.607912 -3.645375 -5.449197
-3.250001 -5.420846 -6.693937
-2.143268 -5.851435 -6.385270
-1.525933 -2.861917 -4.960617
-0.983526 -3.176678 -3.914052
0.801611 -3.934015 -3.279240
0.193766 -2.435366 -4.061903
-1.808308 -3.105983 -3.701640
-3.510353 -3.170467 -1.368468
-4.676214 -4.840030 -0.634155
-2.776605 -3.915515 -1.763691
-2.878956 -3.540980 -2.862092
2.393924 -2.839767 -2.655878
-0.975330 -3.520369 -3.413198
-1.068765 -0.843296 -4.489360
0.681535 -2.365086 -3.010626
0.879602 -3.644880 -3.983865
3.511786 -3.240489 -3.134038
3.409371 -6.729039 -6.522949
2.801898 -5.250579 -6.037303
0.996137 -2.991210 -4.569715
-0.535377 -2.413418 -2.862590
0.474841 -2.869215 -3.427485
1.585574 -1.820949 -4.769511
4.893240 -3.286917 -1.325174
4.437873 -2.873664 0.863624
4.320008 -3.999615 3.435517
1.440163 -3.272132 2.750729
0.086093 -3.084394 3.244040
-2.765101 -1.482459 2.256305
-3.128896 -3.050813 1.316648
-2.282430 -3.214755 0.992193
-2.731186 -2.357046 -1.192897
-2.914449 -3.772958 -4.176570
1.504561 -2.943548 -2.612309
0.257380 -1.128113 -2.765488
-3.391070 -1.957916 -3.859076
-2.425428 -2.997619 -4.348306
-4.523743 -3.162227 -1.560150
-3.117849 -1.486425 -0.699828
-2.918978 1.327347 -0.980061
-3.598400 7.350603 0.790971
-8.129192 13.468787 -0.635726
-19.543026 15.397108 1.484372
