13.327079 -14.299430 14.426658
2.512325 -18.226177 19.619343
3.622348 -9.638350 11.187588
3.967251 -8.510978 6.482599
4.338212 -7.890478 6.563236
6.219603 -5.613643 8.588926
5.856712 -4.775719 8.440023
7.111478 -5.902224 8.114504
5.189454 -10.614288 9.344548
3.743949 -7.127557 5.777731
0.928877 -9.528210 8.163726
3.286336 -8.774568 10.804572
1.055245 -3.888283 4.161413
3.182698 -4.277775 5.534029
2.645739 -3.455594 4.389833
3.965148 -4.082562 -0.026332
5.635425 -3.776511 -1.406087
3.712972 -3.174139 -10.085546
2.351897 -4.330580 -14.983315
