-7.556334 -7.249503 17.467243
-2.096774 -4.133340 11.248737
-1.983312 -5.327322 8.098762
-1.526289 -1.167519 4.307453
1.710051 2.438153 2.762590
1.408046 2.728644 -0.778489
2.061239 7.954685 -1.234013
2.037016 9.920543 1.708256
1.629391 8.271330 2.607295
0.928894 6.817719 2.315348
2.430840 5.820455 4.961412
1.563990 3.450124 4.826355
5.655478 7.705828 5.038503
5.307128 11.702824 7.535535
5.166902 9.171647 4.194081
1.345749 4.459659 5.028372
0.464167 2.923780 5.088605
4.085849 5.297143 4.707761
6.069707 4.813788 4.681351
4.201325 7.340948 4.817051
1.194292 7.850651 0.625889
-0.352986 10.787557 2.841195
1.930842 3.411218 0.668761
0.536088 6.948935 1.376604
1.729816 7.285811 1.213222
-0.817822 7.689264 3.137943
0.938450 6.818837 2.172637
0.990169 6.319707 1.158214
-2.044288 3.501543 0.307779
2.139529 4.593414 3.103296
1.941602 3.128811 3.734778
0.818206 2.338358 -0.347109
1.935755 4.244711 -0.123360
1.740325 4.251318 0.283223
2.200111 5.168726 4.695092
4.408988 5.730314 4.822615
2.753263 3.000961 5.294480
-0.010464 4.510663 1.679213
1.611327 4.550122 -1.427829
2.043375 5.863619 2.133167
1.401137 4.368375 2.278708
1.704780 2.105252 3.671953
3.311648 4.212204 6.710773
1.279120 7.116989 3.151504
-1.641292 5.195234 0.423941
2.050657 3.472831 0.263128
0.940631 3.441463 -1.831365
8.102418 4.640669 1.056078
8.433166 6.308297 0.359466
1.055065 1.375484 3.843814
2.196403 5.850593 8.490180
7.703362 5.529342 3.980925
10.279269 5.300730 -1.231661
7.769279 5.900640 2.255537
9.319886 8.879608 2.630194
9.339618 7.463253 4.493783
7.564330 6.732578 -5.693912
12.006420 3.147816 -7.195430
10.307574 4.004994 -8.499173
4.666831 4.276852 -6.608843
4.322557 5.767533 -7.028294
4.113712 6.242213 -5.574805
3.109006 6.437101 -7.445375
1.678322 5.416888 -5.087729
2.088365 5.808427 -3.627745
-0.518356 3.487434 -2.207193
-0.247391 4.875901 -2.815720
2.116834 5.095318 -3.540786
0.944937 4.638739 -1.298918
1.801320 3.411844 0.021992
1.816895 3.612709 -1.922769
0.053221 3.535616 -2.978587
1.818424 2.593168 -3.518024
1.734787 4.399476 -4.151620
1.858718 3.357437 -1.419122
1.006444 4.688942 -2.694470
1.982770 1.110946 -1.682566
1.711630 1.587253 -2.987096
1.591652 2.086689 -4.985352
-0.595715 1.131772 -5.307836
-1.434331 -1.435597 -8.115360
5.604507 0.352055 -6.457468
4.429048 2.081346 -6.705374
5.465158 1.100338 -6.383294
4.733267 6.094515 -5.525075
6.721356 2.704081 -6.459686
6.115610 5.472154 -6.727777
3.312516 0.836531 -6.834675
2.581930 -0.224805 -6.007779
1.691968 -0.455705 -3.958663
0.765261 0.231831 -3.529971
1.460959 -0.265123 -4.039675
2.110014 -1.916993 -3.906332
3.253021 -1.465525 -4.090754
3.037245 -1.445477 -2.916740
0.603680 -0.900130 -4.786771
1.476804 2.423532 -3.809990
1.939041 4.477104 -3.668086
0.594461 4.208045 -2.961996
1.713294 2.919101 -3.177858
2.134973 1.021335 -4.057280
1.767914 1.066187 -5.722717
4.337665 5.008339 -5.623509
6.118392 4.777686 -6.424135
4.182968 1.095876 -6.269750
5.139333 3.698787 -5.690706
2.077928 2.991220 -5.186171
0.729625 -0.486741 -4.327437
1.228334 0.751727 -7.853105
1.909296 3.172285 -4.705313
1.583406 3.311301 -3.355996
1.334855 2.847046 -3.488089
1.395415 1.680141 -4.182146
0.167424 1.199916 -3.625170
-0.307993 0.608207 -4.009180
1.296211 5.123247 -3.383059
1.409602 7.856761 -3.043022
0.033189 5.117505 2.088595
0.720305 5.914126 2.182321
8.588355 6.477598 -0.933462
7.234406 8.155343 -2.433975
9.178426 4.143751 -0.530818
7.950378 -2.781022 4.140023
5.162364 -3.735901 5.511060
2.246383 0.182374 5.430585
0.791820 2.327760 4.126549
0.928333 2.049021 4.792366
2.050741 6.513555 7.442476
3.273197 5.009927 6.144007
4.868235 -0.519293 4.731009
3.729410 0.787021 6.084173
4.987345 -1.757951 4.481690
5.795805 -2.012088 3.003039
8.212027 -2.491727 2.597903
11.064269 0.460679 0.575267
8.976547 6.636820 -1.326814
6.619515 13.481597 -2.798645
3.972798 9.934066 -4.840533
5.882620 9.884233 -3.756374
5.554141 9.380022 -3.486270
3.117153 9.579295 -3.802728
1.759508 3.254100 -3.252546
0.951860 -1.319136 -4.455568
1.454458 -0.215579 -4.349510
1.948836 -0.587935 -3.968788
2.005067 0.703847 -4.444635
1.505120 5.406105 -2.504042
1.423952 5.472414 -4.019759
2.120159 2.112972 -1.447505
0.927446 2.121270 -1.597106
1.508128 2.254413 -1.561631
1.284505 4.069058 -0.721500
1.763247 4.913242 0.634354
1.987983 2.522997 -2.372164
2.120912 4.581294 -4.456428
1.919290 2.941088 -4.588536
0.625625 1.175360 -5.722373
2.617084 1.482553 -7.685335
4.190590 1.683376 -5.697948
2.514317 -1.811957 -7.485840
1.494608 -0.197428 -5.064708
1.401100 0.262313 -4.052324
2.184866 -1.335407 -2.781785
1.908693 1.832547 -1.945660
1.367312 3.260719 -7.311404
-0.585423 1.906512 -5.692456
1.950512 6.470507 -4.724552
0.995899 3.844964 -1.004519
3.074717 2.968206 -5.557970
11.669473 6.296596 -3.218256
9.134945 6.303060 -3.869797
8.160118 2.990717 -5.546853
6.199484 1.679636 -6.050615
4.544299 2.940137 -6.650984
2.430644 1.130402 -6.319809
3.045429 1.975980 -6.407733
1.773068 1.473504 -3.228596
1.342006 1.648202 -2.917216
0.279024 1.213811 -3.922078
1.725208 2.642668 -1.750229
-0.035868 3.057530 -1.197629
2.011208 7.608811 -2.572771
1.981545 8.258383 -0.994554
-0.856724 5.362629 1.721268
0.424585 5.628065 3.090001
0.498601 9.713706 2.315591
1.540162 6.223217 1.037163
1.027348 8.789409 1.092668
1.311587 7.422299 1.710258
1.154984 2.421207 1.665997
-0.975644 6.588903 0.889318
1.542473 10.477026 2.366221
0.713508 5.836028 -2.564708
1.596276 -1.747150 -4.751820
1.809495 -1.902580 -3.524772
2.054114 2.383765 -0.857309
1.854875 3.088755 -0.750443
7.960917 4.639449 2.680347
8.962981 5.816626 3.964347
8.785896 4.751471 3.077521
8.266271 4.289465 0.172848
4.366460 9.626204 -4.146999
1.961982 4.825069 -3.486341
1.820669 6.285821 -0.302859
1.198479 4.621475 -2.994653
1.271101 4.358679 -5.860590
1.609482 2.034776 -4.432225
1.963967 2.231600 -2.956035
1.706758 5.451069 -5.270974
4.652651 4.644225 -6.913301
8.597342 6.844000 -6.151862
7.872818 11.004981 -0.012204
7.325564 8.342824 -1.734787
9.472623 7.087677 -3.193477
9.102745 1.117344 -1.519809
8.513536 5.961848 -2.627176
7.254745 3.655343 -2.152084
8.327868 2.544936 -5.250077
6.565397 2.340456 -8.285012
5.336746 3.677298 -7.895128
6.315845 6.104634 -6.063921
12.118524 11.789335 -13.496432
