-0.355845 -7.262370 7.230010
-2.031984 -14.410943 12.325846
0.274904 -11.754629 11.284200
-5.099308 -10.003758 3.397775
-3.594215 -7.110081 2.298331
-4.939093 -8.169696 4.499949
-3.905288 -6.466992 0.131332
-3.857034 -7.764166 1.553012
-2.111064 -5.343436 5.231263
-1.342829 -10.148956 6.344696
-0.979561 -6.519056 4.391160
-1.555239 -5.075882 4.174706
-3.891478 -5.529390 3.881411
-2.955441 -5.376700 3.889297
-3.374295 -3.619325 1.376826
-2.471789 -3.421457 0.454915
-2.118819 -3.650055 0.975253
-4.565694 -3.956166 -0.598280
-3.050200 -5.630234 -1.144479
-7.326196 -11.351089 1.178656
-1.485208 -5.066536 5.535774
1.355051 -6.870003 6.718297
-2.331703 -4.009863 4.882782
0.097765 -3.573323 3.257218
-0.426173 -2.267117 2.794471
-3.400599 -4.125662 2.774047
-3.289363 -3.985278 2.878702
-3.110229 -6.849226 2.436034
-3.781624 -10.507630 1.520478
-3.277912 -10.860655 3.049034
-7.246264 -10.164489 9.372851
-11.035671 -12.663620 14.844597
