-0.499642 -7.500276 -9.470604
4.516463 -1.175847 -5.514409
4.041638 1.993197 -6.185542
6.309772 2.391303 -5.723120
1.863106 0.478474 -6.557028
0.891327 0.955521 -5.402189
1.420991 0.080381 -5.110077
2.238073 -1.237032 -2.989705
3.622777 -1.148410 -2.582508
3.416818 -2.138576 -1.916701
3.884325 -2.530629 0.171617
3.883017 -1.360474 -0.050933
4.124873 -1.207043 -2.023555
5.141541 -0.981588 -0.824358
8.306380 -1.761754 -3.494225
8.737613 0.449556 -3.828465
8.206602 0.344480 -3.214958
6.459142 -3.843432 -1.847421
4.420689 -2.382204 -0.813064
3.403562 -3.268888 -2.727963
2.116392 -1.125628 -3.529573
1.912895 0.406743 -5.748076
2.495239 1.015810 -5.595800
2.020169 -0.208069 -5.502331
2.080617 -2.123157 -3.632935
1.580135 -2.802752 -4.913519
2.008597 0.306235 -3.152644
1.915967 2.216633 -2.566089
1.821044 1.577706 -2.050240
2.089540 -0.845822 -3.280326
1.745372 3.810565 -3.981532
1.864551 5.280848 -1.443490
0.729764 4.488971 -0.987220
0.274882 5.168062 -1.111576
1.313929 4.818026 -0.731851
0.484773 1.385373 -3.853191
1.364475 0.198354 -2.836987
2.841560 -4.394228 -9.902537
3.180944 -2.197459 -8.574064
5.797061 -1.984318 -4.526842
-0.334667 -2.150437 -4.046628
1.624296 -0.743223 -3.586792
3.264683 -2.073336 -4.008790
2.624790 -3.527033 -2.936108
7.511361 -2.971187 -0.405588
5.182462 -3.433466 -2.506757
12.008414 -1.555295 -0.494863
9.967821 3.244328 -1.033926
7.276422 1.316959 -1.468005
7.424219 2.963006 0.145540
7.332629 4.698314 -1.397252
10.160151 3.869797 -4.807253
9.282820 0.237219 -5.413509
7.609327 1.859234 -4.033314
7.204544 5.423344 -5.232255
1.086157 4.629062 -1.240780
1.533093 6.491140 -1.093513
4.165931 9.602109 -0.749666
4.093850 9.095384 -2.816453
-0.241342 8.206167 -1.413840
0.458713 8.290929 -2.805709
2.046421 5.679266 -3.409190
1.842644 11.915638 -5.078222
2.321846 7.311589 -6.096313
5.096590 4.222132 -6.444379
2.283053 3.712044 -6.713002
2.370784 4.272598 -5.935815
0.929514 4.039513 -5.057562
1.968017 4.003568 -6.951411
4.035231 7.774089 -6.346718
4.235354 8.675382 -5.607705
1.796484 5.067245 0.592686
-1.091867 5.746083 0.113781
1.415242 3.326550 3.188529
1.579386 2.200505 4.259399
0.294889 4.525781 8.137487
1.204394 3.027491 1.001031
1.893104 2.899895 1.782416
7.853023 4.300296 -0.332161
8.110323 0.953817 -1.457567
9.200582 1.783623 1.383955
0.686980 5.456713 2.954714
2.138208 6.749612 3.617060
1.855340 2.211106 -1.825553
2.074740 2.861645 -1.782249
1.516771 3.776546 -1.784306
-0.210614 4.999503 -3.062881
1.894650 2.710657 -1.882725
1.274777 4.253555 -4.194978
1.675302 0.511228 -4.780312
0.834362 0.158848 -2.789189
2.048090 1.621135 -2.670098
5.099740 4.194879 -6.974515
9.082226 6.889256 -4.719428
4.917821 6.084802 -7.217916
3.149259 7.993146 -8.707362
4.344772 5.277904 -6.081873
8.544356 7.306787 -8.774972
5.736927 3.301661 -7.993421
9.323243 -2.808991 -5.510284
6.630596 -1.407291 -2.975967
4.485318 -2.356865 -5.940129
6.392694 -1.228044 -5.255215
2.700287 -2.914184 -5.163485
1.544010 -3.092128 -5.522543
2.135934 -0.776484 -4.368411
2.131022 1.486987 -3.578953
1.287278 0.239945 -2.671275
1.949311 0.329927 -2.915163
1.115826 3.283205 -3.380078
1.709366 2.072720 -3.970860
0.891447 3.254842 -5.060040
1.221953 4.201066 -2.874821
2.167453 5.070129 -2.218416
1.139184 2.047485 -2.888175
1.540120 3.428323 -4.263214
4.013272 1.508305 -6.969144
1.449569 -0.286133 -6.236837
4.634347 -1.734354 -6.048705
3.091686 -0.971170 -4.538319
3.825868 0.145782 -5.796065
1.512784 1.389080 -5.670546
7.666194 5.083071 -4.382341
7.901667 5.557873 -1.564759
8.508867 3.922311 3.984708
4.042775 6.677224 6.459708
5.218883 2.831913 4.582263
5.388523 0.170686 5.503653
5.808484 0.645122 5.159170
6.014054 -0.489878 5.574893
3.029181 1.206873 7.209431
1.803276 5.032160 3.502149
2.003614 1.641155 6.177458
2.436568 1.126065 4.604434
3.475863 1.536131 5.600952
2.768202 0.868957 5.472606
1.738727 2.352697 3.785985
1.706831 4.088880 -2.359774
1.736642 6.906492 -4.208234
1.160038 1.751760 -3.941916
1.793913 1.940196 -3.779777
1.804146 2.273588 -3.570045
1.348261 4.621953 -6.706335
5.242840 2.247695 -10.842624
5.189942 1.063190 -5.725471
1.817887 3.159458 -6.860651
5.039175 2.222977 -7.534380
0.936712 3.241591 -5.050907
1.497177 2.507295 -4.165587
1.961416 3.531155 -3.451358
1.176383 2.052208 0.153066
0.921884 3.638793 1.038573
-0.273200 4.317897 2.787743
1.252789 3.726691 6.245038
1.732033 3.877277 4.716863
0.789218 3.781343 -3.764937
-3.144572 6.714473 -9.902064
3.433594 3.241403 -6.279902
1.347084 -0.786145 -5.023788
0.451579 -0.612323 -4.796177
0.919814 0.701867 -4.223775
0.484383 -0.527467 -4.290513
1.212201 -0.140848 -5.277039
2.385432 0.198987 -6.976354
2.926781 1.687996 -5.670963
1.544929 0.898709 -2.659837
1.917268 0.975578 -1.805785
0.986989 1.469397 -0.946585
1.418828 0.832905 -2.381663
1.974065 -2.751977 -5.754121
4.576572 -1.798567 -2.981491
2.988321 -1.607804 -4.380857
5.370985 -1.218806 -1.032116
3.834796 -1.851311 -2.940749
2.541595 -3.449836 -2.918854
2.480557 -2.458759 -4.153084
1.425209 -0.338660 -2.354434
2.021136 -1.348838 -4.174152
2.434489 -2.747774 -4.051941
3.936589 -1.486765 -2.436410
3.994620 -1.782525 -3.297734
3.869187 -2.063303 -2.337143
3.206631 -1.690604 -1.809626
3.543628 -1.882928 0.598118
5.335897 -1.678247 -0.451067
6.293551 0.310602 -6.007112
11.348051 1.991608 -6.049781
7.613018 0.465217 -5.746658
7.523151 0.037970 -1.233456
8.010226 -0.492866 -1.841740
8.353937 -4.067143 -1.541209
8.601223 -3.448807 -5.479969
4.352213 -1.619057 -1.271365
3.658762 -2.068348 0.447105
3.701926 -2.206034 0.003848
5.621733 -1.392297 -0.360977
3.264384 -1.017486 -0.318474
3.272874 -2.149992 -1.575321
4.442090 -2.361601 -1.707353
3.548059 -2.227276 -3.724237
0.997919 -3.452435 -2.941899
4.129300 -2.040955 -1.712446
3.201765 -2.009341 -1.419074
3.810272 -2.158762 -1.080404
3.739196 -1.673911 4.553180
1.920605 -1.205748 3.538837
1.390632 1.509411 2.583315
1.573055 3.832452 3.045315
2.165226 4.084721 3.259433
7.891039 0.633689 -1.271033
10.805180 -0.118586 -2.049300
12.136088 3.017249 -1.490937
19.232412 5.072182 -2.046813
