13.607270 -11.826484 -10.463797
10.144127 -5.536383 -6.237809
6.377703 -3.156568 -4.666964
8.541226 -6.149439 -9.410927
7.119854 -1.773281 -6.652412
7.700015 -5.109558 -5.357577
6.021263 -6.603719 -9.381259
2.004800 -2.587047 -6.689168
-0.129390 -2.181062 -2.988383
-0.067813 -1.388723 -3.164292
4.467903 -2.607540 -3.418699
3.655734 -2.155061 -2.021972
3.934908 -2.693664 -3.713763
3.967907 -1.996497 -3.292651
1.257183 -3.477297 -3.359499
1.284518 -3.951037 -2.971828
2.171424 -3.979816 -4.555893
-0.464522 -3.336397 -6.876416
-0.489393 -4.599885 -6.089599
3.580215 -7.938672 -12.032664
4.449311 -7.524369 -8.632300
7.604846 -6.955127 -6.523911
7.767764 -10.357727 -1.630035
8.326982 -7.843018 -3.666925
10.329001 -6.657279 -7.289678
7.001930 -9.890273 -6.635007
4.693552 -6.588680 -6.877151
4.003165 -5.654216 -6.261331
2.754106 -3.685261 -6.700388
2.411300 -3.909868 -4.510957
2.850796 -0.463030 -7.410968
2.721249 -3.362240 -4.720632
2.802577 -3.689524 -4.065899
6.713300 -2.429063 -4.549513
4.686757 -2.777102 -4.362720
11.265762 -2.460522 -8.980487
7.129216 -6.337550 -6.254419
-1.012351 -5.909252 -6.437825
2.922883 -5.439394 -6.241915
-0.569973 -1.981071 -6.308247
-0.334634 -3.098744 -5.437626
-1.970433 -2.761571 -5.670609
0.771098 -3.484456 -5.483977
-2.502003 -2.320464 -2.673238
-3.787540 -4.980570 -3.731884
-4.902235 -3.910608 -2.778900
0.590845 -4.076647 -4.646220
1.596876 -3.980816 -4.063376
2.260026 -2.423404 -3.447773
1.685702 -1.545993 -4.601234
0.928186 -3.193674 -2.679398
1.408361 -3.761879 -6.156431
0.526004 -3.456112 -3.149932
-2.164739 -3.791797 -3.390673
-2.735640 -2.572236 -2.445137
-3.852246 -1.516354 -1.424839
-2.395504 -1.509607 -2.865346
-1.895043 -2.696533 -2.596842
-2.683515 -3.278682 -2.295253
-1.633234 -1.179206 -3.273465
-0.216203 -3.372253 -3.384561
0.953057 -2.682549 -3.427047
-0.332112 -3.401949 -5.189013
-0.666443 -3.526130 -3.291001
0.758717 -3.462473 -4.041687
-2.244533 -4.028806 -3.276555
-3.322895 -3.759321 -0.960629
-2.739252 -3.332568 0.258437
-2.278540 -2.051488 -2.252133
-2.443949 -1.993322 -3.100868
-2.189190 -3.650733 -3.574769
-0.748141 -3.222374 -2.930120
1.062685 -1.053498 -5.017114
0.333342 -2.253726 -5.791202
-2.328460 -4.996809 -6.430925
-2.983462 -4.792173 -3.540069
-3.646311 -5.642455 -3.456487
-3.250741 -2.592426 -3.214485
-1.953010 -3.785187 -0.793346
-2.608011 -2.313021 -1.302725
-2.904641 -4.739428 -3.161132
-4.524251 -6.133566 -1.315963
-3.262638 -5.736509 -4.704787
-2.161694 -9.120341 -7.445600
-2.275416 -5.570739 -6.917052
-4.444930 -3.342423 -3.926327
-2.720429 -2.400949 -3.614375
-1.156521 -3.346383 -3.264324
-4.663816 -3.398885 -3.319168
-3.354970 -5.130826 -4.021510
-2.808614 -5.030251 -3.620151
-3.463541 -4.379725 -7.799780
-1.755827 -7.065516 -6.439130
2.030493 -5.432639 -6.180353
1.837297 -5.513355 -6.114234
-0.849064 -5.728889 -6.143007
0.274182 -5.589814 -7.180699
0.815623 -2.186133 -4.589684
0.180028 -2.621437 -4.821343
4.858446 -3.626276 -4.626215
5.604044 -2.943787 -1.931348
3.226315 -3.040822 -0.305920
3.174837 -1.865039 1.720775
3.406134 -3.704219 1.962124
3.672646 -3.117932 2.349754
3.268955 -3.196087 0.891801
4.117785 -3.146498 -0.346675
3.507435 -2.726580 -0.479306
3.208756 -3.285461 -2.337438
5.833282 -2.965567 -8.908094
1.763885 -1.614981 -4.674885
1.997732 -2.970948 -3.771013
3.169265 -3.295891 -2.516922
3.571899 -2.292741 -5.020660
1.721193 -3.374923 -3.535800
2.632419 -3.387608 -2.602827
1.814417 -3.064830 -2.907759
2.963304 -2.930014 -3.451045
4.653311 -3.135194 -1.610038
0.633702 -3.966404 -4.191220
0.424049 -3.401402 -3.033802
1.817239 -3.610608 -3.509169
0.346247 -2.747378 -3.917148
1.028011 -3.188411 -4.027149
1.489344 -2.585003 -2.660163
-0.242336 -2.968851 -5.291255
-0.561438 -3.325504 -3.669229
0.963759 -3.293864 -6.149900
3.368336 -5.090168 -6.688189
3.476962 -7.402704 -6.955815
4.367176 -17.053219 -5.844495
3.451405 -17.545361 -2.936320
-4.007926 -10.688874 -1.367641
-5.720243 -4.844242 -0.670686
-2.349601 -2.939218 0.291790
-1.996987 -3.644610 0.950996
-3.940654 -6.372288 1.001449
-5.560184 -8.133555 -0.870401
-3.123938 -7.273247 0.569815
-3.745072 -5.246347 2.529459
-3.253404 -2.369297 -0.427674
-3.051037 -5.350664 -0.373075
-3.633337 -4.766482 -1.159824
-4.028022 -4.177256 -2.551939
2.060484 -1.921919 -4.363751
1.219873 -2.172559 -4.507678
2.938667 -3.292598 -2.778512
2.539467 -2.050122 -2.981789
2.626457 -3.433121 -6.516640
4.381538 -5.084102 -6.149051
1.698657 -5.016781 -7.073559
-0.037306 -6.684302 -6.264260
3.398503 -8.824987 -6.590484
2.555728 -10.484998 -7.760314
-4.180809 -6.292851 -1.671963
-2.878416 -2.823952 -3.264332
-3.559060 -4.745237 -4.741525
-1.115370 -1.323913 -4.129824
-1.307248 -0.247159 -4.199921
0.574580 -1.692456 -3.206089
-0.655949 -2.165817 -3.612489
-1.535684 -2.158560 -3.957298
-3.146746 -4.496179 -4.129438
-4.705802 -3.643441 -1.685818
-2.812320 -7.351972 -3.646560
-3.186163 -2.891866 -1.217828
-3.627295 -3.725856 -1.359592
-3.757666 -2.387454 -4.480246
-1.072991 -4.013328 -2.986356
-2.139766 -2.661704 -3.149644
-1.729181 -3.063979 -2.952700
-0.575467 -3.513233 -5.306541
-0.908010 -3.281309 -3.831394
1.744415 -2.851374 -3.339208
1.662091 -3.464497 -3.267589
0.742634 -2.680875 -2.893558
-2.974034 -1.695752 -3.095901
-3.776644 -5.011603 -4.001339
-3.703271 -5.374747 -2.989420
-5.279441 -10.936983 -6.331944
3.735579 -15.286606 -7.382530
3.320246 -12.456083 -6.181892
7.011358 -18.843309 -5.704860
7.611092 -18.010748 -2.343783
5.236063 -16.659679 -1.949427
