-5.912284 -15.383965 10.243143
-9.831014 -9.645545 2.483771
-5.049382 -5.627046 3.217303
-5.539376 -7.082665 2.647040
-2.935404 -5.843313 4.627829
-3.644523 -4.158866 2.970097
-1.263199 -4.878448 3.514998
0.859829 -2.683211 2.304776
-0.427263 -3.993817 5.826513
-0.076021 -4.109540 4.375654
-0.454401 -4.482646 2.942474
-1.522901 -4.600503 3.340390
-4.562916 -6.665309 3.277225
-2.041434 -6.337778 4.786391
-5.597742 -5.153633 4.095260
-1.500887 -4.902561 3.715802
-3.554951 -5.535131 3.468177
-3.048346 -4.787850 3.893672
-2.513881 -3.056251 1.051906
-3.822896 -2.646016 1.023758
-5.098358 -4.332039 2.646309
-5.478254 -8.076371 4.735828
-3.224939 -3.417480 2.630989
-5.105155 -4.042229 1.859277
-5.987783 -4.682902 1.651021
-2.275106 -2.458355 4.692162
-2.456153 -3.205126 4.639419
-1.231472 -3.086564 1.139996
-1.183699 -2.898473 0.162342
-2.988121 -1.608327 0.279341
-7.179775 -2.659740 0.362336
-4.825888 -4.125395 -0.240343
-4.501878 -3.528304 -0.621101
-4.560584 -3.891151 0.612133
-6.078421 -3.925114 2.028800
-4.608984 -5.896524 -0.834091
-4.836961 -2.211688 0.115474
-1.894869 -2.826642 -0.774799
-1.043862 -3.201101 -0.429060
0.889216 -2.739526 -2.334733
1.084346 -4.887119 -3.955572
-1.066418 -7.525957 -3.961991
-4.052449 -7.868588 -5.070864
-2.501102 -5.061742 -4.015098
-1.170934 -5.510262 -2.803536
-2.304588 -6.358920 -2.620826
-7.106028 -7.676176 -5.280773
-6.882225 -6.237977 -9.321833
-7.405612 -4.622869 -9.257857
-2.135661 -6.373677 -7.894659
-3.349355 -5.240457 -9.109376
-6.964073 -8.799344 -9.253699
-12.318741 -12.242857 -11.152582
-13.895132 -8.769429 -12.111665
