-6.917135 2.268034 4.921363
-3.024663 -0.253485 4.287436
1.417590 -5.059935 3.218520
0.620966 -4.361485 2.648586
-1.247364 -3.941812 5.026990
-1.902773 -4.534066 3.564727
2.420726 -3.649341 4.285475
4.353745 -5.303504 2.920619
1.384451 -3.154117 3.523805
0.806196 -5.897117 5.611930
1.236071 -6.726357 2.610734
1.860349 -7.314151 2.953289
1.574680 -4.268097 2.702308
7.122882 -4.242331 2.800269
6.020903 -1.954605 -0.422291
9.207090 -0.839923 -5.216831
5.298306 -2.390526 -1.705142
4.241984 -2.469662 -5.758523
3.839154 -3.781824 -6.077462
4.114118 -5.422603 -5.166957
4.760525 -4.974210 -3.714412
11.156938 -10.695216 -3.193776
5.812585 -6.541756 -0.752852
5.818560 -7.104378 -3.419117
5.464661 -9.152947 1.370465
6.328175 -10.597571 1.746309
6.488400 -7.983356 2.116410
5.526849 -9.141730 3.855122
6.083372 -5.901122 1.194888
5.976050 -4.586113 -3.531603
7.768994 -4.042225 -0.009519
6.413774 -4.987473 -0.569429
6.395163 -7.809759 1.126325
4.668447 -11.214123 2.422111
2.255151 -4.259131 3.327305
2.572397 -6.901755 5.636605
3.203326 -5.380325 4.843576
3.079078 -4.120006 2.986486
2.935776 -3.084080 2.464048
1.450358 -3.030986 0.321688
-0.693795 -3.025556 -1.391605
-0.942237 -5.662540 -2.669030
0.482655 -4.863395 -2.592719
-0.507614 -4.524599 -3.890225
2.680795 -4.233350 -2.816906
3.673101 -3.821210 -2.903515
0.935776 -4.107967 -2.746712
-0.977435 -3.343315 -2.633797
2.269434 -5.470701 -3.626059
4.283514 -5.637448 -3.156936
7.575772 -8.097648 -5.066618
6.388806 -11.257439 -3.678662
13.618105 -13.168435 -7.807892
