14.655360 18.182602 -16.808855
4.656569 2.240106 -3.922037
0.955309 -1.291518 -1.591199
-2.127419 -3.042838 1.284619
-3.318607 -3.131264 1.526504
-4.055339 -2.819931 2.944452
-5.630653 -5.066765 2.547316
-4.933927 -5.236608 0.804923
-7.259240 -5.174438 -0.904735
-4.202412 -2.714608 -1.303692
-3.015517 -2.357052 -0.668664
-6.092707 -3.942664 -0.888491
-5.842581 -4.512399 -1.953451
-5.588078 -5.598015 -0.860350
-5.469331 -7.677667 2.044497
-4.010006 -6.298352 2.835110
-3.117734 -6.035783 2.792832
-5.531114 -14.884683 10.142511
