-9.722955 -10.585311 -19.018507
-11.968629 -5.703290 -18.676443
-5.490331 -10.127412 -17.277008
-5.562463 -5.418183 -11.237804
-9.756145 -12.328111 -11.356486
-3.641203 -12.575755 -7.390985
-6.972122 -4.542594 -10.450533
-7.647073 -5.971817 -11.361784
-6.258776 -7.889418 -16.236431
-7.696485 -2.416662 -11.958545
-8.089534 -4.131998 -13.394085
-4.128453 -0.233221 -10.966976
-5.125985 -0.471452 -14.094919
-3.745923 -0.226665 -7.122375
-5.500736 3.426535 -5.035053
-4.892004 -0.307551 -9.583531
-4.029700 0.472440 -9.116813
-3.554907 -5.968625 -6.387823
-7.532824 -5.926419 -8.705022
-7.454649 -1.929795 -9.002864
-9.533746 -3.603395 -9.626928
-9.520902 -4.228794 -11.332776
-8.282193 -2.520511 -10.501709
-15.644668 -4.900376 -10.972371
-15.072957 -5.960632 -14.401131
-15.641865 -14.180614 -13.217898
-8.962128 -13.520608 -6.846272
-8.636356 -1.135796 -7.620217
-8.382028 0.045779 -8.590457
-8.738406 -0.740089 -9.988217
-7.557775 -1.445151 -6.575397
-7.142563 -4.397208 -6.133904
-3.693107 -1.942896 -8.775772
-5.648669 -5.531942 -8.127056
-11.907863 -3.163374 -10.988099
-7.077130 -0.773756 -7.574361
-7.886500 -6.456851 -9.901793
-7.435578 -11.408890 -5.797724
-10.346447 -9.882690 -9.514187
-12.209145 -11.164296 -14.601079
-10.010100 -10.198824 -11.460274
-14.199756 -11.004646 -16.302973
-7.441426 -10.812613 -19.507513
-7.965244 -9.942041 -9.784473
-13.135963 -10.201578 -6.347644
-5.176043 -8.790124 -3.722975
-4.521886 -6.715711 -10.650899
-5.026232 -7.944397 -12.911704
-7.921535 -10.491443 -13.991306
-6.415647 0.091812 -7.546568
-9.383937 -4.053895 -9.988562
-6.858778 -4.140363 -19.833261
-11.999360 -0.225866 -17.741430
-9.488389 0.013045 -7.024611
-9.647109 -2.204903 -6.695677
-12.646799 -4.288956 -9.517363
-13.781677 3.018867 -5.965338
-22.964544 -4.308886 -16.857132
-10.452406 -4.123748 -13.849123
-4.737622 -4.647581 -9.481784
-4.637039 0.252745 -12.208023
-5.274635 3.932844 -12.523570
-6.924987 -1.284847 -5.531675
-5.008523 1.028958 -7.981420
-3.449651 0.827917 -10.140318
-3.170981 -1.895606 -11.792463
-10.246472 -4.321327 -16.606222
-7.048026 -3.676016 -7.658559
-13.901104 2.202004 -9.575852
-17.806723 -9.191221 -17.659945
-11.143274 -10.753551 -17.042965
-20.792562 -12.278254 -13.623092
-13.274797 -4.021051 -13.928820
-7.831273 -3.702388 -8.217935
-8.188866 -5.994124 -7.938681
-5.963129 -5.687629 -14.134417
-0.445614 -5.668890 -17.273800
