0.033902 -5.240671 -17.201109
-3.960398 -7.250999 -3.800404
-2.430951 -5.351291 -4.457534
-4.361058 -2.228573 -2.072001
-2.987242 -2.722587 -2.439507
-4.446151 -1.261279 0.181541
-3.323750 -2.754110 0.172332
-2.958613 -3.227539 -0.356151
-3.123332 -1.263352 -1.293673
-3.181999 -1.418900 -2.490654
-4.425947 -4.412468 -3.105757
-5.380680 -7.752179 -1.393683
-4.029489 -4.883803 -5.019552
-2.151724 -5.291677 -4.003821
-3.185855 -3.057231 -2.914155
-2.819358 -1.803113 -2.143943
-2.875223 -2.683453 -1.891645
-3.140571 -2.477816 -1.571661
-2.509733 -2.605650 0.248785
-4.046402 -0.747326 0.667701
-4.624501 -3.548018 0.710489
-5.083309 -3.699298 1.785834
-3.931197 -4.892054 3.024778
-3.683826 -4.774636 2.485801
-6.241981 -4.817917 2.627021
-6.311873 -6.231076 -0.622045
-6.622416 -1.316545 2.243924
-4.990008 -4.988130 2.259934
-5.333522 -2.902873 1.595455
-5.152257 -3.424584 1.157016
-4.644123 -7.028724 0.262433
-7.137892 -7.236957 -0.830738
-2.518789 -13.684653 -1.261263
-5.620235 -8.424747 2.876788
-3.788933 -9.085835 2.268842
-2.916996 -8.777124 4.481880
-7.385020 -19.002439 17.730362
