-13.824760 -8.314726 -12.589515
-9.286931 -10.480611 -7.679772
-6.536583 -8.539248 -7.614858
-2.331820 -3.371979 -3.003601
-1.021498 -3.751762 -6.068412
-6.969197 -5.757785 -5.318561
-5.122461 -10.748953 -8.988091
-8.260918 -8.835310 -10.099693
-4.564060 -4.353296 -9.429414
-11.952405 -2.519418 -8.849301
-15.559999 -2.772872 -7.115134
-13.506498 -4.352141 -11.573398
-11.516598 -3.096680 -9.807723
-6.615486 -3.674435 -5.473429
-7.422878 -6.954127 -5.882181
-6.285475 -6.828008 -2.865904
-8.714062 -5.073218 0.969971
-3.783161 -7.126268 3.388943
-8.638384 -10.772580 9.888499
-7.788738 -17.985960 17.219591
