7.047992 -18.148701 -6.510930
1.006732 -12.153323 -1.397912
2.475744 -13.951145 -2.153655
4.038780 -14.863595 -6.278929
2.428380 -8.510583 -3.570032
-2.674839 -8.111963 -6.410305
-5.462745 -4.965869 -2.253108
-5.746150 -3.374909 -0.153076
-2.761851 -3.158034 -0.916587
-5.927242 -2.831432 -1.671996
-4.468108 -4.160501 -2.566740
-1.462120 -4.005050 -3.924596
-2.355696 -4.750064 -2.893327
-1.640093 -4.529316 -5.412008
-0.780862 -5.676280 -5.787656
-0.025899 -2.694455 -3.740471
-1.794241 -3.248742 -2.057765
1.284816 -6.284455 -4.422010
0.495648 -4.840395 -3.867299
-0.842016 -6.151050 -3.302896
-0.670603 -4.574362 -3.435286
-0.074842 -6.307028 -2.751443
-1.950006 -9.723018 -4.090119
2.300944 -8.085915 -5.639963
-1.252496 -8.855201 -3.241061
-2.077474 -6.000017 -5.204440
-0.615670 -3.970669 -2.633329
-1.082830 -4.285841 -2.772489
-1.452874 -4.739500 -2.887615
-1.523894 -4.031916 -3.014802
-0.392834 -5.327853 -3.329915
-0.906526 -4.137792 -3.649554
-0.267230 -4.051919 -3.201705
0.954482 -5.125607 -3.033112
1.836598 -3.889256 -3.745189
0.741490 -6.143071 -3.328880
-2.871617 -7.057491 -2.704734
0.506108 -5.222779 -3.344628
-1.277180 -6.902340 3.284103
2.275395 -7.482584 3.924329
3.669353 -5.448078 3.208576
8.181525 -5.970542 2.588399
1.547824 -3.770368 3.774213
0.975632 -2.541563 1.981595
1.457113 -2.871199 2.408247
2.051249 -5.017671 2.974061
0.450644 -5.436781 3.360016
0.763467 -5.308388 2.606447
3.923144 -3.561749 2.427619
4.343763 -3.725164 2.571478
6.164823 -4.341799 -0.004481
6.034167 -6.156836 -2.203680
4.784993 -3.193415 -1.857121
5.892375 -2.272495 0.503541
3.674212 -3.046435 0.627643
3.721492 -3.591284 -3.025328
9.980866 -6.469129 -6.501534
7.403701 -6.223678 -2.101436
6.267000 -7.780275 -1.376157
7.480929 -8.353762 -0.891789
5.252971 -3.048698 -3.087731
6.837801 -3.986742 -0.020125
3.047812 -2.473300 -0.315609
3.711416 -1.671636 -3.271242
1.895797 -2.930300 -4.817812
1.502704 -8.286149 -3.813214
2.656572 -10.458263 -4.822060
4.539279 -7.328614 4.005040
1.803312 -6.357834 5.620543
2.914798 -4.507489 3.178443
4.427118 -6.894799 2.507323
2.902211 -7.011726 2.597437
2.229167 -6.270504 2.727224
2.212487 -8.417179 5.163186
3.181767 -8.314284 2.991890
2.690639 -8.501612 4.303391
1.852663 -8.806314 2.011036
4.832528 -13.591616 1.977145
6.557590 -8.515090 0.583134
7.069805 -6.021121 -2.739771
2.136292 -4.276078 -3.091671
3.985612 -5.786144 -3.031975
0.256816 -3.346819 -2.743600
-0.683474 -6.157487 -2.597557
-2.661510 -2.375602 -3.025617
-2.701111 -3.459273 -3.407825
-3.355744 -2.591381 -1.426484
-3.346918 -3.265108 -1.552507
-7.116300 -3.198504 -4.020763
-5.469611 -4.278682 -4.421892
-5.342330 -5.966636 -1.210477
-5.605858 -4.463748 1.670631
-4.835017 -5.343072 1.698320
-4.923688 -8.480814 1.891129
-5.649062 -5.194761 4.231742
-4.237388 -5.132334 2.842524
-2.869370 -5.117026 2.464997
0.753947 -6.313333 2.517590
1.236331 -6.064173 3.437053
0.734468 -6.434171 3.412792
-0.445340 -5.496111 2.727009
0.679275 -6.232924 2.828985
-2.248337 -2.742458 3.120666
-7.271988 3.006034 6.949578
-6.759950 4.124716 2.640487
-5.390137 4.930642 2.620802
-6.608486 7.099889 3.120312
-9.687186 6.364414 8.343797
-12.502690 10.020537 1.271335
-17.667971 10.787951 10.448821
