13.492561 11.585826 14.590910
15.251236 7.130832 7.891746
13.019720 6.750064 14.109379
17.294151 16.401882 34.013557
15.888642 6.810082 19.118706
7.860551 6.446435 9.601667
10.991979 6.021949 9.719782
8.628495 6.876034 16.776928
10.445269 11.234314 19.546989
3.803603 11.530985 13.179570
3.810605 5.071648 13.256260
5.432800 9.551567 19.082657
10.428964 14.470164 13.784758
2.340828 19.580261 15.028791
4.071282 13.429796 11.397138
0.701868 5.701150 8.912896
1.941690 8.029107 4.688708
6.464173 4.292339 7.340085
1.147913 1.405640 9.996098
6.412665 2.816330 10.326638
-4.258063 -4.300427 11.494508
