-15.613216 1.199656 -19.134857
-13.550730 0.484733 -10.230130
-8.213306 -1.696258 -4.569562
-9.781863 4.562326 -9.735622
-1.746590 3.668680 -8.570567
5.503276 9.152499 -10.137719
3.613634 12.722084 -15.673924
2.929991 11.712736 -17.412235
4.786354 13.313400 -13.837980
-7.307067 12.660150 -19.571440
-7.181993 0.824184 -18.705732
-3.000302 3.098849 -18.458076
6.842747 10.337865 -17.684168
1.221481 7.790217 -6.001526
3.903224 10.247488 -14.190998
-1.315075 7.477306 -8.881307
-3.269006 4.918251 -7.083200
-4.281706 7.299268 -7.831598
-7.477122 11.726182 -10.073256
-3.458151 3.054650 -13.630949
3.066314 5.967113 -10.697762
-0.610905 10.492465 -11.326792
-5.194860 14.490930 -20.377996
-5.103856 2.587745 -7.853442
-5.676377 2.215553 -4.019926
-10.766761 4.525443 -9.898058
-4.090990 1.390916 -9.321816
-5.782217 0.574258 -14.899135
-10.873341 -1.801606 -13.386800
-9.892144 -2.324092 -6.363353
-6.948869 2.138377 -7.242251
-9.606913 0.722909 -10.641568
-16.840673 10.739117 -26.272430
-12.883211 7.113027 -11.879958
-8.621775 4.015905 -11.213716
-11.673110 0.410571 -10.432875
-9.311097 -5.064555 -5.014839
-6.562236 -5.463158 -7.423319
-20.692852 -10.795582 -14.149403
-15.708994 -12.480165 -12.827386
-10.875285 -9.521094 -24.515249
-9.071087 -10.628140 -11.858477
-10.663218 -10.774938 -13.130119
-15.139164 -5.357276 -18.406811
-16.287916 4.220503 -11.645048
-1.204508 1.296493 -7.081910
-4.654395 4.406995 -11.881176
-5.258267 2.177440 -13.066602
-6.331071 -4.385227 -15.452492
-18.168398 -1.469775 -9.098950
-22.209911 0.139477 -3.574044
-16.035185 -5.201862 -5.399536
-15.585854 -7.315641 -10.990586
-17.236549 -8.471593 -19.455683
-18.542543 -1.502094 -13.979720
-11.179545 -7.892430 -6.271695
-13.491803 -12.883088 -9.982443
-21.026331 -9.762741 -14.675933
-19.601271 -8.232632 -10.919358
-11.235814 -12.845608 -13.151859
-23.184296 3.887422 -19.617466
-12.422891 13.635758 -19.247772
-5.988084 5.337145 -8.332954
-0.135054 4.359384 -7.671702
-0.833398 5.689356 -16.153347
-19.757378 1.408413 -14.612503
-19.161329 1.427770 -19.184996
-26.258949 -6.331501 -18.667900
-21.903437 -9.997229 -15.803164
-13.682909 -9.743633 -9.254275
-19.506594 -7.957869 -9.823780
-15.807490 -12.070558 -19.828979
-13.909023 -13.675699 -30.768429
-24.130783 -15.565480 -29.810179
-12.494333 -9.636259 -24.791454
-13.886746 -0.163442 -7.380976
-12.264640 2.178655 -9.268312
-21.751490 3.704685 -11.753840
-16.050596 -3.421422 -8.955583
-19.543486 -6.512292 -15.592989
-18.865902 7.716962 -18.881916
-12.341808 15.413734 -19.467333
-8.711039 7.486364 -9.547377
-9.554976 9.135183 -12.516583
-6.787658 5.517871 -9.115313
-2.719365 5.228065 -7.261509
1.496731 6.732799 -7.544862
0.191424 6.865294 -9.291595
-0.809059 6.354990 -10.684892
-2.721686 1.991521 -9.315775
-9.740591 -3.081931 -13.674949
-7.168248 -5.951826 -13.401282
-1.100913 5.223475 -13.927867
-0.603817 0.324889 -8.845757
-2.059259 4.699427 -8.900434
-1.653382 3.885376 -6.385312
-3.263448 4.348166 -8.245346
-2.458476 4.868298 -8.702716
-1.409287 9.443248 -9.153833
-5.429902 5.802996 -4.767138
-3.014939 7.987803 -6.801800
-2.291266 1.147447 -7.206768
-2.486856 2.784925 -5.106452
-6.241405 2.233223 -4.539588
-8.465596 1.064023 -11.407990
-5.170632 -2.038530 -8.104523
-6.006231 -4.161084 -8.135478
-6.195732 -4.736164 -13.189959
-4.353382 -3.234572 -5.317352
-7.301087 6.338371 -18.268335
-1.114846 12.045543 -13.058781
-0.286890 8.249921 -16.303457
1.272750 7.435450 -8.056914
-2.587994 1.931419 -12.414515
-1.017018 0.087790 -10.431809
-3.382615 -1.431963 -15.428914
-0.368776 5.347628 -14.481492
0.253348 1.940077 -12.169510
-5.564753 3.633236 -11.482720
-5.851984 -0.499066 -6.633100
-9.858600 -4.120179 -14.995090
-2.335140 -0.925819 -12.898910
-2.673184 2.441932 -11.080258
-10.256119 5.450101 -6.968789
-10.521622 7.954839 -10.357569
1.606763 15.265590 2.693077
