-13.097416 12.049716 11.217646
-5.970159 11.654878 8.663458
-9.884597 7.084578 5.666497
-6.027030 8.983430 10.697186
-4.312316 5.993109 9.983044
-8.635237 6.205664 8.233470
-6.778206 6.429337 5.069665
-2.811297 1.201248 2.894306
-7.570115 4.855421 3.037269
-6.348308 0.754676 3.578462
-6.823830 1.591297 2.306478
-4.037252 1.515269 3.948348
-2.216384 0.861562 4.711585
-4.455219 4.556698 9.323361
1.089328 3.955960 7.183875
4.772778 5.114039 4.426412
6.733409 1.058071 2.941472
5.202198 -2.225769 3.629212
8.803942 -6.302149 3.794521
9.660933 -6.641387 6.120652
13.105993 -6.584881 6.337293
