5.233747 -3.006402 -19.784325
3.095289 -3.714102 -4.027256
4.755676 -3.765550 -4.791624
4.712175 -4.924129 -6.824889
4.064579 -7.268401 -7.623538
11.322872 -9.370285 -7.207906
5.957353 -6.697669 -5.894080
8.318613 -8.680610 -6.646991
3.792460 -6.778476 -6.010278
5.567456 -15.738599 -2.519385
3.735045 -12.468876 -2.603108
6.457078 -16.476105 -4.460614
8.510132 -16.760130 -5.119734
4.898989 -8.787190 1.617656
5.489662 -8.647506 1.402690
6.249657 -7.162246 1.531697
5.891133 -8.286722 2.353724
0.990896 -6.114395 3.776291
1.971486 -7.954050 14.132928
0.077831 -7.425172 16.798784
-5.346557 -12.644881 18.987123
