-15.193505 19.683859
-5.761607 11.472529
-4.321344 8.276049
-4.223668 6.936475
-4.232399 6.648807
-2.960736 7.353324
-0.876163 6.931449
-1.571738 1.008645
-2.437191 -1.469449
0.691288 -1.972396
3.575807 -2.069508
6.059556 -10.009732
7.814343 -11.275260
8.833307 -10.019099
8.956453 -8.943656
8.615623 -10.079366
8.238369 -8.792171
8.187078 -7.865020
8.186104 -8.308660
5.406437 -11.069850
8.071474 -9.292927
9.060719 -11.932817
5.691630 -8.339160
7.769734 -9.201475
7.945855 -9.974797
6.135366 -9.192690
5.864041 -7.316072
5.068182 -3.890640
4.539178 -5.814206
4.011471 -5.632321
4.559608 -5.816039
4.529624 -1.959701
9.564541 -1.806007
9.334443 -2.386368
10.258389 -2.481004
7.246231 -2.506209
8.843071 -0.909233
8.391257 -1.641572
7.954944 -2.592823
7.815937 -1.339114
4.457070 -3.727915
6.085434 -8.890285
8.901518 -8.136718
8.941952 -10.727287
3.609227 -7.350232
5.987644 -5.854336
2.410362 -7.088175
1.614527 -10.034863
9.211815 -8.799432
4.649062 -9.546495
4.910350 -6.203272
3.956829 -8.335612
5.524485 -4.825850
6.141105 -6.360889
5.741384 -4.774488
4.984823 -6.159061
6.772964 -9.197066
9.110072 -9.005004
7.581779 -9.199166
5.487175 -8.152221
11.970839 -4.813982
11.477177 -3.757630
13.079659 -5.351542
12.033397 -4.355143
12.040507 -2.938127
8.722284 -9.220658
4.089053 -7.862141
5.937171 -4.941622
5.555459 -3.789869
5.648558 -4.488791
5.743476 -3.233415
5.191566 -7.354827
7.439409 -10.536427
7.911746 -7.827638
7.080699 -9.917230
7.575990 -8.135793
5.441075 -8.987902
5.999257 -11.829037
8.212628 -9.286901
2.122758 -10.462800
4.217360 -5.133673
3.769004 -8.369396
6.319138 -2.075265
5.880288 -4.742929
4.977949 -7.211398
2.854508 -9.641540
7.507195 -8.408799
11.914244 -6.139207
12.583332 -4.491734
11.162355 -4.248958
11.898014 -5.022319
9.810200 3.297179
11.750020 -0.197992
11.574519 -1.087707
9.716898 -0.709269
10.096689 -0.128117
6.252961 -2.353006
4.187423 -4.960707
5.653555 -1.470980
8.321088 -1.651320
7.818380 -2.152782
6.489807 -0.577615
7.965406 -1.010246
6.983014 -1.128289
7.884356 -2.464319
4.977768 -2.712432
4.789526 -4.082381
5.362902 -6.806968
2.971564 -7.513379
4.856776 -7.389257
8.191019 -8.640074
6.865905 -8.013001
7.008327 -9.895272
6.413606 -11.001643
5.921088 -11.617067
9.839441 -15.609078
11.134183 -13.179943
13.386979 -16.820349
11.660541 -13.770528
13.098767 -13.089888
10.469308 -13.090563
8.409687 -13.621075
8.627258 -12.608282
7.610666 -13.218193
8.441200 -9.309673
7.688864 -7.924425
5.021848 -0.433003
10.825990 -2.551627
13.348942 -5.119942
13.287540 -7.459200
12.724127 -6.167188
11.811269 -4.924436
13.872345 -4.200619
15.165813 -9.895309
7.687841 -9.955210
9.265911 -11.505759
3.564511 -10.721909
4.313677 -11.896952
6.747331 -9.581573
9.080913 -9.128346
7.916234 -10.326846
8.846597 -11.648965
8.148701 -8.677541
6.634912 -8.661330
5.276087 -6.448040
7.285207 -7.987559
8.869167 -7.926384
8.316536 -8.961703
9.501309 -13.484007
11.577498 -16.641123
15.432478 -12.389386
16.310728 -10.647929
17.259760 -12.054247
14.305481 -6.677571
14.923810 -10.448005
7.994218 -10.841587
9.282417 -10.427178
6.663871 -11.270392
8.174101 -9.729768
6.376366 -8.359317
9.082246 -11.537146
8.252513 -10.960165
11.265142 -16.298418
17.228107 -11.059852
16.568722 -14.042583
15.834865 -7.916017
13.076413 -6.788521
8.594479 -2.309339
8.053006 -2.076867
5.721793 -0.778302
2.029985 -5.568823
2.574863 -6.490453
6.234582 -8.469054
4.399529 -8.300778
7.626478 -8.128817
7.499919 -8.205170
6.018255 -8.081594
7.895991 -10.108907
9.222669 -9.054205
6.218760 -8.046358
8.033212 -8.366359
3.915110 -8.331564
5.845432 -9.108569
5.655220 -5.981459
5.800193 -4.085004
6.348146 -1.265747
8.306813 0.586354
9.418610 -1.859306
8.514460 -1.690575
4.072176 0.256224
5.376323 -4.803823
3.538818 -6.270249
3.980589 -4.183779
4.051064 -7.955976
8.967572 -9.834059
9.339408 -12.319893
9.339157 -14.411631
11.346780 -13.496798
15.220472 -14.325245
15.958151 -11.933606
15.524872 -11.536016
13.966985 -16.128820
